============================================================
START EXPERIMENT 93
============================================================

N = 851
P = 23
Q = 37
X = 850
Y = 1

1. FULL FIRST-100 PATTERNS
------------------------------------------------------------
REPETITIONS = 1
COEFFICIENTS = [1, 850]
VALUES:
[1, 851, 1701, 2551, 3401, 4251, 5101, 5951, 6801, 7651, 8501, 9351, 10201, 11051, 11901, 12751, 13601, 14451, 15301, 16151, 17001, 17851, 18701, 19551, 20401, 21251, 22101, 22951, 23801, 24651, 25501, 26351, 27201, 28051, 28901, 29751, 30601, 31451, 32301, 33151, 34001, 34851, 35701, 36551, 37401, 38251, 39101, 39951, 40801, 41651, 42501, 43351, 44201, 45051, 45901, 46751, 47601, 48451, 49301, 50151, 51001, 51851, 52701, 53551, 54401, 55251, 56101, 56951, 57801, 58651, 59501, 60351, 61201, 62051, 62901, 63751, 64601, 65451, 66301, 67151, 68001, 68851, 69701, 70551, 71401, 72251, 73101, 73951, 74801, 75651, 76501, 77351, 78201, 79051, 79901, 80751, 81601, 82451, 83301, 84151]
GCD VALUES:
[1, 851, 1, 1, 1, 1, 1, 1, 1, 1, 1, 1, 1, 1, 1, 1, 1, 1, 1, 1, 1, 1, 1, 1, 23, 1, 1, 1, 1, 1, 1, 1, 1, 1, 1, 1, 1, 1, 37, 1, 1, 1, 1, 1, 1, 1, 1, 23, 1, 1, 1, 1, 1, 1, 1, 1, 1, 1, 1, 1, 1, 1, 1, 1, 1, 1, 1, 1, 1, 1, 23, 1, 1, 1, 1, 37, 1, 1, 1, 1, 1, 1, 1, 1, 1, 1, 1, 1, 1, 1, 1, 1, 1, 23, 1, 1, 1, 1, 1, 1]
GCD CLASSES:
['1', 'n', '1', '1', '1', '1', '1', '1', '1', '1', '1', '1', '1', '1', '1', '1', '1', '1', '1', '1', '1', '1', '1', '1', 'p', '1', '1', '1', '1', '1', '1', '1', '1', '1', '1', '1', '1', '1', 'q', '1', '1', '1', '1', '1', '1', '1', '1', 'p', '1', '1', '1', '1', '1', '1', '1', '1', '1', '1', '1', '1', '1', '1', '1', '1', '1', '1', '1', '1', '1', '1', 'p', '1', '1', '1', '1', 'q', '1', '1', '1', '1', '1', '1', '1', '1', '1', '1', '1', '1', '1', '1', '1', '1', '1', 'p', '1', '1', '1', '1', '1', '1']

REPETITIONS = 2
COEFFICIENTS = [1, 850, 1, 850]
VALUES:
[1, 851, 1702, 3404, 6807, 12761, 22116, 35722, 54429, 79087, 110546, 149656, 197267, 254229, 321392, 399606, 489721, 592587, 709054, 839972, 986191, 1148561, 1327932, 1525154, 1741077, 1976551, 2232426, 2509552, 2808779, 3130957, 3476936, 3847566, 4243697, 4666179, 5115862, 5593596, 6100231, 6636617, 7203604, 7802042, 8432781, 9096671, 9794562, 10527304, 11295747, 12100741, 12943136, 13823782, 14743529, 15703227, 16703726, 17745876, 18830527, 19958529, 21130732, 22347986, 23611141, 24921047, 26278554, 27684512, 29139771, 30645181, 32201592, 33809854, 35470817, 37185331, 38954246, 40778412, 42658679, 44595897, 46590916, 48644586, 50757757, 52931279, 55166002, 57462776, 59822451, 62245877, 64733904, 67287382, 69907161, 72594091, 75349022, 78172804, 81066287, 84030321, 87065756, 90173442, 93354229, 96608967, 99938506, 103343696, 106825387, 110384429, 114021672, 117737966, 121534161, 125411107, 129369654, 133410652]
GCD VALUES:
[1, 851, 851, 851, 1, 1, 1, 1, 1, 1, 1, 1, 1, 1, 1, 1, 1, 1, 1, 1, 1, 1, 1, 1, 23, 23, 23, 1, 1, 1, 1, 1, 1, 1, 1, 1, 1, 1, 37, 37, 37, 1, 1, 1, 1, 1, 1, 23, 23, 23, 1, 1, 1, 1, 1, 1, 1, 1, 1, 1, 1, 1, 1, 1, 1, 1, 1, 1, 1, 1, 23, 23, 23, 1, 1, 37, 37, 37, 1, 1, 1, 1, 1, 1, 1, 1, 1, 1, 1, 1, 1, 1, 1, 23, 23, 23, 1, 1, 1, 1]
GCD CLASSES:
['1', 'n', 'n', 'n', '1', '1', '1', '1', '1', '1', '1', '1', '1', '1', '1', '1', '1', '1', '1', '1', '1', '1', '1', '1', 'p', 'p', 'p', '1', '1', '1', '1', '1', '1', '1', '1', '1', '1', '1', 'q', 'q', 'q', '1', '1', '1', '1', '1', '1', 'p', 'p', 'p', '1', '1', '1', '1', '1', '1', '1', '1', '1', '1', '1', '1', '1', '1', '1', '1', '1', '1', '1', '1', 'p', 'p', 'p', '1', '1', 'q', 'q', 'q', '1', '1', '1', '1', '1', '1', '1', '1', '1', '1', '1', '1', '1', '1', '1', 'p', 'p', 'p', '1', '1', '1', '1']

REPETITIONS = 3
COEFFICIENTS = [1, 850, 1, 850, 1, 850]
VALUES:
[1, 851, 1702, 3404, 6808, 13616, 27231, 53607, 102099, 186313, 324956, 542686, 870962, 1348894, 2024093, 2953521, 4204341, 5854767, 7994914, 10727648, 14169436, 18451196, 23719147, 30135659, 37880103, 47149701, 58160376, 71147602, 86367254, 104096458, 124634441, 148303381, 175449257, 206442699, 241679838, 281583156, 326602336, 377215112, 433928119, 497277743, 567830971, 646186241, 732974292, 828859014, 934538298, 1050744886, 1178247221, 1317850297, 1470396509, 1636766503, 1817880026, 2014696776, 2228217252, 2459483604, 2709580483, 2979635891, 3270822031, 3584356157, 3921501424, 4283567738, 4671912606, 5087941986, 5533111137, 6008925469, 6516941393, 7058767171, 7636063766, 8250545692, 8903981864, 9598196448, 10335069711, 11116538871, 11944598947, 12821303609, 13748766028, 14729159726, 15764719426, 16857741902, 18010586829, 19225677633, 20505502341, 21852614431, 23269633682, 24759247024, 26324209388, 27967344556, 29691546011, 31499777787, 33395075319, 35380546293, 37459371496, 39634805666, 41910178342, 44288894714, 46774436473, 49370362661, 52080310521, 54907996347, 57857216334, 60931847428]
GCD VALUES:
[1, 851, 851, 851, 851, 851, 1, 1, 1, 1, 1, 1, 1, 1, 1, 1, 1, 1, 1, 1, 1, 1, 1, 1, 23, 23, 23, 23, 23, 1, 1, 1, 1, 1, 1, 1, 1, 1, 37, 37, 37, 37, 37, 1, 1, 1, 1, 23, 23, 23, 23, 23, 1, 1, 1, 1, 1, 1, 1, 1, 1, 1, 1, 1, 1, 1, 1, 1, 1, 1, 23, 23, 23, 23, 23, 37, 37, 37, 37, 37, 1, 1, 1, 1, 1, 1, 1, 1, 1, 1, 1, 1, 1, 23, 23, 23, 23, 23, 1, 1]
GCD CLASSES:
['1', 'n', 'n', 'n', 'n', 'n', '1', '1', '1', '1', '1', '1', '1', '1', '1', '1', '1', '1', '1', '1', '1', '1', '1', '1', 'p', 'p', 'p', 'p', 'p', '1', '1', '1', '1', '1', '1', '1', '1', '1', 'q', 'q', 'q', 'q', 'q', '1', '1', '1', '1', 'p', 'p', 'p', 'p', 'p', '1', '1', '1', '1', '1', '1', '1', '1', '1', '1', '1', '1', '1', '1', '1', '1', '1', '1', 'p', 'p', 'p', 'p', 'p', 'q', 'q', 'q', 'q', 'q', '1', '1', '1', '1', '1', '1', '1', '1', '1', '1', '1', '1', '1', 'p', 'p', 'p', 'p', 'p', '1', '1']

REPETITIONS = 4
COEFFICIENTS = [1, 850, 1, 850, 1, 850, 1, 850]
VALUES:
[1, 851, 1702, 3404, 6808, 13616, 27232, 54464, 108927, 216997, 427166, 823648, 1545086, 2809210, 4944296, 8428276, 13936349, 22397943, 35063878, 53584580, 80100196, 117343460, 168756160, 238620056, 332203099, 455921801, 617520606, 826269112, 1093177994, 1431234478, 1855658216, 2384178412, 3037333049, 3838791067, 4815698342, 5999048316, 7424078128, 9130691096, 11163906400, 13574336816, 16418695351, 19760331629, 23669798878, 28225452368, 33514080150, 39631566946, 46683592040, 54786362020, 64067379221, 74666246719, 86735510726, 100441541236, 115965451772, 133504059084, 153270883648, 175497191816, 200433080467, 228348605009, 259534951582, 294305654312, 332997858466, 375973630358, 423621314856, 476356941340, 534625678961, 598903342051, 669697946534, 747551318188, 833040753608, 926780734720, 1029424697696, 1141666857120, 1264244086255, 1397937854261, 1543576221214, 1702035891776, 1874244328366, 2061181924682, 2263884240424, 2483444298068, 2721014942541, 2977811264647, 3255113089094, 3554267527972, 3876691600532, 4223874920116, 4597382449088, 4998857322616, 5430023742155, 5892689939481, 6388751212126, 6920193031064, 7489094221498, 8097630217598, 8748076392040, 9442811461196, 10184320966825, 10975200835115, 11818161013926, 12716029189084]
GCD VALUES:
[1, 851, 851, 851, 851, 851, 851, 851, 1, 1, 1, 1, 1, 1, 1, 1, 1, 1, 1, 1, 1, 1, 1, 1, 23, 23, 23, 23, 23, 23, 23, 1, 1, 1, 1, 1, 1, 1, 37, 37, 37, 37, 37, 37, 37, 1, 1, 23, 23, 23, 23, 23, 23, 23, 1, 1, 1, 1, 1, 1, 1, 1, 1, 1, 1, 1, 1, 1, 1, 1, 23, 23, 23, 23, 23, 851, 851, 37, 37, 37, 37, 37, 1, 1, 1, 1, 1, 1, 1, 1, 1, 1, 1, 23, 23, 23, 23, 23, 23, 23]
GCD CLASSES:
['1', 'n', 'n', 'n', 'n', 'n', 'n', 'n', '1', '1', '1', '1', '1', '1', '1', '1', '1', '1', '1', '1', '1', '1', '1', '1', 'p', 'p', 'p', 'p', 'p', 'p', 'p', '1', '1', '1', '1', '1', '1', '1', 'q', 'q', 'q', 'q', 'q', 'q', 'q', '1', '1', 'p', 'p', 'p', 'p', 'p', 'p', 'p', '1', '1', '1', '1', '1', '1', '1', '1', '1', '1', '1', '1', '1', '1', '1', '1', 'p', 'p', 'p', 'p', 'p', 'n', 'n', 'q', 'q', 'q', 'q', 'q', '1', '1', '1', '1', '1', '1', '1', '1', '1', '1', '1', 'p', 'p', 'p', 'p', 'p', 'p', 'p']

REPETITIONS = 5
COEFFICIENTS = [1, 850, 1, 850, 1, 850, 1, 850, 1, 850]
VALUES:
[1, 851, 1702, 3404, 6808, 13616, 27232, 54464, 108928, 217856, 435711, 870563, 1732581, 3418247, 6648999, 12688961, 23673219, 43085753, 76434636, 132181462, 222992166, 367387450, 591882930, 933721870, 1444316970, 2193532126, 3274950381, 4812290437, 6967151099, 9948280873, 14022588641, 19528130887, 26889331349, 36634710223, 49417422146, 66038925136, 87476126468, 114912376116, 149772703892, 193763722764, 248918648036, 317647910124, 402795867563, 507704156631, 636282244577, 793085784891, 983403405355, 1213352592765, 1489985372215, 1821404513685, 2216891034376, 2687043801786, 3243932079922, 3901261899294, 4674557170438, 5581356500666, 6641426714542, 7876994120234, 9312994606393, 10977343697561, 12901227740311, 15119417437373, 17670604992901, 20597766178787, 23948548679529, 27775688121611, 32137453242654, 37098121705748, 42728488115376, 49106405843192, 56317364324616, 64455103540760, 73622267454600, 83931098225560, 95504173082775, 108475185794251, 122989774726941, 139206399551407, 157297268704239, 177449319781753, 199865255099691, 224764634715697, 252385029274244, 282983235097438, 316836554009726, 354244140449986, 395528418490778, 441036571451686, 491142106861682, 546246499594294, 606780916069061, 673208022483309, 746023880109683, 825759930767121, 912985075646057, 1008307850742591, 1112378702231165, 1225892365180935, 1349590349097530, 1484263533849240]
GCD VALUES:
[1, 851, 851, 851, 851, 851, 851, 851, 851, 851, 1, 1, 1, 1, 1, 1, 1, 1, 1, 1, 1, 1, 1, 1, 23, 23, 23, 23, 23, 23, 23, 23, 23, 1, 1, 1, 1, 1, 37, 37, 37, 37, 37, 37, 37, 37, 37, 23, 23, 23, 23, 23, 23, 23, 23, 23, 1, 1, 1, 1, 1, 1, 1, 1, 1, 1, 1, 1, 1, 1, 23, 23, 23, 23, 23, 851, 851, 851, 851, 37, 37, 37, 37, 37, 1, 1, 1, 1, 1, 1, 1, 1, 1, 23, 23, 23, 23, 23, 23, 23]
GCD CLASSES:
['1', 'n', 'n', 'n', 'n', 'n', 'n', 'n', 'n', 'n', '1', '1', '1', '1', '1', '1', '1', '1', '1', '1', '1', '1', '1', '1', 'p', 'p', 'p', 'p', 'p', 'p', 'p', 'p', 'p', '1', '1', '1', '1', '1', 'q', 'q', 'q', 'q', 'q', 'q', 'q', 'q', 'q', 'p', 'p', 'p', 'p', 'p', 'p', 'p', 'p', 'p', '1', '1', '1', '1', '1', '1', '1', '1', '1', '1', '1', '1', '1', '1', 'p', 'p', 'p', 'p', 'p', 'n', 'n', 'n', 'n', 'q', 'q', 'q', 'q', 'q', '1', '1', '1', '1', '1', '1', '1', '1', '1', 'p', 'p', 'p', 'p', 'p', 'p', 'p']

2. HIT-COUNT GROWTH
------------------------------------------------------------
REPETITIONS = 1
DEGREE = 1
COUNTS = {'1': 93, 'p': 4, 'q': 2, 'n': 1, '?': 0}
p POSITIONS = [25, 48, 71, 94]
q POSITIONS = [39, 76]
n POSITIONS = [2]

REPETITIONS = 2
DEGREE = 3
COUNTS = {'1': 79, 'p': 12, 'q': 6, 'n': 3, '?': 0}
p POSITIONS = [25, 26, 27, 48, 49, 50, 71, 72, 73, 94, 95, 96]
q POSITIONS = [39, 40, 41, 76, 77, 78]
n POSITIONS = [2, 3, 4]

REPETITIONS = 3
DEGREE = 5
COUNTS = {'1': 65, 'p': 20, 'q': 10, 'n': 5, '?': 0}
p POSITIONS = [25, 26, 27, 28, 29, 48, 49, 50, 51, 52, 71, 72, 73, 74, 75, 94, 95, 96, 97, 98]
q POSITIONS = [39, 40, 41, 42, 43, 76, 77, 78, 79, 80]
n POSITIONS = [2, 3, 4, 5, 6]

REPETITIONS = 4
DEGREE = 7
COUNTS = {'1': 53, 'p': 26, 'q': 12, 'n': 9, '?': 0}
p POSITIONS = [25, 26, 27, 28, 29, 30, 31, 48, 49, 50, 51, 52, 53, 54, 71, 72, 73, 74, 75, 94, 95, 96, 97, 98, 99, 100]
q POSITIONS = [39, 40, 41, 42, 43, 44, 45, 78, 79, 80, 81, 82]
n POSITIONS = [2, 3, 4, 5, 6, 7, 8, 76, 77]

REPETITIONS = 5
DEGREE = 9
COUNTS = {'1': 43, 'p': 30, 'q': 14, 'n': 13, '?': 0}
p POSITIONS = [25, 26, 27, 28, 29, 30, 31, 32, 33, 48, 49, 50, 51, 52, 53, 54, 55, 56, 71, 72, 73, 74, 75, 94, 95, 96, 97, 98, 99, 100]
q POSITIONS = [39, 40, 41, 42, 43, 44, 45, 46, 47, 80, 81, 82, 83, 84]
n POSITIONS = [2, 3, 4, 5, 6, 7, 8, 9, 10, 76, 77, 78, 79]

REPETITIONS = 6
DEGREE = 11
COUNTS = {'1': 35, 'p': 32, 'q': 14, 'n': 19, '?': 0}
p POSITIONS = [25, 26, 27, 28, 29, 30, 31, 32, 33, 34, 35, 50, 51, 52, 53, 54, 55, 56, 57, 58, 71, 72, 73, 74, 75, 94, 95, 96, 97, 98, 99, 100]
q POSITIONS = [39, 40, 41, 42, 43, 44, 45, 46, 47, 82, 83, 84, 85, 86]
n POSITIONS = [2, 3, 4, 5, 6, 7, 8, 9, 10, 11, 12, 48, 49, 76, 77, 78, 79, 80, 81]

REPETITIONS = 7
DEGREE = 13
COUNTS = {'1': 27, 'p': 34, 'q': 14, 'n': 25, '?': 0}
p POSITIONS = [25, 26, 27, 28, 29, 30, 31, 32, 33, 34, 35, 36, 37, 52, 53, 54, 55, 56, 57, 58, 59, 60, 71, 72, 73, 74, 75, 94, 95, 96, 97, 98, 99, 100]
q POSITIONS = [39, 40, 41, 42, 43, 44, 45, 46, 47, 84, 85, 86, 87, 88]
n POSITIONS = [2, 3, 4, 5, 6, 7, 8, 9, 10, 11, 12, 13, 14, 48, 49, 50, 51, 76, 77, 78, 79, 80, 81, 82, 83]

REPETITIONS = 8
DEGREE = 15
COUNTS = {'1': 20, 'p': 35, 'q': 13, 'n': 32, '?': 0}
p POSITIONS = [25, 26, 27, 28, 29, 30, 31, 32, 33, 34, 35, 36, 37, 38, 54, 55, 56, 57, 58, 59, 60, 61, 62, 71, 72, 73, 74, 75, 94, 95, 96, 97, 98, 99, 100]
q POSITIONS = [40, 41, 42, 43, 44, 45, 46, 47, 86, 87, 88, 89, 90]
n POSITIONS = [2, 3, 4, 5, 6, 7, 8, 9, 10, 11, 12, 13, 14, 15, 16, 39, 48, 49, 50, 51, 52, 53, 76, 77, 78, 79, 80, 81, 82, 83, 84, 85]

REPETITIONS = 9
DEGREE = 17
COUNTS = {'1': 14, 'p': 35, 'q': 11, 'n': 40, '?': 0}
p POSITIONS = [25, 26, 27, 28, 29, 30, 31, 32, 33, 34, 35, 36, 37, 38, 56, 57, 58, 59, 60, 61, 62, 63, 64, 71, 72, 73, 74, 75, 94, 95, 96, 97, 98, 99, 100]
q POSITIONS = [42, 43, 44, 45, 46, 47, 88, 89, 90, 91, 92]
n POSITIONS = [2, 3, 4, 5, 6, 7, 8, 9, 10, 11, 12, 13, 14, 15, 16, 17, 18, 39, 40, 41, 48, 49, 50, 51, 52, 53, 54, 55, 76, 77, 78, 79, 80, 81, 82, 83, 84, 85, 86, 87]

REPETITIONS = 10
DEGREE = 19
COUNTS = {'1': 9, 'p': 34, 'q': 8, 'n': 49, '?': 0}
p POSITIONS = [25, 26, 27, 28, 29, 30, 31, 32, 33, 34, 35, 36, 37, 38, 58, 59, 60, 61, 62, 63, 64, 65, 66, 71, 72, 73, 74, 75, 95, 96, 97, 98, 99, 100]
q POSITIONS = [44, 45, 46, 47, 90, 91, 92, 93]
n POSITIONS = [2, 3, 4, 5, 6, 7, 8, 9, 10, 11, 12, 13, 14, 15, 16, 17, 18, 19, 20, 39, 40, 41, 42, 43, 48, 49, 50, 51, 52, 53, 54, 55, 56, 57, 76, 77, 78, 79, 80, 81, 82, 83, 84, 85, 86, 87, 88, 89, 94]

3. FIRST HIT POSITIONS
------------------------------------------------------------
L= 1 p=[25, 48, 71, 94] q=[39, 76] n=[2]
L= 2 p=[25, 26, 27, 48, 49, 50, 71, 72, 73, 94, 95, 96] q=[39, 40, 41, 76, 77, 78] n=[2, 3, 4]
L= 3 p=[25, 26, 27, 28, 29, 48, 49, 50, 51, 52, 71, 72, 73, 74, 75, 94, 95, 96, 97, 98] q=[39, 40, 41, 42, 43, 76, 77, 78, 79, 80] n=[2, 3, 4, 5, 6]
L= 4 p=[25, 26, 27, 28, 29, 30, 31, 48, 49, 50, 51, 52, 53, 54, 71, 72, 73, 74, 75, 94, 95, 96, 97, 98, 99, 100] q=[39, 40, 41, 42, 43, 44, 45, 78, 79, 80, 81, 82] n=[2, 3, 4, 5, 6, 7, 8, 76, 77]
L= 5 p=[25, 26, 27, 28, 29, 30, 31, 32, 33, 48, 49, 50, 51, 52, 53, 54, 55, 56, 71, 72, 73, 74, 75, 94, 95, 96, 97, 98, 99, 100] q=[39, 40, 41, 42, 43, 44, 45, 46, 47, 80, 81, 82, 83, 84] n=[2, 3, 4, 5, 6, 7, 8, 9, 10, 76, 77, 78, 79]
L= 6 p=[25, 26, 27, 28, 29, 30, 31, 32, 33, 34, 35, 50, 51, 52, 53, 54, 55, 56, 57, 58, 71, 72, 73, 74, 75, 94, 95, 96, 97, 98, 99, 100] q=[39, 40, 41, 42, 43, 44, 45, 46, 47, 82, 83, 84, 85, 86] n=[2, 3, 4, 5, 6, 7, 8, 9, 10, 11, 12, 48, 49, 76, 77, 78, 79, 80, 81]
L= 7 p=[25, 26, 27, 28, 29, 30, 31, 32, 33, 34, 35, 36, 37, 52, 53, 54, 55, 56, 57, 58, 59, 60, 71, 72, 73, 74, 75, 94, 95, 96, 97, 98, 99, 100] q=[39, 40, 41, 42, 43, 44, 45, 46, 47, 84, 85, 86, 87, 88] n=[2, 3, 4, 5, 6, 7, 8, 9, 10, 11, 12, 13, 14, 48, 49, 50, 51, 76, 77, 78, 79, 80, 81, 82, 83]
L= 8 p=[25, 26, 27, 28, 29, 30, 31, 32, 33, 34, 35, 36, 37, 38, 54, 55, 56, 57, 58, 59, 60, 61, 62, 71, 72, 73, 74, 75, 94, 95, 96, 97, 98, 99, 100] q=[40, 41, 42, 43, 44, 45, 46, 47, 86, 87, 88, 89, 90] n=[2, 3, 4, 5, 6, 7, 8, 9, 10, 11, 12, 13, 14, 15, 16, 39, 48, 49, 50, 51, 52, 53, 76, 77, 78, 79, 80, 81, 82, 83, 84, 85]
L= 9 p=[25, 26, 27, 28, 29, 30, 31, 32, 33, 34, 35, 36, 37, 38, 56, 57, 58, 59, 60, 61, 62, 63, 64, 71, 72, 73, 74, 75, 94, 95, 96, 97, 98, 99, 100] q=[42, 43, 44, 45, 46, 47, 88, 89, 90, 91, 92] n=[2, 3, 4, 5, 6, 7, 8, 9, 10, 11, 12, 13, 14, 15, 16, 17, 18, 39, 40, 41, 48, 49, 50, 51, 52, 53, 54, 55, 76, 77, 78, 79, 80, 81, 82, 83, 84, 85, 86, 87]
L=10 p=[25, 26, 27, 28, 29, 30, 31, 32, 33, 34, 35, 36, 37, 38, 58, 59, 60, 61, 62, 63, 64, 65, 66, 71, 72, 73, 74, 75, 95, 96, 97, 98, 99, 100] q=[44, 45, 46, 47, 90, 91, 92, 93] n=[2, 3, 4, 5, 6, 7, 8, 9, 10, 11, 12, 13, 14, 15, 16, 17, 18, 19, 20, 39, 40, 41, 42, 43, 48, 49, 50, 51, 52, 53, 54, 55, 56, 57, 76, 77, 78, 79, 80, 81, 82, 83, 84, 85, 86, 87, 88, 89, 94]
L=11 p=[25, 26, 27, 28, 29, 30, 31, 32, 33, 34, 35, 36, 37, 38, 60, 61, 62, 63, 64, 65, 66, 67, 68, 71, 72, 73, 74, 75, 97, 98, 99, 100] q=[46, 47, 92, 93] n=[2, 3, 4, 5, 6, 7, 8, 9, 10, 11, 12, 13, 14, 15, 16, 17, 18, 19, 20, 21, 22, 39, 40, 41, 42, 43, 44, 45, 48, 49, 50, 51, 52, 53, 54, 55, 56, 57, 58, 59, 76, 77, 78, 79, 80, 81, 82, 83, 84, 85, 86, 87, 88, 89, 90, 91, 94, 95, 96]
L=12 p=[] q=[39, 40, 41, 42, 43, 44, 45, 46, 47, 48, 49, 50, 51, 52, 53, 54, 55, 56, 57, 58, 59, 60, 61, 76, 77, 78, 79, 80, 81, 82, 83, 84, 85, 86, 87, 88, 89, 90, 91, 92, 93, 94, 95, 96, 97, 98] n=[2, 3, 4, 5, 6, 7, 8, 9, 10, 11, 12, 13, 14, 15, 16, 17, 18, 19, 20, 21, 22, 23, 24]
L=13 p=[71, 72] q=[39, 40, 41, 42, 43, 44, 45, 46, 47, 50, 51, 52, 53, 54, 55, 56, 57, 58, 59, 60, 61, 62, 63, 76, 77, 78, 79, 80, 81, 82, 83, 84, 85, 86, 87, 88, 89, 90, 91, 92, 93, 96, 97, 98, 99, 100] n=[2, 3, 4, 5, 6, 7, 8, 9, 10, 11, 12, 13, 14, 15, 16, 17, 18, 19, 20, 21, 22, 23, 24, 25, 26, 48, 49, 94, 95]
L=14 p=[71, 72, 73, 74] q=[39, 40, 41, 42, 43, 44, 45, 46, 47, 52, 53, 54, 55, 56, 57, 58, 59, 60, 61, 62, 63, 64, 65, 76, 77, 78, 79, 80, 81, 82, 83, 84, 85, 86, 87, 88, 89, 90, 91, 92, 93, 98, 99, 100] n=[2, 3, 4, 5, 6, 7, 8, 9, 10, 11, 12, 13, 14, 15, 16, 17, 18, 19, 20, 21, 22, 23, 24, 25, 26, 27, 28, 48, 49, 50, 51, 94, 95, 96, 97]
L=15 p=[71, 72, 73, 74, 75] q=[39, 40, 41, 42, 43, 44, 45, 46, 47, 54, 55, 56, 57, 58, 59, 60, 61, 62, 63, 64, 65, 66, 67, 77, 78, 79, 80, 81, 82, 83, 84, 85, 86, 87, 88, 89, 90, 91, 92, 93, 100] n=[2, 3, 4, 5, 6, 7, 8, 9, 10, 11, 12, 13, 14, 15, 16, 17, 18, 19, 20, 21, 22, 23, 24, 25, 26, 27, 28, 29, 30, 48, 49, 50, 51, 52, 53, 76, 94, 95, 96, 97, 98, 99]

============================================================
FINISHED EXPERIMENT 93
============================================================
