==============================================================================
KAPPA EXPERIMENT 48
CYCLOTOMIC SIGNATURE VS RANDOM-PRIME MODULUS CONTROL
NO CSV OUTPUT
==============================================================================
random seed      = 20260814
targets          = 12
prime interval   = [2,000,000, 4,200,000)
R values         = [2, 3, 5, 7, 11, 13, 17, 19, 23, 29, 31, 37, 41, 43, 47]

==============================================================================
1. PRIME POPULATION
==============================================================================
prime population = 147,381
generation time  = 2.2424s

==============================================================================
2. TARGETS
==============================================================================
target  1: p=3318013 q=4042603 n=13413409307839
target  2: p=2129167 q=3402323 n=7244113854941
target  3: p=2224517 q=3978749 n=8850794789233
target  4: p=3685051 q=4020281 n=14814940519331
target  5: p=2399627 q=2452649 n=5885442761923
target  6: p=2593039 q=2996527 n=7770111375553
target  7: p=2149859 q=2772097 n=5959617684323
target  8: p=2060543 q=2514401 n=5181031379743
target  9: p=2675423 q=2883973 n=7715847695579
target 10: p=2828887 q=3960137 n=11202780077519
target 11: p=3497381 q=3793241 n=13266409001821
target 12: p=2193509 q=4011353 n=8798938907677

==============================================================================
3. CYCLOTOMIC PRIME-FACTOR FAMILY
==============================================================================
distinct non-exceptional cyclotomic prime factors:
[7, 13, 19, 31, 37, 61, 67, 79, 127, 307, 331, 631, 1723]

F(r) factorization:
r= 2 F(r)=    7 factors={7: 1}
r= 3 F(r)=   13 factors={13: 1}
r= 5 F(r)=   31 factors={31: 1}
r= 7 F(r)=   57 factors={3: 1, 19: 1}
r=11 F(r)=  133 factors={7: 1, 19: 1}
r=13 F(r)=  183 factors={3: 1, 61: 1}
r=17 F(r)=  307 factors={307: 1}
r=19 F(r)=  381 factors={3: 1, 127: 1}
r=23 F(r)=  553 factors={7: 1, 79: 1}
r=29 F(r)=  871 factors={13: 1, 67: 1}
r=31 F(r)=  993 factors={3: 1, 331: 1}
r=37 F(r)= 1407 factors={3: 1, 7: 1, 67: 1}
r=41 F(r)= 1723 factors={1723: 1}
r=43 F(r)= 1893 factors={3: 1, 631: 1}
r=47 F(r)= 2257 factors={37: 1, 61: 1}

==============================================================================
4. CONTROL PRIME FAMILY
==============================================================================
cyclotomic count = 13
control count    = 13

cyclotomic = [7, 13, 19, 31, 37, 61, 67, 79, 127, 307, 331, 631, 1723]
control    = [673, 1109, 2309, 2351, 4421, 4561, 4759, 6211, 7879, 7951, 8273, 8689, 9781]

==============================================================================
5. CUMULATIVE MODULUS STRUCTURE
==============================================================================

CYCLOTOMIC FAMILY
------------------------------------------------------------------------------
stage    added                M  bits           phi(M)        phi/M
    1        7                7     3                6     0.857143
    2       13               91     7               72     0.791209
    3       19            1,729    11            1,296     0.749566
    4       31           53,599    16           38,880     0.725387
    5       37        1,983,163    21        1,399,680     0.705782
    6       61      120,972,943    27       83,980,800     0.694211
    7       67    8,105,187,181    33    5,542,732,800      0.68385
    8       79  640,309,787,299    40  432,333,158,400     0.675194
    9      127 81,319,342,986,973    47 54,473,977,958,400     0.669877
   10      307 24,965,038,297,000,711    55 16,669,037,255,270,400     0.667695
   11      331 8,263,427,676,307,235,341    63 5,500,782,294,239,232,000     0.665678
   12      631 5,214,222,863,749,865,500,171    73 3,465,492,845,370,716,160,000     0.664623
   13     1723 8,984,105,994,241,018,256,794,633    83 5,967,578,679,728,373,227,520,000     0.664237

CONTROL FAMILY
------------------------------------------------------------------------------
stage    added                M  bits           phi(M)        phi/M
    1      673              673    10              672     0.998514
    2     1109          746,357    20          744,576     0.997614
    3     2309    1,723,338,313    31    1,718,481,408     0.997182
    4     2351 4,051,568,373,863    42 4,038,431,308,800     0.996758
    5     4421 17,911,983,780,848,323    54 17,849,866,384,896,000     0.996532
    6     4561 81,696,558,024,449,201,203    67 81,395,390,715,125,760,000     0.996314
    7     4759 388,793,919,638,353,748,525,077    79 387,279,269,022,568,366,080,000     0.996104
    8     6211 2,414,799,034,873,815,132,089,253,247    91 2,405,004,260,630,149,553,356,800,000     0.995944
    9     7879 19,026,201,595,770,789,425,731,226,333,113   104 18,946,623,565,244,318,181,344,870,400,000     0.995817
   10     7951 151,277,328,887,973,546,723,988,980,574,581,463   117 150,625,657,343,692,329,541,691,719,680,000,000     0.995692
   11     8273 1,251,517,341,890,205,152,047,560,836,293,512,443,399   130 1,245,975,437,547,022,949,968,873,905,192,960,000,000     0.995572
   12     8689 10,874,434,183,683,992,566,141,256,106,554,329,620,693,911   143 10,825,034,601,408,535,389,329,576,488,316,436,480,000,000     0.995457
   13     9781 106,362,840,750,613,131,289,427,625,978,207,898,020,007,143,491   157 105,868,838,401,775,476,107,643,258,055,734,748,774,400,000,000     0.995355

==============================================================================
6. SIGNATURE INDEX CONSTRUCTION
==============================================================================
cyclotomic stage= 1 M=                   7 phi(M)=                   6 signatures=       6 time=0.0796s
cyclotomic stage= 2 M=                  91 phi(M)=                  72 signatures=      72 time=0.0931s
cyclotomic stage= 3 M=               1,729 phi(M)=               1,296 signatures=   1,296 time=0.1083s
cyclotomic stage= 4 M=              53,599 phi(M)=              38,880 signatures=  38,597 time=0.1423s
cyclotomic stage= 5 M=           1,983,163 phi(M)=           1,399,680 signatures= 147,381 time=0.1609s
cyclotomic stage= 6 M=         120,972,943 phi(M)=          83,980,800 signatures= 147,381 time=0.1790s
cyclotomic stage= 7 M=       8,105,187,181 phi(M)=       5,542,732,800 signatures= 147,381 time=0.1925s
cyclotomic stage= 8 M=     640,309,787,299 phi(M)=     432,333,158,400 signatures= 147,381 time=0.2065s
cyclotomic stage= 9 M=  81,319,342,986,973 phi(M)=  54,473,977,958,400 signatures= 147,381 time=0.2265s
cyclotomic stage=10 M=24,965,038,297,000,711 phi(M)=16,669,037,255,270,400 signatures= 147,381 time=0.2459s
cyclotomic stage=11 M=8,263,427,676,307,235,341 phi(M)=5,500,782,294,239,232,000 signatures= 147,381 time=0.2618s
cyclotomic stage=12 M=5,214,222,863,749,865,500,171 phi(M)=3,465,492,845,370,716,160,000 signatures= 147,381 time=0.2789s
cyclotomic stage=13 M=8,984,105,994,241,018,256,794,633 phi(M)=5,967,578,679,728,373,227,520,000 signatures= 147,381 time=0.2978s
control     stage= 1 M=                 673 phi(M)=                 672 signatures=     672 time=0.0802s
control     stage= 2 M=             746,357 phi(M)=             744,576 signatures= 143,119 time=0.1110s
control     stage= 3 M=       1,723,338,313 phi(M)=       1,718,481,408 signatures= 147,381 time=0.1294s
control     stage= 4 M=   4,051,568,373,863 phi(M)=   4,038,431,308,800 signatures= 147,381 time=0.1492s
control     stage= 5 M=17,911,983,780,848,323 phi(M)=17,849,866,384,896,000 signatures= 147,381 time=0.1711s
control     stage= 6 M=81,696,558,024,449,201,203 phi(M)=81,395,390,715,125,760,000 signatures= 147,381 time=0.1933s
control     stage= 7 M=388,793,919,638,353,748,525,077 phi(M)=387,279,269,022,568,366,080,000 signatures= 147,381 time=0.2075s
control     stage= 8 M=2,414,799,034,873,815,132,089,253,247 phi(M)=2,405,004,260,630,149,553,356,800,000 signatures= 147,381 time=0.2344s
control     stage= 9 M=19,026,201,595,770,789,425,731,226,333,113 phi(M)=18,946,623,565,244,318,181,344,870,400,000 signatures= 147,381 time=0.2572s
control     stage=10 M=151,277,328,887,973,546,723,988,980,574,581,463 phi(M)=150,625,657,343,692,329,541,691,719,680,000,000 signatures= 147,381 time=0.2755s
control     stage=11 M=1,251,517,341,890,205,152,047,560,836,293,512,443,399 phi(M)=1,245,975,437,547,022,949,968,873,905,192,960,000,000 signatures= 147,381 time=0.2940s
control     stage=12 M=10,874,434,183,683,992,566,141,256,106,554,329,620,693,911 phi(M)=10,825,034,601,408,535,389,329,576,488,316,436,480,000,000 signatures= 147,381 time=0.3144s
control     stage=13 M=106,362,840,750,613,131,289,427,625,978,207,898,020,007,143,491 phi(M)=105,868,838,401,775,476,107,643,258,055,734,748,774,400,000,000 signatures= 147,381 time=0.3404s

==============================================================================
7. BASELINE PRIME ORDER
==============================================================================

==============================================================================
8. OBSERVED COMPATIBLE-PRIME DENSITY
==============================================================================

TARGET 1: n=13413409307839

stage      cyclo    cyclo frac         1/phi   cyclo ratio    control  control frac control ratio
------------------------------------------------------------------------------
    1    147,381             1      0.166667             6    147,381             1           672
    2    147,381             1     0.0138889            72     28,310      0.192087        143024
    3    147,381             1   0.000771605          1296         16   0.000108562        186562
    4    146,297      0.992645   2.57202e-05         38594          2   1.35703e-05   5.48026e+07
    5     15,726      0.106703   7.14449e-07        149350          2   1.35703e-05   2.42228e+11
    6        268    0.00181842   1.19075e-08        152712          2   1.35703e-05   1.10456e+15
    7          8   5.42811e-05   1.80416e-10        300866          2   1.35703e-05   5.25548e+18
    8          2   1.35703e-05   2.31303e-12   5.86688e+06          2   1.35703e-05   3.26366e+22
    9          2   1.35703e-05   1.83574e-14   7.39227e+08          2   1.35703e-05   2.57111e+26
   10          2   1.35703e-05   5.99915e-17   2.26203e+11          2   1.35703e-05   2.04403e+30
   11          2   1.35703e-05   1.81792e-19   7.46471e+13          2   1.35703e-05   1.69082e+34
   12          2   1.35703e-05   2.88559e-22   4.70277e+16          2   1.35703e-05   1.46899e+38
   13          2   1.35703e-05   1.67572e-25   8.09817e+19          2   1.35703e-05   1.43667e+42

TARGET 2: n=7244113854941

stage      cyclo    cyclo frac         1/phi   cyclo ratio    control  control frac control ratio
------------------------------------------------------------------------------
    1    147,381             1      0.166667             6    147,381             1           672
    2    147,381             1     0.0138889            72     28,193      0.191293        142432
    3    147,381             1   0.000771605          1296         16   0.000108562        186562
    4    146,266      0.992435   2.57202e-05       38585.9          2   1.35703e-05   5.48026e+07
    5     15,684      0.106418   7.14449e-07        148951          2   1.35703e-05   2.42228e+11
    6        234    0.00158772   1.19075e-08        133338          2   1.35703e-05   1.10456e+15
    7          2   1.35703e-05   1.80416e-10       75216.4          2   1.35703e-05   5.25548e+18
    8          2   1.35703e-05   2.31303e-12   5.86688e+06          2   1.35703e-05   3.26366e+22
    9          2   1.35703e-05   1.83574e-14   7.39227e+08          2   1.35703e-05   2.57111e+26
   10          2   1.35703e-05   5.99915e-17   2.26203e+11          2   1.35703e-05   2.04403e+30
   11          2   1.35703e-05   1.81792e-19   7.46471e+13          2   1.35703e-05   1.69082e+34
   12          2   1.35703e-05   2.88559e-22   4.70277e+16          2   1.35703e-05   1.46899e+38
   13          2   1.35703e-05   1.67572e-25   8.09817e+19          2   1.35703e-05   1.43667e+42

TARGET 3: n=8850794789233

stage      cyclo    cyclo frac         1/phi   cyclo ratio    control  control frac control ratio
------------------------------------------------------------------------------
    1    147,381             1      0.166667             6    147,381             1           672
    2    147,381             1     0.0138889            72     28,445      0.193003        143706
    3    147,381             1   0.000771605          1296         12   8.14216e-05        139922
    4    146,286       0.99257   2.57202e-05       38591.1          2   1.35703e-05   5.48026e+07
    5     15,472       0.10498   7.14449e-07        146938          2   1.35703e-05   2.42228e+11
    6        244    0.00165557   1.19075e-08        139036          2   1.35703e-05   1.10456e+15
    7          6   4.07108e-05   1.80416e-10        225649          2   1.35703e-05   5.25548e+18
    8          2   1.35703e-05   2.31303e-12   5.86688e+06          2   1.35703e-05   3.26366e+22
    9          2   1.35703e-05   1.83574e-14   7.39227e+08          2   1.35703e-05   2.57111e+26
   10          2   1.35703e-05   5.99915e-17   2.26203e+11          2   1.35703e-05   2.04403e+30
   11          2   1.35703e-05   1.81792e-19   7.46471e+13          2   1.35703e-05   1.69082e+34
   12          2   1.35703e-05   2.88559e-22   4.70277e+16          2   1.35703e-05   1.46899e+38
   13          2   1.35703e-05   1.67572e-25   8.09817e+19          2   1.35703e-05   1.43667e+42

TARGET 4: n=14814940519331

stage      cyclo    cyclo frac         1/phi   cyclo ratio    control  control frac control ratio
------------------------------------------------------------------------------
    1    147,381             1      0.166667             6    147,381             1           672
    2    147,381             1     0.0138889            72     28,167      0.191117        142301
    3    147,381             1   0.000771605          1296         14   9.49919e-05        163242
    4    146,256      0.992367   2.57202e-05       38583.2          2   1.35703e-05   5.48026e+07
    5     15,462      0.104912   7.14449e-07        146843          2   1.35703e-05   2.42228e+11
    6        278    0.00188627   1.19075e-08        158410          2   1.35703e-05   1.10456e+15
    7          4   2.71405e-05   1.80416e-10        150433          2   1.35703e-05   5.25548e+18
    8          2   1.35703e-05   2.31303e-12   5.86688e+06          2   1.35703e-05   3.26366e+22
    9          2   1.35703e-05   1.83574e-14   7.39227e+08          2   1.35703e-05   2.57111e+26
   10          2   1.35703e-05   5.99915e-17   2.26203e+11          2   1.35703e-05   2.04403e+30
   11          2   1.35703e-05   1.81792e-19   7.46471e+13          2   1.35703e-05   1.69082e+34
   12          2   1.35703e-05   2.88559e-22   4.70277e+16          2   1.35703e-05   1.46899e+38
   13          2   1.35703e-05   1.67572e-25   8.09817e+19          2   1.35703e-05   1.43667e+42

TARGET 5: n=5885442761923

stage      cyclo    cyclo frac         1/phi   cyclo ratio    control  control frac control ratio
------------------------------------------------------------------------------
    1    147,381             1      0.166667             6    147,381             1           672
    2    147,381             1     0.0138889            72     28,031      0.190194        141614
    3    147,381             1   0.000771605          1296         12   8.14216e-05        139922
    4    146,338      0.992923   2.57202e-05       38604.9          2   1.35703e-05   5.48026e+07
    5     15,524      0.105332   7.14449e-07        147432          2   1.35703e-05   2.42228e+11
    6        244    0.00165557   1.19075e-08        139036          2   1.35703e-05   1.10456e+15
    7          2   1.35703e-05   1.80416e-10       75216.4          2   1.35703e-05   5.25548e+18
    8          2   1.35703e-05   2.31303e-12   5.86688e+06          2   1.35703e-05   3.26366e+22
    9          2   1.35703e-05   1.83574e-14   7.39227e+08          2   1.35703e-05   2.57111e+26
   10          2   1.35703e-05   5.99915e-17   2.26203e+11          2   1.35703e-05   2.04403e+30
   11          2   1.35703e-05   1.81792e-19   7.46471e+13          2   1.35703e-05   1.69082e+34
   12          2   1.35703e-05   2.88559e-22   4.70277e+16          2   1.35703e-05   1.46899e+38
   13          2   1.35703e-05   1.67572e-25   8.09817e+19          2   1.35703e-05   1.43667e+42

TARGET 6: n=7770111375553

stage      cyclo    cyclo frac         1/phi   cyclo ratio    control  control frac control ratio
------------------------------------------------------------------------------
    1    147,381             1      0.166667             6    147,381             1           672
    2    147,381             1     0.0138889            72     28,508      0.193431        144024
    3    147,381             1   0.000771605          1296          8   5.42811e-05         93281
    4    146,304      0.992692   2.57202e-05       38595.9          2   1.35703e-05   5.48026e+07
    5     15,686      0.106432   7.14449e-07        148970          2   1.35703e-05   2.42228e+11
    6        236    0.00160129   1.19075e-08        134478          2   1.35703e-05   1.10456e+15
    7          6   4.07108e-05   1.80416e-10        225649          2   1.35703e-05   5.25548e+18
    8          2   1.35703e-05   2.31303e-12   5.86688e+06          2   1.35703e-05   3.26366e+22
    9          2   1.35703e-05   1.83574e-14   7.39227e+08          2   1.35703e-05   2.57111e+26
   10          2   1.35703e-05   5.99915e-17   2.26203e+11          2   1.35703e-05   2.04403e+30
   11          2   1.35703e-05   1.81792e-19   7.46471e+13          2   1.35703e-05   1.69082e+34
   12          2   1.35703e-05   2.88559e-22   4.70277e+16          2   1.35703e-05   1.46899e+38
   13          2   1.35703e-05   1.67572e-25   8.09817e+19          2   1.35703e-05   1.43667e+42

TARGET 7: n=5959617684323

stage      cyclo    cyclo frac         1/phi   cyclo ratio    control  control frac control ratio
------------------------------------------------------------------------------
    1    147,381             1      0.166667             6    147,381             1           672
    2    147,381             1     0.0138889            72     28,227      0.191524        142604
    3    147,381             1   0.000771605          1296         16   0.000108562        186562
    4    146,325      0.992835   2.57202e-05       38601.4          2   1.35703e-05   5.48026e+07
    5     15,584       0.10574   7.14449e-07        148002          2   1.35703e-05   2.42228e+11
    6        248    0.00168271   1.19075e-08        141316          2   1.35703e-05   1.10456e+15
    7          4   2.71405e-05   1.80416e-10        150433          2   1.35703e-05   5.25548e+18
    8          2   1.35703e-05   2.31303e-12   5.86688e+06          2   1.35703e-05   3.26366e+22
    9          2   1.35703e-05   1.83574e-14   7.39227e+08          2   1.35703e-05   2.57111e+26
   10          2   1.35703e-05   5.99915e-17   2.26203e+11          2   1.35703e-05   2.04403e+30
   11          2   1.35703e-05   1.81792e-19   7.46471e+13          2   1.35703e-05   1.69082e+34
   12          2   1.35703e-05   2.88559e-22   4.70277e+16          2   1.35703e-05   1.46899e+38
   13          2   1.35703e-05   1.67572e-25   8.09817e+19          2   1.35703e-05   1.43667e+42

TARGET 8: n=5181031379743

stage      cyclo    cyclo frac         1/phi   cyclo ratio    control  control frac control ratio
------------------------------------------------------------------------------
    1    147,381             1      0.166667             6    147,381             1           672
    2    147,381             1     0.0138889            72     28,716      0.194842        145075
    3    147,381             1   0.000771605          1296         20   0.000135703        233203
    4    146,304      0.992692   2.57202e-05       38595.9          2   1.35703e-05   5.48026e+07
    5     15,312      0.103894   7.14449e-07        145418          2   1.35703e-05   2.42228e+11
    6        264    0.00179128   1.19075e-08        150433          2   1.35703e-05   1.10456e+15
    7          6   4.07108e-05   1.80416e-10        225649          2   1.35703e-05   5.25548e+18
    8          2   1.35703e-05   2.31303e-12   5.86688e+06          2   1.35703e-05   3.26366e+22
    9          2   1.35703e-05   1.83574e-14   7.39227e+08          2   1.35703e-05   2.57111e+26
   10          2   1.35703e-05   5.99915e-17   2.26203e+11          2   1.35703e-05   2.04403e+30
   11          2   1.35703e-05   1.81792e-19   7.46471e+13          2   1.35703e-05   1.69082e+34
   12          2   1.35703e-05   2.88559e-22   4.70277e+16          2   1.35703e-05   1.46899e+38
   13          2   1.35703e-05   1.67572e-25   8.09817e+19          2   1.35703e-05   1.43667e+42

TARGET 9: n=7715847695579

stage      cyclo    cyclo frac         1/phi   cyclo ratio    control  control frac control ratio
------------------------------------------------------------------------------
    1    147,381             1      0.166667             6    147,381             1           672
    2    147,381             1     0.0138889            72     28,206      0.191382        142498
    3    147,381             1   0.000771605          1296         16   0.000108562        186562
    4    146,313      0.992753   2.57202e-05       38598.3          2   1.35703e-05   5.48026e+07
    5     15,844      0.107504   7.14449e-07        150471          2   1.35703e-05   2.42228e+11
    6        274    0.00185913   1.19075e-08        156131          2   1.35703e-05   1.10456e+15
    7          8   5.42811e-05   1.80416e-10        300866          2   1.35703e-05   5.25548e+18
    8          2   1.35703e-05   2.31303e-12   5.86688e+06          2   1.35703e-05   3.26366e+22
    9          2   1.35703e-05   1.83574e-14   7.39227e+08          2   1.35703e-05   2.57111e+26
   10          2   1.35703e-05   5.99915e-17   2.26203e+11          2   1.35703e-05   2.04403e+30
   11          2   1.35703e-05   1.81792e-19   7.46471e+13          2   1.35703e-05   1.69082e+34
   12          2   1.35703e-05   2.88559e-22   4.70277e+16          2   1.35703e-05   1.46899e+38
   13          2   1.35703e-05   1.67572e-25   8.09817e+19          2   1.35703e-05   1.43667e+42

TARGET 10: n=11202780077519

stage      cyclo    cyclo frac         1/phi   cyclo ratio    control  control frac control ratio
------------------------------------------------------------------------------
    1    147,381             1      0.166667             6    147,381             1           672
    2    147,381             1     0.0138889            72     28,482      0.193254        143892
    3    147,381             1   0.000771605          1296         10   6.78514e-05        116601
    4    146,325      0.992835   2.57202e-05       38601.4          2   1.35703e-05   5.48026e+07
    5     15,314      0.103908   7.14449e-07        145437          2   1.35703e-05   2.42228e+11
