====================================================================================================
MODULAR FACTOR-TRANSFORMATION / ACTUAL vs RANDOM CONTROL
====================================================================================================
M                = 111,546,435
2M               = 223,092,870
factor range     = 10,000 - 100,000
t range          = [-25, 25]
trials            = 300
random seed       = 1511464998

factor primes     = 8,363

====================================================================================================
ACTUAL SAMPLE
====================================================================================================
successful anchors = 300
generation attempts = 539

====================================================================================================
CONTROL SAMPLE
====================================================================================================
successful anchors = 300
generation attempts = 519

====================================================================================================
MODULAR TRANSFORMATION SUMMARY
====================================================================================================
  r    ACT N     ACT chi2    CTL N     CTL chi2
------------------------------------------------------------
  3      300       0.2133      300       6.4533
  5      300       1.6800      300       0.6133
  7      300       6.8800      300       3.4800
 11      300       7.0667      300       7.0000
 13      300      12.0000      300      12.4800
 17      300       5.4933      300      13.3867
 19      300      14.0400      300      20.6400
 23      300      16.2133      300      16.8000

====================================================================================================
u_r DISTRIBUTIONS
====================================================================================================

r = 3
 actual : 1:154 2:146 
 control: 1:172 2:128 

r = 5
 actual : 1:82 2:78 3:67 4:73 
 control: 1:73 2:71 3:80 4:76 

r = 7
 actual : 1:48 2:38 3:57 4:57 5:43 6:57 
 control: 1:43 2:52 3:54 4:55 5:42 6:54 

r = 11
 actual : 1:24 2:28 3:23 4:36 5:33 6:32 7:27 8:38 9:29 10:30 
 control: 1:31 2:33 3:26 4:39 5:27 6:28 7:33 8:23 9:34 10:26 

r = 13
 actual : 1:24 2:27 3:22 4:35 5:21 6:23 7:24 8:23 9:15 10:31 11:30 12:25 
 control: 1:26 2:29 3:19 4:27 5:31 6:27 7:15 8:18 9:23 10:24 11:31 12:30 

r = 17
 actual : 1:20 2:20 3:17 4:17 5:20 6:21 7:22 8:20 9:13 10:18 11:13 12:20 13:21 14:19 15:19 16:20 
 control: 1:18 2:17 3:19 4:27 5:20 6:14 7:19 8:25 9:19 10:10 11:16 12:23 13:17 14:20 15:16 16:20 

r = 19
 actual : 1:15 2:13 3:16 4:7 5:20 6:17 7:17 8:17 9:19 10:18 11:20 12:16 13:24 14:21 15:13 16:14 17:17 18:16 
 control: 1:18 2:16 3:20 4:24 5:23 6:19 7:19 8:17 9:8 10:13 11:13 12:22 13:10 14:13 15:20 16:15 17:18 18:12 

r = 23
 actual : 1:12 2:12 3:13 4:13 5:20 6:9 7:14 8:10 9:16 10:9 11:13 12:13 13:15 14:20 15:8 16:16 17:15 18:11 19:13 20:17 21:17 22:14 
 control: 1:18 2:8 3:14 4:15 5:15 6:13 7:19 8:13 9:13 10:12 11:12 12:15 13:12 14:16 15:5 16:12 17:16 18:13 19:19 20:15 21:15 22:10 

====================================================================================================
QUADRATIC RESIDUOSITY
====================================================================================================
  r    ACT +    ACT -    CTL +    CTL -
--------------------------------------------------
  3      154      146      172      128
  5      155      145      149      151
  7      143      157      150      150
 11      145      155      157      143
 13      152      148      149      151
 17      150      150      159      141
 19      146      154      157      143
 23      140      160      146      154

====================================================================================================
MULTIPLICATIVE ORDER DISTRIBUTIONS
====================================================================================================

r = 3
 actual : {1: 154, 2: 146}
 control: {1: 172, 2: 128}

r = 5
 actual : {1: 82, 2: 73, 4: 145}
 control: {1: 73, 2: 76, 4: 151}

r = 7
 actual : {1: 48, 2: 57, 3: 95, 6: 100}
 control: {1: 43, 2: 54, 3: 107, 6: 96}

r = 11
 actual : {1: 24, 2: 30, 5: 121, 10: 125}
 control: {1: 31, 2: 26, 5: 126, 10: 117}

r = 13
 actual : {1: 24, 2: 25, 3: 37, 4: 44, 6: 66, 12: 104}
 control: {1: 26, 2: 30, 3: 42, 4: 49, 6: 51, 12: 102}

r = 17
 actual : {1: 20, 2: 20, 4: 38, 8: 72, 16: 150}
 control: {1: 18, 2: 20, 4: 44, 8: 77, 16: 141}

r = 19
 actual : {1: 15, 2: 16, 3: 37, 6: 33, 9: 94, 18: 105}
 control: {1: 18, 2: 12, 3: 32, 6: 39, 9: 107, 18: 92}

r = 23
 actual : {1: 12, 2: 14, 11: 128, 22: 146}
 control: {1: 18, 2: 10, 11: 128, 22: 144}

====================================================================================================
t / MODULAR TRANSFORMATION CORRELATION
====================================================================================================
r= 3 actual_corr=+0.09993206 control_corr=+0.02678754
r= 5 actual_corr=+0.03095834 control_corr=-0.08604334
r= 7 actual_corr=-0.00103938 control_corr=-0.07477207
r=11 actual_corr=-0.01609771 control_corr=-0.03106665
r=13 actual_corr=+0.02601338 control_corr=-0.04051524
r=17 actual_corr=-0.01734133 control_corr=+0.06109320
r=19 actual_corr=-0.02952600 control_corr=-0.02003866
r=23 actual_corr=+0.02939280 control_corr=-0.01357803

====================================================================================================
t-CONDITIONED MEAN u_r
====================================================================================================

r = 3
   t   ACT N   ACT mean u   CTL N   CTL mean u
 -25       1     2.000000       1     1.000000
 -24       7     1.142857       4     1.250000
 -23       2     1.000000       3     1.333333
 -22       0          nan       6     1.333333
 -21       4     1.750000       9     1.666667
 -20       3     1.000000       1     1.000000
 -19       3     1.666667       2     1.000000
 -18       5     1.400000       6     1.166667
 -17       6     1.000000       2     1.500000
 -16       7     1.714286       3     1.000000
 -15       4     1.500000       6     1.666667
 -14       9     1.555556       6     1.666667
 -13       7     1.571429       6     1.333333
 -12       8     1.375000       8     1.250000
 -11       5     1.400000       8     1.375000
 -10       7     1.857143       9     1.555556
  -9       5     1.200000      12     1.416667
  -8       8     1.750000       4     1.250000
  -7      11     1.363636      10     1.400000
  -6       8     1.250000      11     1.545455
  -5      14     1.428571      10     1.300000
  -4       8     1.250000      10     1.500000
  -3      10     1.500000       8     1.125000
  -2       9     1.555556      11     1.181818
  -1      20     1.550000      25     1.680000
   1       7     1.428571      12     1.583333
   2      19     1.526316      15     1.600000
   3      13     1.461538      13     1.153846
   4       5     1.600000       6     1.333333
   5      12     1.500000       5     1.400000
   6       7     1.428571       5     1.400000
   7      10     1.600000       6     1.500000
   8       6     1.666667       7     1.714286
   9       6     1.500000       6     1.500000
  10       4     1.750000       6     1.333333
  11       3     1.666667       3     1.333333
  12       6     1.500000       6     1.166667
  13       3     1.000000       5     1.200000
  14       4     1.500000       8     1.750000
  15       5     1.200000       2     1.000000
  16       1     2.000000       1     2.000000
  17       5     1.600000       5     1.600000
  18       2     1.500000       1     2.000000
  19       2     1.500000       0          nan
  20       2     2.000000       2     1.500000
  21       2     2.000000       1     1.000000
  22       2     1.500000       1     1.000000
  23       2     1.500000       1     1.000000
  24       1     2.000000       1     1.000000
  25       0          nan       1     1.000000

r = 5
   t   ACT N   ACT mean u   CTL N   CTL mean u
 -25       1     3.000000       1     2.000000
 -24       7     2.428571       4     2.000000
 -23       2     1.500000       3     3.666667
 -22       0          nan       6     2.000000
 -21       4     1.500000       9     2.444444
 -20       3     2.333333       1     3.000000
 -19       3     1.000000       2     3.000000
 -18       5     2.600000       6     2.666667
 -17       6     2.333333       2     2.000000
 -16       7     2.714286       3     2.333333
 -15       4     2.750000       6     3.166667
 -14       9     2.444444       6     2.833333
 -13       7     2.714286       6     2.833333
 -12       8     2.000000       8     3.250000
 -11       5     1.400000       8     2.125000
 -10       7     3.285714       9     2.888889
  -9       5     3.000000      12     2.583333
  -8       8     2.125000       4     1.750000
  -7      11     3.272727      10     2.700000
  -6       8     2.625000      11     2.545455
  -5      14     2.142857      10     2.600000
  -4       8     2.125000      10     2.600000
  -3      10     2.600000       8     2.875000
  -2       9     3.444444      11     2.454545
  -1      20     2.350000      25     2.360000
   1       7     1.857143      12     2.583333
   2      19     2.473684      15     2.666667
   3      13     2.692308      13     2.384615
   4       5     2.200000       6     2.666667
   5      12     2.250000       5     3.000000
   6       7     2.142857       5     2.400000
   7      10     2.100000       6     2.000000
   8       6     2.000000       7     3.000000
   9       6     2.166667       6     3.000000
  10       4     3.000000       6     2.166667
  11       3     2.333333       3     3.000000
  12       6     3.333333       6     1.666667
  13       3     1.666667       5     2.400000
  14       4     2.250000       8     2.125000
  15       5     2.000000       2     2.000000
  16       1     2.000000       1     3.000000
  17       5     3.000000       5     2.200000
  18       2     2.500000       1     2.000000
  19       2     2.000000       0          nan
  20       2     1.500000       2     3.500000
  21       2     4.000000       1     1.000000
  22       2     2.500000       1     1.000000
  23       2     2.500000       1     1.000000
  24       1     4.000000       1     4.000000
  25       0          nan       1     1.000000

r = 7
   t   ACT N   ACT mean u   CTL N   CTL mean u
 -25       1     4.000000       1     5.000000
 -24       7     4.142857       4     4.250000
 -23       2     3.000000       3     5.333333
 -22       0          nan       6     4.000000
 -21       4     3.500000       9     4.333333
 -20       3     2.333333       1     4.000000
 -19       3     4.000000       2     4.500000
 -18       5     4.000000       6     4.000000
 -17       6     4.333333       2     4.000000
 -16       7     3.714286       3     4.666667
 -15       4     5.000000       6     3.833333
 -14       9     4.111111       6     3.500000
 -13       7     2.857143       6     2.666667
 -12       8     3.375000       8     3.875000
 -11       5     4.000000       8     2.625000
 -10       7     3.142857       9     4.000000
  -9       5     4.800000      12     3.250000
  -8       8     4.375000       4     3.750000
  -7      11     3.272727      10     3.200000
  -6       8     3.000000      11     2.909091
  -5      14     3.214286      10     2.500000
  -4       8     3.125000      10     3.000000
  -3      10     2.900000       8     5.125000
  -2       9     3.777778      11     3.818182
  -1      20     3.650000      25     3.840000
   1       7     3.142857      12     2.583333
   2      19     3.631579      15     4.066667
   3      13     3.076923      13     3.461538
   4       5     4.600000       6     3.166667
   5      12     3.333333       5     2.400000
   6       7     3.714286       5     3.800000
   7      10     3.500000       6     2.333333
   8       6     2.833333       7     3.000000
   9       6     4.000000       6     3.500000
  10       4     4.500000       6     2.000000
  11       3     3.000000       3     4.666667
  12       6     3.833333       6     3.166667
  13       3     2.666667       5     4.200000
  14       4     2.500000       8     4.000000
  15       5     4.000000       2     2.500000
  16       1     6.000000       1     1.000000
  17       5     4.400000       5     4.400000
  18       2     4.500000       1     4.000000
  19       2     3.500000       0          nan
  20       2     3.500000       2     5.000000
  21       2     5.000000       1     2.000000
  22       2     2.500000       1     3.000000
  23       2     4.500000       1     4.000000
  24       1     6.000000       1     6.000000
  25       0          nan       1     5.000000

r = 11
   t   ACT N   ACT mean u   CTL N   CTL mean u
 -25       1     5.000000       1     9.000000
 -24       7     7.142857       4     4.000000
 -23       2     8.500000       3     7.333333
 -22       0          nan       6     5.000000
 -21       4     6.500000       9     4.111111
 -20       3     6.666667       1    10.000000
 -19       3     6.333333       2     5.000000
 -18       5     2.600000       6     4.666667
 -17       6     6.666667       2     6.500000
 -16       7     4.428571       3     9.000000
 -15       4     5.250000       6     9.333333
 -14       9     6.111111       6     5.333333
 -13       7     4.285714       6     4.833333
 -12       8     5.625000       8     6.000000
 -11       5     4.200000       8     6.125000
 -10       7     6.571429       9     5.222222
  -9       5     4.400000      12     5.750000
  -8       8     6.375000       4     4.500000
  -7      11     5.454545      10     5.200000
  -6       8     6.625000      11     4.636364
  -5      14     6.142857      10     4.800000
  -4       8     6.125000      10     4.000000
  -3      10     3.900000       8     5.125000
  -2       9     5.888889      11     6.454545
  -1      20     5.500000      25     5.800000
   1       7     6.428571      12     5.583333
   2      19     4.947368      15     4.600000
   3      13     5.307692      13     2.461538
   4       5     7.600000       6     4.666667
   5      12     5.666667       5     5.800000
   6       7     7.857143       5     6.600000
   7      10     6.500000       6     7.333333
   8       6     6.833333       7     6.142857
   9       6     7.166667       6     3.000000
  10       4     6.250000       6     5.833333
  11       3     5.000000       3     7.333333
  12       6     4.666667       6     6.000000
  13       3     2.333333       5     5.400000
  14       4     4.500000       8     5.875000
  15       5     5.000000       2     8.500000
  16       1     3.000000       1    10.000000
  17       5     5.600000       5     5.800000
  18       2     4.500000       1     3.000000
  19       2     6.000000       0          nan
  20       2     6.000000       2     2.500000
  21       2     6.000000       1     5.000000
  22       2     7.500000       1     6.000000
  23       2     4.000000       1     1.000000
  24       1     7.000000       1     7.000000
  25       0          nan       1     4.000000

r = 13
   t   ACT N   ACT mean u   CTL N   CTL mean u
 -25       1    12.000000       1     4.000000
 -24       7     6.000000       4     8.250000
 -23       2    11.500000       3     9.333333
 -22       0          nan       6     8.833333
 -21       4     4.750000       9     6.333333
 -20       3     7.666667       1     3.000000
 -19       3     9.000000       2     6.500000
 -18       5     5.200000       6     8.000000
 -17       6     5.166667       2     8.000000
 -16       7     8.285714       3     4.666667
 -15       4     4.750000       6     5.666667
 -14       9     7.444444       6     6.500000
 -13       7     6.428571       6     6.333333
 -12       8     6.250000       8     5.625000
 -11       5     5.000000       8     6.875000
 -10       7     4.428571       9     6.000000
  -9       5     4.600000      12     7.000000
  -8       8     6.375000       4     7.750000
  -7      11     6.363636      10     9.200000
  -6       8     8.125000      11     3.636364
  -5      14     7.428571      10     6.300000
  -4       8     6.125000      10     9.800000
  -3      10     5.900000       8     5.625000
  -2       9     5.888889      11     5.545455
  -1      20     5.650000      25     7.040000
   1       7     6.000000      12     4.750000
   2      19     5.842105      15     4.666667
   3      13     7.153846      13     6.076923
   4       5     5.600000       6     4.666667
   5      12     7.083333       5     6.800000
   6       7     8.857143       5     4.600000
   7      10     6.000000       6     8.000000
   8       6     8.500000       7     7.142857
   9       6     6.333333       6     8.833333
  10       4     8.000000       6     7.000000
  11       3     9.000000       3     8.333333
  12       6     4.333333       6     8.166667
  13       3     9.000000       5     5.400000
  14       4     6.250000       8     7.125000
  15       5     6.400000       2     6.000000
  16       1     9.000000       1     1.000000
  17       5     7.200000       5     6.200000
  18       2     6.500000       1     6.000000
  19       2     8.500000       0          nan
  20       2     7.000000       2     5.000000
  21       2     3.000000       1    12.000000
  22       2     8.500000       1    11.000000
  23       2     7.500000       1     6.000000
  24       1     3.000000       1     4.000000
  25       0          nan       1     4.000000

r = 17
   t   ACT N   ACT mean u   CTL N   CTL mean u
 -25       1    14.000000       1     1.000000
 -24       7     9.714286       4     7.000000
 -23       2    10.000000       3     9.333333
 -22       0          nan       6     7.000000
 -21       4     6.000000       9     7.666667
 -20       3     9.666667       1     2.000000
 -19       3     3.666667       2     6.500000
 -18       5     9.600000       6     9.333333
 -17       6    11.500000       2     8.500000
 -16       7     9.285714       3    10.666667
 -15       4     9.000000       6     9.000000
 -14       9     6.666667       6    10.833333
 -13       7     9.285714       6     8.666667
 -12       8     7.250000       8     7.125000
 -11       5     8.400000       8     8.250000
 -10       7     5.857143       9     8.555556
  -9       5     8.000000      12     8.333333
  -8       8    12.250000       4     5.500000
  -7      11     8.000000      10     9.300000
  -6       8     9.875000      11     7.454545
  -5      14     6.928571      10    10.700000
  -4       8    10.250000      10    10.200000
  -3      10     7.100000       8    10.125000
  -2       9     7.444444      11     8.545455
  -1      20     8.450000      25     6.600000
   1       7     7.857143      12     7.166667
   2      19     9.105263      15     6.400000
   3      13     8.538462      13    10.000000
   4       5     5.400000       6     5.833333
   5      12     7.583333       5     9.600000
   6       7     9.571429       5     8.600000
   7      10    10.800000       6     9.333333
   8       6     8.666667       7     9.142857
   9       6     8.666667       6     7.166667
  10       4    10.000000       6     9.833333
  11       3    10.000000       3    12.666667
  12       6     8.666667       6    10.500000
  13       3     3.666667       5     7.400000
  14       4     9.250000       8     7.000000
  15       5     7.800000       2    12.000000
  16       1    14.000000       1    14.000000
  17       5     6.600000       5     6.200000
  18       2    14.500000       1    15.000000
  19       2     9.500000       0          nan
  20       2     5.000000       2    12.500000
  21       2     6.500000       1    13.000000
  22       2     6.500000       1    12.000000
  23       2    11.000000       1     9.000000
  24       1     4.000000       1     5.000000
  25       0          nan       1    11.000000

r = 19
   t   ACT N   ACT mean u   CTL N   CTL mean u
 -25       1     3.000000       1     5.000000
 -24       7     9.000000       4    10.750000
 -23       2    11.500000       3     9.000000
 -22       0          nan       6     6.833333
 -21       4    13.750000       9     9.111111
 -20       3    13.000000       1    18.000000
 -19       3     8.666667       2     5.000000
 -18       5    11.800000       6     8.500000
 -17       6    10.333333       2    13.500000
 -16       7    10.142857       3    10.666667
 -15       4     4.750000       6     8.333333
 -14       9    10.000000       6    11.500000
 -13       7     8.428571       6     9.833333
 -12       8     7.000000       8     7.125000
 -11       5     9.200000       8     9.250000
 -10       7     8.714286       9     7.111111
  -9       5    10.000000      12    10.000000
  -8       8     8.500000       4    12.500000
  -7      11    11.909091      10    10.000000
  -6       8     9.625000      11     9.818182
  -5      14    10.071429      10     7.500000
  -4       8     8.750000      10    10.600000
  -3      10     9.200000       8     9.125000
  -2       9    11.888889      11     7.909091
  -1      20    10.100000      25     9.160000
   1       7    10.714286      12     8.500000
   2      19    11.210526      15     7.333333
   3      13     8.000000      13     9.153846
   4       5    11.600000       6     8.333333
   5      12     9.166667       5    12.800000
   6       7    11.285714       5     7.400000
   7      10    11.300000       6    11.500000
   8       6    12.000000       7     7.000000
   9       6    10.833333       6     8.000000
  10       4    14.000000       6     4.833333
  11       3     5.666667       3    12.666667
  12       6    10.333333       6     9.666667
  13       3     9.000000       5     7.200000
  14       4     8.750000       8     7.875000
  15       5     7.600000       2    13.500000
  16       1    16.000000       1    12.000000
  17       5     5.800000       5     8.000000
  18       2     6.500000       1     2.000000
  19       2     6.000000       0          nan
  20       2    11.500000       2    11.500000
  21       2     7.000000       1     4.000000
  22       2     3.000000       1    12.000000
  23       2    12.500000       1     5.000000
  24       1     7.000000       1    15.000000
  25       0          nan       1    18.000000

r = 23
   t   ACT N   ACT mean u   CTL N   CTL mean u
 -25       1     8.000000       1    22.000000
 -24       7     9.571429       4    18.250000
 -23       2    11.500000       3    14.000000
 -22       0          nan       6    11.333333
 -21       4     6.000000       9     8.666667
 -20       3    15.000000       1     8.000000
 -19       3    16.666667       2     6.500000
 -18       5    11.200000       6    11.000000
 -17       6    11.500000       2     2.000000
 -16       7     9.571429       3     8.000000
 -15       4    14.250000       6    11.000000
 -14       9     7.666667       6    10.166667
 -13       7    11.000000       6    14.166667
 -12       8    14.125000       8     7.125000
 -11       5    15.200000       8    13.500000
 -10       7    12.714286       9     9.000000
  -9       5     9.000000      12    11.166667
  -8       8    10.625000       4    11.000000
  -7      11    12.272727      10    14.400000
  -6       8    10.500000      11    13.818182
  -5      14    13.000000      10    11.200000
  -4       8    10.375000      10    10.500000
  -3      10    14.100000       8    12.625000
  -2       9    14.000000      11    13.818182
  -1      20     8.850000      25    12.600000
   1       7    12.571429      12    12.000000
   2      19    16.157895      15    11.533333
   3      13    11.846154      13    11.230769
   4       5    15.800000       6     8.166667
   5      12    12.000000       5    11.800000
   6       7    12.428571       5     8.600000
   7      10    13.100000       6     8.166667
   8       6     3.833333       7    13.571429
   9       6    15.666667       6    12.000000
  10       4    13.000000       6     9.500000
  11       3     9.333333       3    14.666667
  12       6    14.333333       6    13.833333
  13       3     8.666667       5     9.000000
  14       4     6.500000       8     9.250000
  15       5    12.000000       2    13.500000
  16       1    15.000000       1     5.000000
  17       5    12.600000       5    10.000000
  18       2     8.500000       1    21.000000
  19       2    21.000000       0          nan
  20       2    11.000000       2    11.500000
  21       2    11.000000       1     7.000000
  22       2    11.000000       1     1.000000
  23       2     5.000000       1    12.000000
  24       1     2.000000       1     9.000000
  25       0          nan       1    21.000000

====================================================================================================
t DISTRIBUTION
====================================================================================================
   t   ACTUAL  CONTROL
------------------------------
 -25        1        1
 -24        7        4
 -23        2        3
 -22        0        6
 -21        4        9
 -20        3        1
 -19        3        2
 -18        5        6
 -17        6        2
 -16        7        3
 -15        4        6
 -14        9        6
 -13        7        6
 -12        8        8
 -11        5        8
 -10        7        9
  -9        5       12
  -8        8        4
  -7       11       10
  -6        8       11
  -5       14       10
  -4        8       10
  -3       10        8
  -2        9       11
  -1       20       25
   1        7       12
   2       19       15
   3       13       13
   4        5        6
   5       12        5
   6        7        5
   7       10        6
   8        6        7
   9        6        6
  10        4        6
  11        3        3
  12        6        6
  13        3        5
  14        4        8
  15        5        2
  16        1        1
  17        5        5
  18        2        1
  19        2        0
  20        2        2
  21        2        1
  22        2        1
  23        2        1
  24        1        1
  25        0        1

====================================================================================================
CORE MODULAR IDENTITY
====================================================================================================
(a / p) * (b / q) = 1 (mod r)
equivalently:
p*dq + q*dp + dp*dq = 0 (mod r)

actual modular identity failures  = 0
control modular identity failures = 0

====================================================================================================
GLOBAL NORMALIZED FACTOR TRANSFORMATIONS
====================================================================================================

ACTUAL
events     = 300
mean ndp   = +0.1563965434
mean ndq   = +0.1111770205

CONTROL
events     = 300
mean ndp   = +0.1441353550
mean ndq   = +0.0143422002

====================================================================================================
MODULAR SIGNATURE MATCH TEST
====================================================================================================

r=3
 actual normalized frequencies:
   u= 1: 0.51333333
   u= 2: 0.48666667
 control normalized frequencies:
   u= 1: 0.57333333
   u= 2: 0.42666667

r=5
 actual normalized frequencies:
   u= 1: 0.27333333
   u= 2: 0.26000000
   u= 3: 0.22333333
   u= 4: 0.24333333
 control normalized frequencies:
   u= 1: 0.24333333
   u= 2: 0.23666667
   u= 3: 0.26666667
   u= 4: 0.25333333

r=7
 actual normalized frequencies:
   u= 1: 0.16000000
   u= 2: 0.12666667
   u= 3: 0.19000000
   u= 4: 0.19000000
   u= 5: 0.14333333
   u= 6: 0.19000000
 control normalized frequencies:
   u= 1: 0.14333333
   u= 2: 0.17333333
   u= 3: 0.18000000
   u= 4: 0.18333333
   u= 5: 0.14000000
   u= 6: 0.18000000

r=11
 actual normalized frequencies:
   u= 1: 0.08000000
   u= 2: 0.09333333
   u= 3: 0.07666667
   u= 4: 0.12000000
   u= 5: 0.11000000
   u= 6: 0.10666667
   u= 7: 0.09000000
   u= 8: 0.12666667
   u= 9: 0.09666667
   u=10: 0.10000000
 control normalized frequencies:
   u= 1: 0.10333333
   u= 2: 0.11000000
   u= 3: 0.08666667
   u= 4: 0.13000000
   u= 5: 0.09000000
   u= 6: 0.09333333
   u= 7: 0.11000000
   u= 8: 0.07666667
   u= 9: 0.11333333
   u=10: 0.08666667

r=13
 actual normalized frequencies:
   u= 1: 0.08000000
   u= 2: 0.09000000
   u= 3: 0.07333333
   u= 4: 0.11666667
   u= 5: 0.07000000
   u= 6: 0.07666667
   u= 7: 0.08000000
   u= 8: 0.07666667
   u= 9: 0.05000000
   u=10: 0.10333333
   u=11: 0.10000000
   u=12: 0.08333333
 control normalized frequencies:
   u= 1: 0.08666667
   u= 2: 0.09666667
   u= 3: 0.06333333
   u= 4: 0.09000000
   u= 5: 0.10333333
   u= 6: 0.09000000
   u= 7: 0.05000000
   u= 8: 0.06000000
   u= 9: 0.07666667
   u=10: 0.08000000
   u=11: 0.10333333
   u=12: 0.10000000

r=17
 actual normalized frequencies:
   u= 1: 0.06666667
   u= 2: 0.06666667
   u= 3: 0.05666667
   u= 4: 0.05666667
   u= 5: 0.06666667
   u= 6: 0.07000000
   u= 7: 0.07333333
   u= 8: 0.06666667
   u= 9: 0.04333333
   u=10: 0.06000000
   u=11: 0.04333333
   u=12: 0.06666667
   u=13: 0.07000000
   u=14: 0.06333333
   u=15: 0.06333333
   u=16: 0.06666667
 control normalized frequencies:
   u= 1: 0.06000000
   u= 2: 0.05666667
   u= 3: 0.06333333
   u= 4: 0.09000000
   u= 5: 0.06666667
   u= 6: 0.04666667
   u= 7: 0.06333333
   u= 8: 0.08333333
   u= 9: 0.06333333
   u=10: 0.03333333
   u=11: 0.05333333
   u=12: 0.07666667
   u=13: 0.05666667
   u=14: 0.06666667
   u=15: 0.05333333
   u=16: 0.06666667

r=19
 actual normalized frequencies:
   u= 1: 0.05000000
   u= 2: 0.04333333
   u= 3: 0.05333333
   u= 4: 0.02333333
   u= 5: 0.06666667
   u= 6: 0.05666667
   u= 7: 0.05666667
   u= 8: 0.05666667
   u= 9: 0.06333333
   u=10: 0.06000000
   u=11: 0.06666667
   u=12: 0.05333333
   u=13: 0.08000000
   u=14: 0.07000000
   u=15: 0.04333333
   u=16: 0.04666667
   u=17: 0.05666667
   u=18: 0.05333333
 control normalized frequencies:
   u= 1: 0.06000000
   u= 2: 0.05333333
   u= 3: 0.06666667
   u= 4: 0.08000000
   u= 5: 0.07666667
   u= 6: 0.06333333
   u= 7: 0.06333333
   u= 8: 0.05666667
   u= 9: 0.02666667
   u=10: 0.04333333
   u=11: 0.04333333
   u=12: 0.07333333
   u=13: 0.03333333
   u=14: 0.04333333
   u=15: 0.06666667
   u=16: 0.05000000
   u=17: 0.06000000
   u=18: 0.04000000

r=23
 actual normalized frequencies:
   u= 1: 0.04000000
   u= 2: 0.04000000
   u= 3: 0.04333333
   u= 4: 0.04333333
   u= 5: 0.06666667
   u= 6: 0.03000000
   u= 7: 0.04666667
   u= 8: 0.03333333
   u= 9: 0.05333333
   u=10: 0.03000000
   u=11: 0.04333333
   u=12: 0.04333333
   u=13: 0.05000000
   u=14: 0.06666667
   u=15: 0.02666667
   u=16: 0.05333333
   u=17: 0.05000000
   u=18: 0.03666667
   u=19: 0.04333333
   u=20: 0.05666667
   u=21: 0.05666667
   u=22: 0.04666667
 control normalized frequencies:
   u= 1: 0.06000000
   u= 2: 0.02666667
   u= 3: 0.04666667
   u= 4: 0.05000000
   u= 5: 0.05000000
   u= 6: 0.04333333
   u= 7: 0.06333333
   u= 8: 0.04333333
   u= 9: 0.04333333
   u=10: 0.04000000
   u=11: 0.04000000
   u=12: 0.05000000
   u=13: 0.04000000
   u=14: 0.05333333
   u=15: 0.01666667
   u=16: 0.04000000
   u=17: 0.05333333
   u=18: 0.04333333
   u=19: 0.06333333
   u=20: 0.05000000
   u=21: 0.05000000
   u=22: 0.03333333

====================================================================================================
FINAL
====================================================================================================
Every event was generated from
    Nt = p*q + 2*M*t
and the shifted factorization
    Nt = a*b.

Therefore every valid event must satisfy, for every r | M:
    (a/p) * (b/q) = 1 (mod r).

The experiment now measures whether the individual modular
transformation u_r = a/p has any non-random structure.

Experiment complete.
