====================================================================================================
THREE-CLOSE-PRIME HYPERBOLA / RESIDUE-LIFT EXPERIMENT
====================================================================================================
M                         = 111,546,435
factor range              = 10,000 - 100,000
anchors                   = 300
modulus prime range       = 300 - 3,000
close ratio               = 20%
seed                      = 1,511,464,998

====================================================================================================
BUILDING PRIME POOLS
====================================================================================================
factor primes             = 8,363
modulus primes            = 368

====================================================================================================
BUILDING ANCHORS
====================================================================================================
actual anchors            = 300

====================================================================================================
SELECTING ANCHOR-SPECIFIC CLOSE TRIPLES
====================================================================================================
anchor  25/300
anchor  50/300
anchor  75/300
anchor 100/300
anchor 125/300
anchor 150/300
anchor 175/300
anchor 200/300
anchor 225/300
anchor 250/300
anchor 275/300
anchor 300/300

====================================================================================================
VALIDATING MODULUS SCALE
====================================================================================================
modulus validation failures = 0
unique modulus triples      = 300

====================================================================================================
RUNNING HYPERBOLA / RESIDUE-LIFT SEARCH
====================================================================================================
anchor  25/300
anchor  50/300
anchor  75/300
anchor 100/300
anchor 125/300
anchor 150/300
anchor 175/300
anchor 200/300
anchor 225/300
anchor 250/300
anchor 275/300
anchor 300/300

====================================================================================================
SUMMARY
====================================================================================================
anchors analyzed            = 300
average full (k,l) pairs    = 6,803.003
average hyperbola strips    = 110.123
average product cells       = 110.123
average residue states      = 118,013.303
average r2 survivors        = 117,173.250
average r3 survivors        = 1.723
average exact solutions     = 0.970

====================================================================================================
SEARCH REDUCTION
====================================================================================================
strip / full quotient       = 0.016187458
strip reduction              = 98.381254%
cells / strip               = 1.000000000
residue / cells             = 1071.646668886
r3 / cells                  = 0.015649121

====================================================================================================
ACTUAL INTEGER CANDIDATE WORK
====================================================================================================

The previous experiment scanned every integer p in every surviving
cell.

This experiment does NOT do that.

The important statistic is now:

    residue states

This counts modularly generated candidate states before exact
multiplication.

Compare:

    8,363 factor primes
    versus
    average residue states
    versus
    average r3 survivors.

factor-prime baseline      = 8,363
average residue states     = 118,013.303
average r3 survivors       = 1.723
residue / prime baseline  = 14.111359959
r3 / prime baseline       = 0.000206066

====================================================================================================
RECOVERY
====================================================================================================
correctly recovered        = 291/300
recovery rate              = 97.0000%

====================================================================================================
GAP STATISTICS
====================================================================================================
mean gap                    = 19,320.393
minimum gap                = 4
maximum gap                = 98,052
corr(gap, residue states)  = -0.000464
corr(gap, r3 survivors)    = 0.051397

====================================================================================================
STRONGEST RESIDUE-LIFT COLLAPSES
====================================================================================================
n=5,633,314,703 p=65,789 q=85,627 mods=(1433,1949,2017) R/n=0.9999998022 gap=1,114 strip=54 cells=54 residue=76,710 r2=75,880 r3=0 exact=0
n=565,730,597 p=10,223 q=55,339 mods=(683,853,971) R/n=0.9999523307 gap=26,968 strip=121 cells=121 residue=82,522 r2=80,674 r3=0 exact=0
n=4,066,328,251 p=44,983 q=90,397 mods=(1307,1741,1787) R/n=0.9999918890 gap=32,982 strip=80 cells=80 residue=103,842 r2=103,299 r3=0 exact=0
n=3,010,713,163 p=53,939 q=55,817 mods=(1163,1597,1621) R/n=0.9999960036 gap=12,032 strip=105 cells=105 residue=121,976 r2=121,626 r3=0 exact=0
n=3,362,322,763 p=46,099 q=72,937 mods=(1303,1489,1733) R/n=0.9999960289 gap=13,352 strip=97 cells=97 residue=125,964 r2=124,900 r3=0 exact=0
n=901,082,069 p=10,163 q=88,663 mods=(809,1019,1093) R/n=0.9999505417 gap=44,566 strip=174 cells=174 residue=140,592 r2=138,168 r3=0 exact=0
n=1,825,711,031 p=21,841 q=83,591 mods=(1087,1289,1303) R/n=0.9999881131 gap=21,702 strip=139 cells=139 residue=150,951 r2=150,613 r3=0 exact=0
n=999,330,463 p=26,863 q=37,201 mods=(827,1039,1163) R/n=0.9999807631 gap=19,224 strip=188 cells=188 residue=155,222 r2=152,032 r3=0 exact=0
n=1,258,572,647 p=13,619 q=92,413 mods=(929,1051,1289) R/n=0.9999840168 gap=20,116 strip=179 cells=179 residue=165,450 r2=164,678 r3=0 exact=0
n=141,281,213 p=10,159 q=13,907 mods=(431,547,599) R/n=0.9995557088 gap=62,770 strip=15 cells=15 residue=6,450 r2=6,144 r3=1 exact=1
n=9,381,451,279 p=96,221 q=97,499 mods=(1693,2351,2357) R/n=0.9999980250 gap=18,528 strip=8 cells=8 residue=11,957 r2=11,089 r3=1 exact=1
n=9,247,231,703 p=93,811 q=98,573 mods=(1877,1997,2467) R/n=0.9999994182 gap=5,380 strip=9 cells=9 residue=15,527 r2=13,802 r3=1 exact=1
n=194,241,613 p=10,799 q=17,987 mods=(541,569,631) R/n=0.9999922056 gap=1,514 strip=33 cells=33 residue=17,820 r2=17,494 r3=1 exact=1
n=204,092,881 p=11,353 q=17,977 mods=(503,631,643) R/n=0.9999550107 gap=9,182 strip=38 cells=38 residue=19,076 r2=18,574 r3=1 exact=1
n=8,447,527,909 p=88,007 q=95,987 mods=(1733,2137,2281) R/n=0.9999970870 gap=24,608 strip=17 cells=17 residue=28,418 r2=28,350 r3=1 exact=1
n=7,922,536,997 p=83,639 q=94,723 mods=(1669,1997,2377) R/n=0.9999984051 gap=12,636 strip=24 cells=24 residue=39,754 r2=38,237 r3=1 exact=1
n=6,658,253,729 p=69,911 q=95,239 mods=(1523,2069,2113) R/n=0.9999989640 gap=6,898 strip=39 cells=39 residue=58,841 r2=57,175 r3=1 exact=1
n=469,098,139 p=10,007 q=46,877 mods=(709,751,881) R/n=0.9999962481 gap=1,760 strip=97 cells=97 residue=68,676 r2=67,496 r3=1 exact=1
n=509,866,657 p=10,007 q=50,951 mods=(659,853,907) R/n=0.9999657401 gap=17,468 strip=107 cells=107 residue=70,406 r2=68,558 r3=1 exact=1
n=6,309,770,449 p=70,921 q=88,969 mods=(1619,1871,2083) R/n=0.9999915873 gap=53,082 strip=44 cells=44 residue=70,438 r2=68,878 r3=1 exact=1

====================================================================================================
WEAKEST RESIDUE-LIFT COLLAPSES
====================================================================================================
n=1,075,129,381 p=20,963 q=51,287 mods=(983,997,1097) R/n=0.9999875048 gap=13,434 strip=180 cells=180 residue=176,495 r2=176,411 r3=2 exact=1
n=1,259,843,083 p=15,823 q=79,621 mods=(1061,1063,1117) R/n=0.9999663037 gap=42,452 strip=167 cells=167 residue=176,226 r2=175,245 r3=2 exact=1
n=1,098,260,699 p=13,451 q=81,649 mods=(947,977,1187) R/n=0.9999765575 gap=25,746 strip=186 cells=186 residue=175,575 r2=174,976 r3=2 exact=1
n=1,162,581,157 p=33,191 q=35,027 mods=(967,983,1223) R/n=0.9999612466 gap=45,054 strip=182 cells=182 residue=175,245 r2=174,996 r3=2 exact=1
n=1,180,665,221 p=21,503 q=54,907 mods=(1039,1063,1069) R/n=0.9999994173 gap=688 strip=169 cells=169 residue=174,640 r2=173,681 r3=2 exact=1
n=1,170,570,949 p=20,327 q=57,587 mods=(1019,1051,1093) R/n=0.9999984350 gap=1,832 strip=172 cells=172 residue=174,216 r2=173,353 r3=2 exact=1
n=1,081,842,781 p=12,011 q=90,071 mods=(911,971,1223) R/n=0.9999997985 gap=218 strip=190 cells=190 residue=172,691 r2=172,691 r3=2 exact=1
n=1,167,586,913 p=28,597 q=40,829 mods=(971,1013,1187) R/n=0.9999773790 gap=26,412 strip=178 cells=178 residue=172,648 r2=172,405 r3=2 exact=1
n=1,094,212,747 p=17,851 q=61,297 mods=(971,1031,1093) R/n=0.9999914514 gap=9,354 strip=178 cells=178 residue=172,648 r2=172,648 r3=2 exact=1
n=1,300,292,267 p=24,767 q=52,501 mods=(1063,1103,1109) R/n=0.9999984880 gap=1,966 strip=162 cells=162 residue=171,060 r2=170,728 r3=2 exact=1
n=1,108,375,223 p=22,129 q=50,087 mods=(919,991,1217) R/n=0.9999837329 gap=18,030 strip=186 cells=186 residue=170,578 r2=170,560 r3=2 exact=1
n=1,286,476,427 p=15,581 q=82,567 mods=(1019,1069,1181) R/n=0.9999998943 gap=136 strip=168 cells=168 residue=170,144 r2=169,709 r3=2 exact=1
n=1,342,634,927 p=28,627 q=46,901 mods=(1049,1093,1171) R/n=0.9999875767 gap=16,680 strip=163 cells=163 residue=170,121 r2=169,610 r3=2 exact=1
n=1,323,097,613 p=28,099 q=47,087 mods=(1013,1061,1231) R/n=0.9999792683 gap=27,430 strip=168 cells=168 residue=169,730 r2=168,985 r3=2 exact=1
n=1,467,088,307 p=24,197 q=60,631 mods=(1087,1109,1217) R/n=0.9999894376 gap=15,496 strip=156 cells=156 residue=169,413 r2=168,518 r3=2 exact=1
n=1,347,523,519 p=30,293 q=44,483 mods=(1019,1069,1237) R/n=0.9999660028 gap=45,812 strip=167 cells=167 residue=169,126 r2=168,691 r3=2 exact=1
n=1,483,714,811 p=15,541 q=95,471 mods=(1063,1093,1277) R/n=0.9999859353 gap=20,868 strip=160 cells=160 residue=168,936 r2=167,886 r3=2 exact=1
n=1,500,471,139 p=25,471 q=58,909 mods=(1093,1117,1229) R/n=0.9999944084 gap=8,390 strip=155 cells=155 residue=168,705 r2=168,200 r3=2 exact=1
n=1,211,717,963 p=33,343 q=36,341 mods=(967,1061,1181) R/n=0.9999774568 gap=27,316 strip=175 cells=175 residue=168,483 r2=167,784 r3=2 exact=1
n=1,388,994,667 p=36,677 q=37,871 mods=(1033,1087,1237) R/n=0.9999976674 gap=3,240 strip=163 cells=163 residue=168,016 r2=168,016 r3=2 exact=1

====================================================================================================
ANCHOR RESULTS
====================================================================================================
 ID       p       q    r1    r2    r3        R/n   STRIP    CELL     RES    R3 EXACT
----------------------------------------------------------------------------------------------------
  1  14,821  45,491   809   853   977  0.9999750     135     135 109,080     2     1
  2  92,987  97,673  1669  2213  2459  0.9999989      10      10  16,541     2     1
  3  30,293  44,483  1019  1069  1237  0.9999660     167     167 169,126     2     1
  4  67,819  83,417  1451  1933  2017  0.9999982      53      53  76,732     2     1
  5  11,161  77,591   839   971  1063  1.0000000     170     170 142,460     1     1
  6  61,583  92,893  1553  1867  1973  0.9999978      52      52  79,760     1     1
  7  61,603  92,893  1597  1879  1907  0.9999943      51      51  80,786     2     1
  8  70,607  95,773  1597  1987  2131  0.9999894      37      37  58,442     2     1
  9  18,121  83,233  1087  1129  1229  0.9999946     154     154 167,241     2     1
 10  51,853  70,459  1277  1549  1847  0.9999973      92      92 116,510     2     1
 11  12,401  17,569   557   599   653  0.9999803      42      42  23,352     2     1
 12  59,219  89,527  1601  1613  2053  0.9999990      59      59  92,676     2     1
 13  49,549  78,317  1499  1597  1621  0.9999968      80      80 119,408     2     1
 14  46,831  55,901  1187  1381  1597  0.9999915     117     117 136,974     1     1
 15  38,861  38,959  1009  1213  1237  0.9999998     155     155 155,341     2     1
 16  25,057  98,479  1217  1409  1439  0.9999762     116     116 140,046     1     1
 17  54,101  98,893  1433  1879  1987  1.0000000      58      58  82,747     1     1
 18  13,451  81,649   947   977  1187  0.9999766     186     186 175,575     2     1
 19  51,797  82,153  1453  1637  1789  0.9999922      76      76 109,840     2     1
 20  13,913  26,393   641   691   829  0.9999564      79      79  50,560     2     1
 21  52,387  65,353  1429  1489  1609  0.9999860      92      92 131,318     2     1
 22  32,141  63,211  1153  1289  1367  0.9999970     132     132 151,754     1     1
 23  17,393  98,899  1009  1193  1429  0.9999941     152     152 152,317     1     1
 24  67,493  69,911  1361  1777  1951  0.9999967      70      70  94,487     1     1
 25  20,327  57,587  1019  1051  1093  0.9999984     172     172 174,216     2     1
 26  75,553  83,443  1523  1879  2203  0.9999990      45      45  67,973     2     1
 27  44,021  64,969  1223  1481  1579  0.9999944     107     107 130,469     1     1
 28  49,139  63,617  1237  1559  1621  0.9999985     100     100 123,404     1     1
 29  34,327  76,651  1171  1423  1579  0.9999776     116     116 135,015     1     1
 30  11,897  33,049   673   733   797  0.9999576      84      84  56,448     2     1
 31  53,939  55,817  1163  1597  1621  0.9999960     105     105 121,976     0     0
 32  84,299  99,347  1747  2087  2297  0.9999981      18      18  30,103     2     1
 33  17,093  99,611  1097  1193  1301  0.9999972     146     146 159,093     2     1
 34  25,747  39,227   877  1031  1117  0.9999993     187     187 162,958     1     1
 35  61,129  98,729  1583  1879  2029  0.9999947      47      47  73,043     2     1
 36  46,103  60,271  1249  1427  1559  0.9999884     110     110 136,112     2     1
 37  12,497  47,791   719   859   967  0.9999923     128     128  91,904     2     1
 38  69,911  95,239  1523  2069  2113  0.9999990      39      39  58,841     1     1
 39  38,713  51,203  1151  1231  1399  0.9999974     135     135 155,114     2     1
 40  14,821  32,411   661   823   883  0.9999817     100     100  66,000     2     1
 41  51,197  92,369  1433  1709  1931  0.9999995      68      68  97,067     1     1
 42  42,227  43,411  1097  1171  1427  0.9999942     146     146 159,093     2     1
 43  25,013  46,819   863  1097  1237  0.9999982     184     184 158,501     1     1
 44  36,677  37,871  1033  1087  1237  0.9999977     163     163 168,016     2     1
 45  30,517  30,977   937   971  1039  0.9999843     174     174 162,864     2     1
 46  16,607  65,843   941  1069  1087  0.9999910     179     179 167,574     2     1
 47  15,803  69,029   829  1103  1193  0.9999985     189     189 156,184     2     1
 48  16,619  86,311  1009  1091  1303  0.9999754     164     164 164,413     2     1
 49  96,221  97,499  1693  2351  2357  0.9999980       8       8  11,957     1     1
 50  22,171  89,513  1069  1327  1399  0.9999884     137     137 145,346     2     1
 51  15,959  16,931   593   673   677  0.9999313      54      54  31,968     2     1
 52  23,549  55,163   941  1163  1187  0.9999993     168     168 157,234     2     1
 53  55,373  81,931  1409  1627  1979  0.9999955      73      73 102,708     2     1
 54  14,867  99,349  1039  1091  1303  0.9999951     161     161 166,336     2     1
 55  35,729  51,199  1013  1321  1367  0.9999964     143     143 144,430     2     1
 56  55,291  66,383  1409  1607  1621  0.9999967      85      85 119,604     2     1
 57  24,877  96,731  1187  1367  1483  0.9999924     121     121 142,612     2     1
 58  22,567  31,277   811   919   947  0.9999710     137     137 110,970     2     1
 59  21,193  22,679   683   751   937  0.9999629     105     105  71,610     2     1
 60  79,111  93,553  1811  1907  2143  0.9999925      30      30  52,885     2     1
 61  12,941  96,461   881  1151  1231  0.9999763     176     176 154,447     1     1
 62  29,567  47,123   929  1151  1303  0.9999891     168     168 155,573     1     1
 63  56,477  57,713  1289  1423  1777  0.9999999     101     101 129,006     2     1
 64  46,441  91,753  1489  1523  1879  0.9999990      78      78 113,562     2     1
 65  13,619  92,413   929  1051  1289  0.9999840     179     179 165,450     0     0
 66  57,329  97,373  1571  1753  2027  0.9999975      55      55  85,264     2     1
 67  47,713  53,591  1223  1433  1459  0.9999985     114     114 138,738     2     1
 68  35,423  83,227  1259  1483  1579  0.9999987     105     105 131,371     1     1
 69  62,921  67,579  1399  1609  1889  0.9999962      78      78 108,317     2     1
 70  56,671  95,483  1567  1669  2069  0.9999974      57      57  88,975     1     1
 71  51,869  82,997  1489  1627  1777  0.9999986      75      75 110,349     2     1
 72  62,971  82,009  1559  1601  2069  0.9999904      62      62  95,262     2     1
 73  66,523  74,149  1511  1601  2039  0.9999906      67      67  99,934     2     1
 74  17,477  48,649   811  1009  1039  0.9999695     162     162 131,220     2     1
 75  15,541  95,471  1063  1093  1277  0.9999859     160     160 168,936     2     1
 76  54,083  79,039  1483  1613  1787  0.9999951      75      75 110,307     2     1
 77  54,829  56,957  1321  1453  1627  0.9999967     100     100 131,605     2     1
 78  19,603  96,517  1087  1193  1459  0.9999975     143     143 155,292     2     1
 79  14,251  65,129   883   967  1087  0.9999930     174     174 153,468     2     1
 80  10,799  17,987   541   569   631  0.9999922      33      33  17,820     1     1
 81  27,689  91,733  1093  1483  1567  0.9999941     119     119 129,393     1     1
 82  33,191  35,027   967   983  1223  0.9999612     182     182 175,245     2     1
 83  49,207  61,409  1297  1483  1571  0.9999963     102     102 131,027     2     1
 84  56,179  66,377  1511  1559  1583  0.9999997      84      84 125,604     2     1
 85  66,457  71,429  1567  1699  1783  0.9999964      65      65 101,216     2     1
 86  38,821  46,807  1087  1279  1307  0.9999957     140     140 152,037     2     1
 87  70,877  73,613  1601  1627  2003  1.0000000      60      60  95,138     2     1
 88  29,663  77,477  1117  1303  1579  0.9999812     129     129 143,435     2     1
 89  51,133  76,081  1499  1601  1621  0.9999965      80      80 119,408     1     1
 90  10,223  55,339   683   853   971  0.9999523     121     121  82,522     0     0
 91  65,789  85,627  1433  1949  2017  0.9999998      54      54  76,710     0     0
 92  35,597  48,353   971  1237  1433  0.9999961     153     153 148,386     2     1
 93  16,573  17,029   619   643   709  0.9999023      55      55  33,990     2     1
 94  48,527  84,443  1433  1579  1811  0.9999992      80      80 113,942     2     1
 95  27,239  93,529  1213  1283  1637  0.9999970     120     120 144,762     2     1
 96  11,149  62,053   773   887  1009  0.9999898     143     143 110,396     1     1
 97  21,841  83,591  1087  1289  1303  0.9999881     139     139 150,951     0     0
 98  10,687  79,319   887   911  1049  0.9999642     161     161 142,646     2     1
 99  42,397  78,049  1301  1571  1619  0.9999951      94      94 122,024     1     1
100  31,489  40,973   953  1039  1303  0.9999913     176     176 167,488     2     1
101  20,963  51,287   983   997  1097  0.9999875     180     180 176,495     2     1
102  18,671  51,197   809  1009  1171  0.9999643     187     187 151,096     2     1
103  15,581  82,567  1019  1069  1181  0.9999999     168     168 170,144     2     1
104  52,567  83,719  1459  1607  1877  0.9999959      74      74 107,222     2     1
105  35,899  38,603   971  1097  1301  0.9999994     168     168 162,948     2     1
106  55,631  95,191  1597  1811  1831  0.9999976      56      56  88,766     2     1
107  25,471  58,909  1093  1117  1229  0.9999944     155     155 168,705     2     1
108  23,473  23,833   661   911   929  0.9999729     117     117  77,220     1     1
109  18,253  35,759   751   877   991  0.9999852     132     132  99,000     2     1
110  30,809  77,359  1201  1303  1523  0.9999974     123     123 146,717     2     1
111  26,161  54,631   941  1171  1297  0.9999839     165     165 154,414     2     1
112  64,037  92,009  1471  1951  2053  0.9999945      49      49  72,003     1     1
113  38,873  42,953  1109  1223  1231  0.9999413     144     144 158,634     2     1
114  55,903  82,207  1409  1801  1811  0.9999983      69      69  97,114     2     1
115  42,697  99,787  1471  1619  1789  0.9999966      75      75 110,223     2     1
116  17,971  36,007   727   911   977  0.9999728     135     135  98,010     2     1
117  95,923  99,131  1879  2129  2377  0.9999986       6       6   9,803     2     1
118  40,487  85,049  1283  1531  1753  0.9999976      95      95 121,717     2     1
119  47,981  69,427  1321  1579  1597  0.9999820      93      93 122,365     1     1
120  42,641  45,959  1013  1301  1487  0.9999994     141     141 142,406     2     1
121  77,213  96,851  1931  1949  1987  0.9999941      27      27  51,699     2     1
122  65,557  96,827  1511  2011  2089  0.9999987      43      43  63,694     2     1
123  55,079  55,829  1223  1553  1619  0.9999974     102     102 124,359     1     1
124  40,529  60,889  1181  1409  1483  0.9999938     118     118 138,856     2     1
125  59,119  68,683  1553  1607  1627  0.9999967      76      76 117,008     2     1
126  50,423  74,017  1259  1657  1789  0.9999964      89      89 111,243     2     1
127  26,641  34,231   881   947  1093  0.9999446     173     173 152,240     2     1
128  79,537  92,357  1597  2029  2267  0.9999988      31      31  48,866     2     1
129  26,863  37,201   827  1039  1163  0.9999808     188     188 155,222     0     0
130  70,921  88,969  1619  1871  2083  0.9999916      44      44  70,438     1     1
131  46,757  74,279  1327  1493  1753  0.9999999      93      93 122,467     2     1
132  53,507  85,447  1433  1637  1949  0.9999984      73      73 103,918     2     1
133  27,997  72,889  1063  1291  1487  0.9999931     138     138 145,572     2     1
134  55,217  75,217  1453  1531  1867  0.9999915      79      79 114,452     2     1
135  72,719  76,753  1487  1889  1987  0.9999943      54      54  79,129     2     1
136  16,063  45,137   823   911   967  0.9999662     140     140 115,080     2     1
137  33,997  94,811  1381  1447  1613  0.9999937      97      97 133,048     2     1
138  11,353  17,977   503   631   643  0.9999550      38      38  19,076     1     1
139  14,197  31,513   683   719   911  0.9999577      98      98  66,836     2     1
140  10,163  88,663   809  1019  1093  0.9999505     174     174 140,592     0     0
141  40,241  45,659  1019  1319  1367  0.9999823     143     143 144,694     2     1
142  41,117  54,907  1181  1289  1483  0.9999881     126     126 148,296     2     1
143  44,959  76,943  1439  1483  1621  0.9999982      90      90 128,691     2     1
144  52,453  67,049  1399  1459  1723  0.9999900      91      91 126,491     2     1
145  83,639  94,723  1669  1997  2377  0.9999984      24      24  39,754     1     1
146  18,661  83,023   977  1217  1303  0.9999913     158     158 153,578     2     1
147  56,773  67,213  1453  1493  1759  0.9999911      84      84 121,712     2     1
148  33,713  67,931  1153  1367  1453  0.9999955     125     125 143,690     2     1
149  88,007  95,987  1733  2137  2281  0.9999971      17      17  28,418     1     1
150  43,487  71,993  1291  1453  1669  0.9999965     101     101 129,593     1     1
151  65,993  71,341  1429  1759  1873  0.9999972      68      68  97,046     2     1
152  37,277  75,767  1229  1439  1597  0.9999921     110     110 134,303     1     1
153  59,467  83,269  1483  1667  2003  0.9999961      65      65  95,487     1     1
154  27,809  41,513   937  1103  1117  0.9999972     175     175 163,542     2     1
155  33,563  93,371  1423  1481  1487  0.9999957      95      95 134,058     2     1
156  15,823  79,621  1061  1063  1117  0.9999663     167     167 176,226     2     1
157  23,339  96,269  1049  1399  1531  0.9999993     130     130 135,537     1     1
158  39,979  53,773  1151  1307  1429  0.9999699     129     129 148,214     2     1
159  32,531  82,613  1249  1447  1487  0.9999911     111     111 137,360     2     1
160  16,447  47,791   769  1009  1013  0.9999865     152     152 116,736     2     1
161  21,317  49,367   857  1009  1217  0.9999994     194     194 165,796     1     1
162  22,129  50,087   919   991  1217  0.9999837     186     186 170,578     2     1
163  20,771  41,399   839   977  1049  0.9999649     168     168 140,784     2     1
164  37,987  73,037  1327  1433  1459  0.9999873     106     106 139,705     1     1
165  36,467  44,701  1093  1129  1321  0.9999992     152     152 165,429     2     1
166  28,597  40,829   971  1013  1187  0.9999774     178     178 172,648     2     1
167  13,177  70,729   859   941  1153  0.9999955     183     183 157,014     2     1
168  50,647  72,101  1399  1489  1753  0.9999984      89      89 123,695     2     1
169  63,559  66,541  1451  1543  1889  0.9999975      77      77 111,532     2     1
170  22,921  29,401   733   941   977  0.9999827     137     137 100,284     2     1
171  43,481  90,281  1451  1583  1709  0.9999873      81      81 117,214     2     1
172  17,209  19,867   631   733   739  0.9997464      72      72  45,360     2     1
173  38,699  77,347  1223  1523  1607  0.9999977     104     104 126,803     2     1
174  26,683  59,453   947  1213  1381  0.9999909     159     159 150,033     1     1
175  12,157  27,809   601   743   757  0.9998788      71      71  42,600     2     1
176  39,703  90,659  1307  1571  1753  0.9999987      91      91 117,570     2     1
177  42,293  55,313  1123  1399  1489  0.9999919     125     125 139,181     2     1
178  26,891  81,553  1223  1229  1459  0.9999695     129     129 157,068     2     1
179  43,063  90,697  1511  1579  1637  0.9999956      81      81 121,074     2     1
180  14,891  39,079   743   827   947  0.9999470     120     120  89,040     2     1
181  78,101  93,427  1823  1873  2137  0.9999999      30      30  54,132     2     1
182  22,643  31,319   797   863  1031  0.9999676     144     144 114,624     2     1
183  59,233  99,767  1481  1901  2099  0.9999976      50      50  73,293     2     1
184  19,013  21,841   719   751   769  0.9999355      85      85  61,030     2     1
185  33,889  50,333  1061  1217  1321  0.9999936     147     147 155,026     2     1
186  12,149  29,077   587   733   821  0.9999887      75      75  43,950     2     1
187  62,563  73,951  1361  1777  1913  0.9999975      71      71  95,847     2     1
188  21,283  24,043   733   787   887  0.9999558     107     107  78,324     2     1
189  36,109  67,927  1231  1283  1553  0.9999960     121     121 147,889     2     1
190  67,807  83,003  1567  1741  2063  0.9999970      54      54  84,277     1     1
191  10,781  20,899   557   577   701  0.9999182      44      44  24,464     2     1
192  63,211  80,779  1579  1721  1879  0.9999969      61      61  95,203     1     1
193  90,997  94,477  1759  2179  2243  0.9999981      15      15  25,846     2     1
194  93,811  98,573  1877  1997  2467  0.9999994       9       9  15,527     1     1
195  30,203  45,247   911  1153  1301  0.9999657     170     170 154,491     2     1
196  44,851  95,203  1619  1621  1627  0.9999877      71      71 114,501     2     1
197  16,231  21,787   613   733   787  0.9999919      74      74  45,288     2     1
198  21,599  37,049   857   859  1087  0.9999848     161     161 137,816     2     1
199  37,889  82,469  1367  1493  1531  0.9999992      98      98 132,711     2     1
200  28,627  46,901  1049  1093  1171  0.9999876     163     163 170,121     2     1
201  33,997  46,691  1019  1181  1319  0.9999887     155     155 156,910     2     1
202  64,271  72,797  1459  1601  2003  0.9999978      70      70 101,390     2     1
203  27,527  54,497  1061  1123  1259  0.9999756     157     157 165,626     2     1
204  13,259  67,579   853   911  1153  0.9999406     180     180 153,360     2     1
205  63,841  72,649  1489  1663  1873  0.9999894      70      70 102,909     2     1
206  11,497  99,371   839  1153  1181  0.9999930     184     184 153,513     1     1
207  47,111  97,327  1571  1601  1823  0.9999966      69      69 107,787     2     1
208  11,717  72,019   883   911  1049  0.9999794     161     161 142,002     2     1
209  28,513  84,131  1117  1367  1571  0.9999975     125     125 138,971     1     1
210  62,563  99,929  1483  1997  2111  0.9999962      45      45  65,847     2     1
211  11,839  75,329   823  1033  1049  0.9999964     167     167 137,274     1     1
212  22,391  68,111   983  1213  1279  0.9999865     157     157 153,909     2     1
213  58,367  97,463  1669  1747  1951  0.9999985      51      51  84,790     2     1
214  26,591  32,647   809  1021  1051  0.9999978     166     166 134,128     1     1
215  91,801  94,351  1667  2113  2459  0.9999993      16      16  26,618     2     1
216  39,097  46,867  1109  1153  1433  0.9999918     146     146 160,850     2     1
217  29,429  67,619  1213  1259  1303  0.9999694     131     131 158,094     2     1
218  46,451  56,081  1217  1373  1559  0.9999917     116     116 139,036     2     1
219  49,393  77,081  1427  1493  1787  0.9999898      86      86 121,320     2     1
220  44,983  90,397  1307  1741  1787  0.9999919      80      80 103,842     0     0
221  58,099  86,467  1559  1667  1933  0.9999874      62      62  95,262     2     1
222  29,147  33,317   857  1009  1123  0.9999816     186     186 159,216     1     1
223  24,197  60,631  1087  1109  1217  0.9999894     156     156 169,413     2     1
224  17,851  61,297   971  1031  1093  0.9999915     178     178 172,648     2     1
225  25,579  31,601   769   967  1087  0.9999953     159     159 122,112     2     1
226  43,391  99,733  1447  1607  1861  0.9999821      77      77 110,053     2     1
227  12,979  20,743   547   677   727  0.9999945      55      55  30,030     2     1
228  10,007  50,951   659   853   907  0.9999657     107     107  70,406     1     1
229  10,159  13,907   431   547   599  0.9995557      15      15   6,450     1     1
230  38,377  40,949  1109  1153  1229  0.9999963     150     150 165,282     2     1
231  32,003  53,551  1039  1151  1433  0.9999512     153     153 158,032     2     1
232  53,089  54,287  1297  1459  1523  0.9999880     105     105 134,915     2     1
233  31,567  61,843  1109  1187  1483  0.9999990     142     142 156,418     2     1
234  25,033  36,793   881   953  1097  0.9999939     174     174 153,120     2     1
235  41,641  52,379  1091  1399  1429  0.9999916     129     129 140,239     2     1
236  20,809  41,467   809   967  1103  0.9999924     168     168 135,744     1     1
237  30,187  63,743  1019  1327  1423  0.9999944     142     142 143,676     2     1
238  69,557  85,597  1667  1867  1913  0.9999896      47      47  78,264     2     1
239  64,157  94,273  1663  1741  2089  0.9999956      48      48  78,334     2     1
240  43,271  78,179  1459  1493  1553  0.9999989      90      90 130,550     1     1
241  15,739  80,329   947  1097  1217  0.9999947     173     173 163,277     2     1
242  20,297  70,157  1049  1063  1277  0.9999926     164     164 171,169     1     1
243  27,253  45,281   953  1123  1153  0.9999347     172     172 163,616     2     1
244  26,893  77,447  1181  1277  1381  0.9999784     130     130 153,016     2     1
245  14,843  40,699   757   859   929  0.9999985     121     121  91,476     2     1
246  33,113  70,537  1129  1327  1559  0.9999896     127     127 142,776     1     1
247  65,729  84,421  1621  1709  2003  0.9999966      54      54  86,979     2     1
248  71,719  89,839  1621  1801  2207  0.9999998      43      43  68,658     2     1
249  55,721  67,901  1499  1559  1619  0.9999989      82      82 122,404     2     1
250  45,763  89,917  1399  1567  1877  0.9999878      80      80 111,113     2     1
251  52,631  99,551  1579  1637  2027  0.9999938      60      60  93,625     2     1
252  39,119  61,211  1279  1301  1439  0.9999802     119     119 151,042     2     1
253  35,363  44,201  1049  1193  1249  0.9999935     152     152 158,593     2     1
254  42,793  74,527  1291  1543  1601  0.9999934      98      98 125,723     2     1
255  26,423  86,743  1123  1367  1493  0.9999805     127     127 141,425     2     1
256  35,449  45,083  1097  1201  1213  0.9999854     148     148 161,285     2     1
257  33,533  62,459  1031  1381  1471  0.9999944     134     134 138,014     2     1
258  10,723  81,041   853   953  1069  0.9999966     169     169 143,988     2     1
259  32,429  37,889   911  1123  1201  0.9999872     176     176 159,742     1     1
260  18,077  36,523   797   821  1009  0.9999996     135     135 107,460     2     1
261  14,767  59,183   821   953  1117  1.0000000     169     169 138,580     2     1
262  46,099  72,937  1303  1489  1733  0.9999960      97      97 125,964     0     0
263  12,011  90,071   911   971  1223  0.9999998     190     190 172,691     2     1
264  77,383  80,669  1567  1931  2063  0.9999960      44      44  68,617     2     1
265  70,901  86,851  1621  1889  2011  0.9999997      45      45  72,399     1     1
266  28,099  47,087  1013  1061  1231  0.9999793     168     168 169,730     2     1
267  10,007  46,877   709   751   881  0.9999962      97      97  68,676     1     1
268  29,867  38,959   881  1049  1259  0.9999487     185     185 162,367     2     1
269  37,907  86,753  1229  1609  1663  0.9999914      98      98 119,567     1     1
270  86,539  96,757  1847  1871  2423  0.9999996      19      19  33,490     2     1
271  31,963  84,719  1223  1483  1493  0.9999978     109     109 132,913     2     1
272  57,397  66,071  1439  1579  1669  0.9999981      83      83 118,625     2     1
273  32,969  95,429  1321  1427  1669  0.9999930     101     101 132,925     2     1
274  46,691  81,971  1291  1637  1811  0.9999999      87      87 111,533     2     1
275  85,009  98,981  1699  2143  2311  0.9999971      17      17  28,626     2     1
276  19,403  39,971   761   929  1097  0.9999841     156     156 118,560     1     1
277  50,773  96,337  1511  1621  1997  0.9999991      66      66  98,424     2     1
278  43,801  55,207  1223  1319  1499  0.9999878     120     120 146,355     2     1
279  28,573  81,041  1109  1439  1451  0.9999980     124     124 136,474     1     1
280  58,789  78,887  1549  1621  1847  0.9999996      69      69 106,128     2     1
281  13,331  52,541   719   983   991  0.9999885     144     144 103,392     2     1
282  62,873  95,857  1483  1951  2083  0.9999992      49      49  70,932     2     1
283  21,503  54,907  1039  1063  1069  0.9999994     169     169 174,640     2     1
284  17,077  66,037   857  1103  1193  0.9999951     184     184 157,236     1     1
285  21,341  97,283  1021  1373  1481  0.9999991     135     135 137,643     1     1
286  15,017  32,497   683   811   881  0.9999793     103     103  70,246     2     1
287  19,211  34,267   787   829  1009  0.9999870     136     136 106,896     2     1
288  55,829  65,239  1289  1669  1693  0.9999979      88      88 112,803     2     1
289  45,307  56,857  1193  1429  1511  0.9999721     114     114 135,677     2     1
290  24,767  52,501  1063  1103  1109  0.9999985     162     162 171,060     2     1
291  63,211  65,579  1301  1783  1787  0.9999902      79      79 102,524     1     1
292  69,467  91,943  1811  1867  1889  0.9999943      40      40  70,985     2     1
293  30,427  93,059  1297  1367  1597  0.9999905     110     110 141,395     2     1
294  29,123  82,487  1129  1429  1489  0.9999983     121     121 136,008     2     1
295  37,441  81,223  1237  1553  1583  0.9999899     102     102 125,876     2     1
296  33,343  36,341   967  1061  1181  0.9999775     175     175 168,483     2     1
297  83,389  95,891  1783  2003  2239  0.9999995      23      23  39,356     2     1
298  26,987  51,043   911  1201  1259  0.9999915     167     167 151,761     2     1
299  18,269  33,521   691   907   977  0.9998806     128     128  88,320     1     1
300  26,111  91,639  1103  1453  1493  0.9999933     122     122 134,072     1     1

====================================================================================================
TIMING
====================================================================================================
search runtime              = 36.536 seconds
total runtime               = 43.278 seconds

====================================================================================================
MATHEMATICAL INTERPRETATION
====================================================================================================

The previous hyperbola experiment established a useful geometric
fact:

    fixed k
        ->
    narrow l interval.

But that experiment eventually scanned every integer p inside each
surviving cell.

This experiment removes that final integer scan.

For:

    p = k*r1 + a

we have:

    p mod r1 = a.

Likewise:

    q = l*r2 + c.

The first modular equation is:

    p*q == n (mod r1)

so:

    a*c == n (mod r1).

For invertible a:

    c == n*a^(-1) (mod r1).

The q-cell determines:

    q = l*r2 + c.

Therefore each residue a generates at most one q residue c
compatible with the first modulus.

The search becomes:

    k
     |
     v
    hyperbola l interval
     |
     v
    product cell
     |
     v
    modular residue lift
     |
     +--> second modulus
     |
     +--> third modulus
     |
     v
    exact p*q == n

Crucially, no scan over all integers inside the cell is performed.

The decisive statistics are therefore:

    residue states
    r3 survivors

compared against:

    8,363 factor primes.

A strong result would be:

    residue states << 8,363
    r3 survivors = O(1)
    exact recovery = 100%

across independently selected modulus triples.

If this happens, the residue-lift mechanism deserves further
algebraic investigation.

If residue states remain thousands or tens of thousands per anchor,
then the hyperbola reduction is still mainly geometric.

The experiment also records:

    gap = n - r1*r2*r3

and its correlations with the candidate counts.

A meaningful correlation would justify returning to the gap/resultant
direction. A near-zero correlation would indicate that R/n is mostly
controlling the scale of the quotient geometry rather than revealing
additional structure.

Most importantly, a successful exact recovery is not sufficient by
itself. The candidate-generation cost is what determines whether
this is actually reducing factorization work.


====================================================================================================
EXPERIMENT COMPLETE
====================================================================================================
