==========================================================================================
EXPERIMENT 676 START
==========================================================================================

prime limit=6000
odd primes=782
semiprimes=306153

==========================================================================================
TEST 0: BASELINE
==========================================================================================
checked=306153
failures=0

==========================================================================================
TEST 1: ROOT -> DEPTH PARTITION k=6
==========================================================================================
signatures=192
root-depth-class distribution=[(1, 120), (2, 60), (3, 12)]
max depth classes per (n,S)=3
multi-depth root signatures=72
examples:
    ('A', 15, 8)
        depth=2 roots=[2, 2, 2, 2, 2, 2, 2, 2, 2, 2, 2, 2]
        depth=3 roots=[14, 14, 14, 14, 14, 14, 14, 14, 14, 14, 14, 14]
    ('A', 39, 16)
        depth=2 roots=[10, 10, 10, 10, 10, 10, 10, 10, 10, 10, 10, 10]
        depth=4 roots=[6, 6, 6, 6, 6, 6, 6, 6, 6, 6, 6, 6]
    ('A', 23, 32)
        depth=2 roots=[10, 10, 10, 10, 10, 10, 10, 10, 10, 10, 10, 10]
        depth=4 roots=[22, 22, 22, 22, 22, 22, 22, 22, 22, 22, 22, 22]
        depth=5 roots=[6, 6, 6, 6, 6, 6, 6, 6, 6, 6, 6, 6]
    ('B', 29, 34)
        depth=3 roots=[4, 4, 4, 4, 4, 4, 4, 4, 4, 4, 4, 4]
        depth=4 roots=[12, 12, 12, 12, 12, 12, 12, 12, 12, 12, 12, 12]
        depth=5 roots=[28, 28, 28, 28, 28, 28, 28, 28, 28, 28, 28, 28]
    ('A', 47, 40)
        depth=2 roots=[2, 2, 2, 2, 2, 2, 2, 2, 2, 2, 2, 2]
        depth=3 roots=[14, 14, 14, 14, 14, 14, 14, 14, 14, 14, 14, 14]
    ('B', 13, 50)
        depth=3 roots=[4, 4, 4, 4, 4, 4, 4, 4, 4, 4, 4, 4]
        depth=4 roots=[12, 12, 12, 12, 12, 12, 12, 12, 12, 12, 12, 12]
    ('A', 31, 56)
        depth=2 roots=[2, 2, 2, 2, 2, 2, 2, 2, 2, 2, 2, 2]
        depth=3 roots=[14, 14, 14, 14, 14, 14, 14, 14, 14, 14, 14, 14]
    ('A', 55, 0)
        depth=2 roots=[10, 10, 10, 10, 10, 10, 10, 10, 10, 10, 10, 10]
        depth=4 roots=[22, 22, 22, 22, 22, 22, 22, 22, 22, 22, 22, 22]
        depth=5 roots=[6, 6, 6, 6, 6, 6, 6, 6, 6, 6, 6, 6]
    ('B', 45, 18)
        depth=3 roots=[4, 4, 4, 4, 4, 4, 4, 4, 4, 4, 4, 4]
        depth=4 roots=[12, 12, 12, 12, 12, 12, 12, 12, 12, 12, 12, 12]
    ('A', 7, 48)
        depth=2 roots=[10, 10, 10, 10, 10, 10, 10, 10, 10, 10, 10, 10]
        depth=4 roots=[6, 6, 6, 6, 6, 6, 6, 6, 6, 6, 6, 6]
    ('B', 61, 2)
        depth=3 roots=[4, 4, 4, 4, 4, 4, 4, 4, 4, 4, 4, 4]
        depth=4 roots=[12, 12, 12, 12, 12, 12, 12, 12, 12, 12, 12, 12]
        depth=5 roots=[28, 28, 28, 28, 28, 28, 28, 28, 28, 28, 28, 28]
    ('A', 63, 24)
        depth=2 roots=[2, 2, 2, 2, 2, 2, 2, 2, 2, 2, 2, 2]
        depth=3 roots=[14, 14, 14, 14, 14, 14, 14, 14, 14, 14, 14, 14]
    ('A', 55, 16)
        depth=2 roots=[10, 10, 10, 10, 10, 10, 10, 10, 10, 10, 10, 10]
        depth=4 roots=[6, 6, 6, 6, 6, 6, 6, 6, 6, 6, 6, 6]
        depth=5 roots=[22, 22, 22, 22, 22, 22, 22, 22, 22, 22, 22, 22]
    ('A', 31, 24)
        depth=2 roots=[2, 2, 2, 2, 2, 2, 2, 2, 2, 2, 2, 2]
        depth=3 roots=[14, 14, 14, 14, 14, 14, 14, 14, 14, 14, 14, 14]
    ('A', 23, 48)
        depth=2 roots=[10, 10, 10, 10, 10, 10, 10, 10, 10, 10, 10, 10]
        depth=4 roots=[6, 6, 6, 6, 6, 6, 6, 6, 6, 6, 6, 6]
        depth=5 roots=[22, 22, 22, 22, 22, 22, 22, 22, 22, 22, 22, 22]
    ('A', 39, 0)
        depth=2 roots=[10, 10, 10, 10, 10, 10, 10, 10, 10, 10, 10, 10]
        depth=4 roots=[6, 6, 6, 6, 6, 6, 6, 6, 6, 6, 6, 6]
    ('A', 63, 56)
        depth=2 roots=[2, 2, 2, 2, 2, 2, 2, 2, 2, 2, 2, 2]
        depth=3 roots=[14, 14, 14, 14, 14, 14, 14, 14, 14, 14, 14, 14]
    ('A', 7, 32)
        depth=2 roots=[10, 10, 10, 10, 10, 10, 10, 10, 10, 10, 10, 10]
        depth=4 roots=[6, 6, 6, 6, 6, 6, 6, 6, 6, 6, 6, 6]
    ('B', 13, 18)
        depth=3 roots=[4, 4, 4, 4, 4, 4, 4, 4, 4, 4, 4, 4]
        depth=4 roots=[12, 12, 12, 12, 12, 12, 12, 12, 12, 12, 12, 12]
    ('A', 55, 24)
        depth=2 roots=[10, 10, 10, 10, 10, 10, 10, 10, 10, 10, 10, 10]
        depth=3 roots=[6, 6, 6, 6, 6, 6, 6, 6, 6, 6, 6, 6]

==========================================================================================
TEST 2: ROOT VALUATION SIGNATURES k=6
==========================================================================================
v2(D)              signatures=     288 ambiguous=      72
v2(D-S)            signatures=     192 ambiguous=      72
v2(D+S)            signatures=     192 ambiguous=      72
v2(D^2-S^2)        signatures=     192 ambiguous=      72

==========================================================================================
TEST 1: ROOT -> DEPTH PARTITION k=8
==========================================================================================
signatures=2816
root-depth-class distribution=[(1, 1664), (2, 1128), (3, 16), (4, 8)]
max depth classes per (n,S)=4
multi-depth root signatures=1152
examples:
    ('A', 15, 8)
        depth=2 roots=[2, 2, 2, 2, 2, 2, 2, 2, 2, 2, 2, 2]
        depth=3 roots=[62, 62, 62, 62, 62, 62, 62, 62, 62, 62, 62, 62]
    ('A', 39, 16)
        depth=2 roots=[10, 10, 10, 10, 10, 10, 10, 10, 10, 10, 10, 10]
        depth=4 roots=[54, 54, 54, 54, 54, 54, 54, 54, 54, 54, 54, 54]
    ('A', 87, 32)
        depth=2 roots=[26, 26, 26, 26, 26, 26, 26, 26, 26, 26, 26, 26]
        depth=5 roots=[38, 38, 38, 38, 38, 38, 38, 38, 38, 38, 38, 38]
    ('B', 93, 34)
        depth=3 roots=[4, 4, 4, 4, 4, 4, 4, 4, 4, 4, 4, 4]
        depth=5 roots=[28, 28, 28, 28, 28, 28, 28, 28, 28, 28, 28, 28]
    ('A', 111, 40)
        depth=2 roots=[34, 34, 34, 34, 34, 34, 34, 34, 34, 34, 34, 34]
        depth=3 roots=[30, 30, 30, 30, 30, 30, 30, 30, 30, 30, 30, 30]
    ('B', 141, 50)
        depth=3 roots=[20, 20, 20, 20, 20, 20, 20, 20, 20, 20, 20, 20]
        depth=4 roots=[12, 12, 12, 12, 12, 12, 12, 12, 12, 12, 12, 12]
    ('A', 159, 56)
        depth=2 roots=[50, 50, 50, 50, 50, 50, 50, 50, 50, 50, 50, 50]
        depth=3 roots=[14, 14, 14, 14, 14, 14, 14, 14, 14, 14, 14, 14]
    ('A', 183, 64)
        depth=2 roots=[58, 58, 58, 58, 58, 58, 58, 58, 58, 58, 58, 58]
        depth=6 roots=[6, 6, 6, 6, 6, 6, 6, 6, 6, 6, 6, 6]
    ('B', 237, 82)
        depth=3 roots=[20, 20, 20, 20, 20, 20, 20, 20, 20, 20, 20, 20]
        depth=4 roots=[12, 12, 12, 12, 12, 12, 12, 12, 12, 12, 12, 12]
    ('A', 47, 104)
        depth=2 roots=[34, 34, 34, 34, 34, 34, 34, 34, 34, 34, 34, 34]
        depth=3 roots=[30, 30, 30, 30, 30, 30, 30, 30, 30, 30, 30, 30]
    ('A', 71, 112)
        depth=2 roots=[42, 42, 42, 42, 42, 42, 42, 42, 42, 42, 42, 42]
        depth=4 roots=[22, 22, 22, 22, 22, 22, 22, 22, 22, 22, 22, 22]
    ('B', 125, 130)
        depth=3 roots=[4, 4, 4, 4, 4, 4, 4, 4, 4, 4, 4, 4]
        depth=5 roots=[28, 28, 28, 28, 28, 28, 28, 28, 28, 28, 28, 28]
        depth=6 roots=[60, 60, 60, 60, 60, 60, 60, 60, 60, 60, 60, 60]
        depth=7 roots=[124, 124, 124, 124, 124, 124, 124, 124, 124, 124, 124, 124]
    ('A', 191, 152)
        depth=2 roots=[18, 18, 18, 18, 18, 18, 18, 18, 18, 18, 18, 18]
        depth=3 roots=[46, 46, 46, 46, 46, 46, 46, 46, 46, 46, 46, 46]
    ('A', 215, 160)
        depth=2 roots=[26, 26, 26, 26, 26, 26, 26, 26, 26, 26, 26, 26]
        depth=5 roots=[38, 38, 38, 38, 38, 38, 38, 38, 38, 38, 38, 38]
    ('A', 7, 176)
        depth=2 roots=[42, 42, 42, 42, 42, 42, 42, 42, 42, 42, 42, 42]
        depth=4 roots=[22, 22, 22, 22, 22, 22, 22, 22, 22, 22, 22, 22]
    ('A', 31, 184)
        depth=2 roots=[50, 50, 50, 50, 50, 50, 50, 50, 50, 50, 50, 50]
        depth=3 roots=[14, 14, 14, 14, 14, 14, 14, 14, 14, 14, 14, 14]
    ('B', 61, 194)
        depth=3 roots=[4, 4, 4, 4, 4, 4, 4, 4, 4, 4, 4, 4]
        depth=5 roots=[28, 28, 28, 28, 28, 28, 28, 28, 28, 28, 28, 28]
        depth=6 roots=[60, 60, 60, 60, 60, 60, 60, 60, 60, 60, 60, 60]
    ('A', 79, 200)
        depth=2 roots=[2, 2, 2, 2, 2, 2, 2, 2, 2, 2, 2, 2]
        depth=3 roots=[62, 62, 62, 62, 62, 62, 62, 62, 62, 62, 62, 62]
    ('B', 157, 226)
        depth=3 roots=[4, 4, 4, 4, 4, 4, 4, 4, 4, 4, 4, 4]
        depth=5 roots=[28, 28, 28, 28, 28, 28, 28, 28, 28, 28, 28, 28]
    ('A', 175, 232)
        depth=2 roots=[34, 34, 34, 34, 34, 34, 34, 34, 34, 34, 34, 34]
        depth=3 roots=[30, 30, 30, 30, 30, 30, 30, 30, 30, 30, 30, 30]

==========================================================================================
TEST 2: ROOT VALUATION SIGNATURES k=8
==========================================================================================
v2(D)              signatures=    3328 ambiguous=    1152
v2(D-S)            signatures=    2816 ambiguous=    1152
v2(D+S)            signatures=    2816 ambiguous=    1152
v2(D^2-S^2)        signatures=    2816 ambiguous=    1152

==========================================================================================
TEST 3: ROOT BRANCH DISPLACEMENT k=8
==========================================================================================
signatures=12032
ambiguous=4736
first ambiguous signatures:
    ('A', 15, 8, 2) -> [2, 3]
    ('A', 15, 8, 6) -> [2, 3]
    ('A', 15, 8, 7) -> [2, 3]
    ('A', 15, 8, 8) -> [2, 3]
    ('A', 39, 16, 2) -> [2, 4]
    ('A', 39, 16, 6) -> [2, 4]
    ('A', 39, 16, 7) -> [2, 4]
    ('A', 39, 16, 8) -> [2, 4]
    ('A', 87, 32, 2) -> [2, 5]
    ('A', 87, 32, 6) -> [2, 5]

==========================================================================================
TEST 1: ROOT -> DEPTH PARTITION k=10
==========================================================================================
signatures=43136
root-depth-class distribution=[(1, 25151), (2, 17962), (3, 15), (4, 8)]
max depth classes per (n,S)=4
multi-depth root signatures=17985
examples:
    ('A', 15, 8)
        depth=2 roots=[2, 2, 2, 2, 258, 258, 258, 258, 514, 514, 514, 514]
        depth=3 roots=[254, 254, 254, 254, 510, 510, 510, 510, 766, 766, 766, 766]
    ('A', 39, 16)
        depth=2 roots=[10, 10, 266, 266, 522, 522, 778, 778]
        depth=4 roots=[246, 246, 502, 502, 758, 758, 1014, 1014]
    ('A', 87, 32)
        depth=2 roots=[26, 26, 282, 282, 538, 538, 794, 794]
        depth=5 roots=[230, 230, 486, 486, 742, 742, 998, 998]
    ('B', 93, 34)
        depth=3 roots=[100, 100, 100, 100, 100, 100, 100, 100, 228, 228, 228, 228]
        depth=5 roots=[28, 28, 28, 28, 28, 28, 28, 28, 156, 156, 156, 156]
    ('A', 111, 40)
        depth=2 roots=[34, 34, 34, 34, 34, 34, 34, 34, 290, 290, 290, 290]
        depth=3 roots=[222, 222, 222, 222, 222, 222, 222, 222, 478, 478, 478, 478]
    ('B', 141, 50)
        depth=3 roots=[84, 84, 84, 84, 84, 84, 84, 84, 212, 212, 212, 212]
        depth=4 roots=[44, 44, 44, 44, 44, 44, 44, 44, 172, 172, 172, 172]
    ('A', 159, 56)
        depth=2 roots=[50, 50, 306, 306, 562, 562, 818, 818]
        depth=3 roots=[206, 206, 462, 462, 718, 718, 974, 974]
    ('A', 183, 64)
        depth=2 roots=[58, 58, 58, 58, 314, 314, 314, 314, 570, 570, 570, 570]
        depth=6 roots=[198, 198, 198, 198, 454, 454, 454, 454, 710, 710, 710, 710]
    ('B', 237, 82)
        depth=3 roots=[52, 52, 52, 52, 52, 52, 52, 52, 52, 52, 52, 52]
        depth=4 roots=[76, 76, 76, 76, 76, 76, 76, 76, 76, 76, 76, 76]
    ('A', 303, 104)
        depth=2 roots=[98, 98, 354, 354, 610, 610, 866, 866]
        depth=3 roots=[158, 158, 414, 414, 670, 670, 926, 926]
    ('A', 327, 112)
        depth=2 roots=[106, 106, 106, 106, 362, 362, 362, 362, 618, 618, 618, 618]
        depth=4 roots=[150, 150, 150, 150, 406, 406, 406, 406, 662, 662, 662, 662]
    ('B', 381, 130)
        depth=3 roots=[4, 4, 4, 4, 4, 4, 4, 4, 132, 132, 132, 132]
        depth=7 roots=[124, 124, 124, 124, 124, 124, 124, 124, 252, 252, 252, 252]
    ('A', 447, 152)
        depth=2 roots=[146, 146, 146, 146, 402, 402, 402, 402, 658, 658, 658, 658]
        depth=3 roots=[110, 110, 110, 110, 366, 366, 366, 366, 622, 622, 622, 622]
    ('A', 471, 160)
        depth=2 roots=[154, 154, 154, 154, 154, 154, 154, 154, 410, 410, 410, 410]
        depth=5 roots=[102, 102, 102, 102, 102, 102, 102, 102, 358, 358, 358, 358]
    ('A', 519, 176)
        depth=2 roots=[170, 170, 170, 170, 426, 426, 426, 426, 682, 682, 682, 682]
        depth=4 roots=[86, 86, 86, 86, 342, 342, 342, 342, 598, 598, 598, 598]
    ('A', 543, 184)
        depth=2 roots=[178, 178, 178, 178, 434, 434, 434, 434, 690, 690, 690, 690]
        depth=3 roots=[78, 78, 78, 78, 334, 334, 334, 334, 590, 590, 590, 590]
    ('B', 573, 194)
        depth=3 roots=[68, 68, 68, 68, 68, 196, 196, 196, 196, 196, 324, 324]
        depth=6 roots=[60, 60, 60, 60, 60, 188, 188, 188, 188, 188, 316, 316]
    ('A', 591, 200)
        depth=2 roots=[194, 194, 450, 450, 706, 706, 962, 962]
        depth=3 roots=[62, 62, 318, 318, 574, 574, 830, 830]
    ('B', 669, 226)
        depth=3 roots=[36, 36, 36, 36, 36, 36, 36, 164, 164, 164, 164, 164]
        depth=5 roots=[92, 92, 92, 92, 92, 92, 92, 220, 220, 220, 220, 220]
    ('A', 687, 232)
        depth=2 roots=[226, 226, 226, 226, 482, 482, 482, 482, 738, 738, 738, 738]
        depth=3 roots=[30, 30, 30, 30, 286, 286, 286, 286, 542, 542, 542, 542]

==========================================================================================
TEST 2: ROOT VALUATION SIGNATURES k=10
==========================================================================================
