START EXPERIMENT 5

================================================================================
n = 731
factorization = {17: 1, 43: 1}
factor coordinates: p=17 -> a=6, k=1; q=43 -> b=4, l=3
S=60  K=3
M2(n) = 48693150
number of M2 states = 12520

RAW M2 SAMPLE
s1 s2 m1 m2 weight | s1%r1 s2%r1 | m1%r1 m2%r1 | s1%r2 s2%r2 | m1%r2 m2%r2
1 2 1 365 365 | 1 2 | 1 2 | 1 2 | 1 1
1 2 3 364 1092 | 1 2 | 3 1 | 1 2 | 3 0
1 2 5 363 1815 | 1 2 | 5 0 | 1 2 | 5 12
1 2 7 362 2534 | 1 2 | 7 10 | 1 2 | 7 11
1 2 9 361 3249 | 1 2 | 9 9 | 1 2 | 9 10
1 2 11 360 3960 | 1 2 | 0 8 | 1 2 | 11 9
1 2 13 359 4667 | 1 2 | 2 7 | 1 2 | 0 8
1 2 15 358 5370 | 1 2 | 4 6 | 1 2 | 2 7
1 2 17 357 6069 | 1 2 | 6 5 | 1 2 | 4 6
1 2 19 356 6764 | 1 2 | 8 4 | 1 2 | 6 5
1 2 21 355 7455 | 1 2 | 10 3 | 1 2 | 8 4
1 2 23 354 8142 | 1 2 | 1 2 | 1 2 | 10 3
1 2 25 353 8825 | 1 2 | 3 1 | 1 2 | 12 2
1 2 27 352 9504 | 1 2 | 5 0 | 1 2 | 1 1
1 2 29 351 10179 | 1 2 | 7 10 | 1 2 | 3 0
1 2 31 350 10850 | 1 2 | 9 9 | 1 2 | 5 12
1 2 33 349 11517 | 1 2 | 0 8 | 1 2 | 7 11
1 2 35 348 12180 | 1 2 | 2 7 | 1 2 | 9 10
1 2 37 347 12839 | 1 2 | 4 6 | 1 2 | 11 9
1 2 39 346 13494 | 1 2 | 6 5 | 1 2 | 0 8
1 2 41 345 14145 | 1 2 | 8 4 | 1 2 | 2 7
1 2 43 344 14792 | 1 2 | 10 3 | 1 2 | 4 6
1 2 45 343 15435 | 1 2 | 1 2 | 1 2 | 6 5
1 2 47 342 16074 | 1 2 | 3 1 | 1 2 | 8 4
1 2 49 341 16709 | 1 2 | 5 0 | 1 2 | 10 3
1 2 51 340 17340 | 1 2 | 7 10 | 1 2 | 12 2
1 2 53 339 17967 | 1 2 | 9 9 | 1 2 | 1 1
1 2 55 338 18590 | 1 2 | 0 8 | 1 2 | 3 0
1 2 57 337 19209 | 1 2 | 2 7 | 1 2 | 5 12
1 2 59 336 19824 | 1 2 | 4 6 | 1 2 | 7 11
1 2 61 335 20435 | 1 2 | 6 5 | 1 2 | 9 10
1 2 63 334 21042 | 1 2 | 8 4 | 1 2 | 11 9
1 2 65 333 21645 | 1 2 | 10 3 | 1 2 | 0 8
1 2 67 332 22244 | 1 2 | 1 2 | 1 2 | 2 7
1 2 69 331 22839 | 1 2 | 3 1 | 1 2 | 4 6
1 2 71 330 23430 | 1 2 | 5 0 | 1 2 | 6 5
1 2 73 329 24017 | 1 2 | 7 10 | 1 2 | 8 4
1 2 75 328 24600 | 1 2 | 9 9 | 1 2 | 10 3
1 2 77 327 25179 | 1 2 | 0 8 | 1 2 | 12 2
1 2 79 326 25754 | 1 2 | 2 7 | 1 2 | 1 1
1 2 81 325 26325 | 1 2 | 4 6 | 1 2 | 3 0
1 2 83 324 26892 | 1 2 | 6 5 | 1 2 | 5 12
1 2 85 323 27455 | 1 2 | 8 4 | 1 2 | 7 11
1 2 87 322 28014 | 1 2 | 10 3 | 1 2 | 9 10
1 2 89 321 28569 | 1 2 | 1 2 | 1 2 | 11 9
1 2 91 320 29120 | 1 2 | 3 1 | 1 2 | 0 8
1 2 93 319 29667 | 1 2 | 5 0 | 1 2 | 2 7
1 2 95 318 30210 | 1 2 | 7 10 | 1 2 | 4 6
1 2 97 317 30749 | 1 2 | 9 9 | 1 2 | 6 5
1 2 99 316 31284 | 1 2 | 0 8 | 1 2 | 8 4
1 2 101 315 31815 | 1 2 | 2 7 | 1 2 | 10 3
1 2 103 314 32342 | 1 2 | 4 6 | 1 2 | 12 2
1 2 105 313 32865 | 1 2 | 6 5 | 1 2 | 1 1
1 2 107 312 33384 | 1 2 | 8 4 | 1 2 | 3 0
1 2 109 311 33899 | 1 2 | 10 3 | 1 2 | 5 12
1 2 111 310 34410 | 1 2 | 1 2 | 1 2 | 7 11
1 2 113 309 34917 | 1 2 | 3 1 | 1 2 | 9 10
1 2 115 308 35420 | 1 2 | 5 0 | 1 2 | 11 9
1 2 117 307 35919 | 1 2 | 7 10 | 1 2 | 0 8
1 2 119 306 36414 | 1 2 | 9 9 | 1 2 | 2 7
1 2 121 305 36905 | 1 2 | 0 8 | 1 2 | 4 6
1 2 123 304 37392 | 1 2 | 2 7 | 1 2 | 6 5
1 2 125 303 37875 | 1 2 | 4 6 | 1 2 | 8 4
1 2 127 302 38354 | 1 2 | 6 5 | 1 2 | 10 3
1 2 129 301 38829 | 1 2 | 8 4 | 1 2 | 12 2
1 2 131 300 39300 | 1 2 | 10 3 | 1 2 | 1 1
1 2 133 299 39767 | 1 2 | 1 2 | 1 2 | 3 0
1 2 135 298 40230 | 1 2 | 3 1 | 1 2 | 5 12
1 2 137 297 40689 | 1 2 | 5 0 | 1 2 | 7 11
1 2 139 296 41144 | 1 2 | 7 10 | 1 2 | 9 10
1 2 141 295 41595 | 1 2 | 9 9 | 1 2 | 11 9
1 2 143 294 42042 | 1 2 | 0 8 | 1 2 | 0 8
1 2 145 293 42485 | 1 2 | 2 7 | 1 2 | 2 7
1 2 147 292 42924 | 1 2 | 4 6 | 1 2 | 4 6
1 2 149 291 43359 | 1 2 | 6 5 | 1 2 | 6 5
1 2 151 290 43790 | 1 2 | 8 4 | 1 2 | 8 4
1 2 153 289 44217 | 1 2 | 10 3 | 1 2 | 10 3
1 2 155 288 44640 | 1 2 | 1 2 | 1 2 | 12 2
1 2 157 287 45059 | 1 2 | 3 1 | 1 2 | 1 1
1 2 159 286 45474 | 1 2 | 5 0 | 1 2 | 3 0
1 2 161 285 45885 | 1 2 | 7 10 | 1 2 | 5 12
1 2 163 284 46292 | 1 2 | 9 9 | 1 2 | 7 11
1 2 165 283 46695 | 1 2 | 0 8 | 1 2 | 9 10
1 2 167 282 47094 | 1 2 | 2 7 | 1 2 | 11 9
1 2 169 281 47489 | 1 2 | 4 6 | 1 2 | 0 8
1 2 171 280 47880 | 1 2 | 6 5 | 1 2 | 2 7
1 2 173 279 48267 | 1 2 | 8 4 | 1 2 | 4 6
1 2 175 278 48650 | 1 2 | 10 3 | 1 2 | 6 5
1 2 177 277 49029 | 1 2 | 1 2 | 1 2 | 8 4
1 2 179 276 49404 | 1 2 | 3 1 | 1 2 | 10 3
1 2 181 275 49775 | 1 2 | 5 0 | 1 2 | 12 2
1 2 183 274 50142 | 1 2 | 7 10 | 1 2 | 1 1
1 2 185 273 50505 | 1 2 | 9 9 | 1 2 | 3 0
1 2 187 272 50864 | 1 2 | 0 8 | 1 2 | 5 12
1 2 189 271 51219 | 1 2 | 2 7 | 1 2 | 7 11
1 2 191 270 51570 | 1 2 | 4 6 | 1 2 | 9 10
1 2 193 269 51917 | 1 2 | 6 5 | 1 2 | 11 9
1 2 195 268 52260 | 1 2 | 8 4 | 1 2 | 0 8
1 2 197 267 52599 | 1 2 | 10 3 | 1 2 | 2 7
1 2 199 266 52934 | 1 2 | 1 2 | 1 2 | 4 6
... 12420 additional states omitted ...

AGGREGATE A: PART-SIZE RESIDUES
s1_r1 s2_r1 s1_r2 s2_r2 states weight
0 1 1 2 1 30
0 1 1 3 1 5
0 1 4 5 1 5
0 1 5 2 1 45
0 1 5 7 1 20
0 1 7 2 1 60
0 1 7 3 1 10
0 1 7 8 1 85
0 1 7 9 1 35
0 1 9 2 1 90
0 1 9 3 1 15
0 1 9 6 1 115
0 1 9 7 1 40
0 1 9 10 2 275
0 1 9 11 1 65
0 1 10 7 1 10
0 1 11 0 1 155
0 1 11 1 1 5
0 1 11 2 1 180
0 1 11 3 1 30
0 1 11 4 1 205
0 1 11 5 1 55
0 1 11 6 2 246
0 1 11 7 1 80
0 1 11 8 2 527
0 1 11 9 1 105
0 1 11 10 3 1078
0 1 11 11 1 130
0 1 11 12 6 3735
0 1 12 9 1 15
0 2 3 5 1 40
0 2 7 1 1 24
0 2 7 7 1 88
0 2 7 9 1 38
0 2 9 9 1 57
0 2 11 0 5 3220
0 2 11 1 1 72
0 2 11 3 1 136
0 2 11 5 1 200
0 2 11 7 1 264
0 2 11 9 2 442
0 2 11 11 3 897
0 2 11 12 1 8
0 3 3 4 1 18
0 3 5 8 1 63
0 3 9 4 1 45
0 3 9 8 1 126
0 3 9 12 1 207
0 3 11 1 4 2698
0 3 11 2 1 9
0 3 11 4 1 90
0 3 11 6 1 171
0 3 11 8 1 252
0 3 11 10 2 353
0 3 11 12 2 834
0 4 0 4 1 4
0 4 3 0 1 4
0 4 3 7 1 36
0 4 3 10 1 20
0 4 7 1 1 44
0 4 7 2 1 12
0 4 7 7 1 60
0 4 7 8 1 28
0 4 8 2 1 4
0 4 9 11 1 120
0 4 11 0 4 843
0 4 11 1 1 132
0 4 11 2 6 2416
0 4 11 3 1 148
0 4 11 4 1 52
0 4 11 5 1 164
0 4 11 6 1 68
0 4 11 7 1 180
0 4 11 8 1 84
0 4 11 9 2 211
0 4 11 10 1 100
0 4 11 11 3 456
0 4 11 12 1 116
0 4 12 8 1 12
0 5 0 3 5 11
0 5 1 0 1 3
0 5 1 1 2 4
0 5 1 2 3 3
0 5 1 6 1 10
0 5 1 7 1 9
0 5 1 8 1 8
0 5 1 9 1 7
0 5 1 10 1 6
0 5 1 11 1 5
0 5 1 12 1 4
0 5 2 1 2 2
0 5 2 8 1 4
0 5 2 10 1 3
0 5 2 12 1 2
0 5 3 0 3 3
0 5 3 1 1 5
0 5 3 2 1 9
0 5 3 4 1 4
0 5 3 5 1 8
0 5 3 6 1 12
0 5 3 7 1 3
0 5 3 8 1 7
0 5 3 9 1 11
0 5 3 10 2 4
0 5 3 11 1 6
0 5 3 12 1 10
0 5 4 0 1 4
0 5 4 4 1 3
0 5 4 8 1 2
0 5 4 9 1 5
0 5 4 12 2 2
0 5 5 0 1 11
0 5 5 1 1 3
0 5 5 2 1 8
0 5 5 3 1 13
0 5 5 4 1 5
0 5 5 5 1 10
0 5 5 6 3 19
0 5 5 7 1 7
0 5 5 8 1 12
0 5 5 9 1 4
0 5 5 10 1 9
0 5 5 11 4 17
0 5 5 12 1 6
0 5 6 4 1 2
0 5 6 5 1 4
0 5 6 10 2 2
0 5 6 11 1 3
0 5 6 12 1 5
0 5 7 0 2 25
0 5 7 1 2 21
0 5 7 2 3 19
0 5 7 3 1 13
0 5 7 4 1 11
0 5 7 5 1 9
0 5 7 6 2 27
0 5 7 7 2 23
0 5 7 8 3 22
0 5 7 9 4 17
0 5 7 10 1 12
0 5 7 11 1 10
0 5 7 12 2 29
0 5 8 0 2 4
0 5 8 2 1 5
0 5 8 5 1 3
0 5 8 7 1 6
0 5 8 8 2 2
0 5 8 10 1 4
0 5 9 0 2 31
0 5 9 1 4 172
0 5 9 2 4 51
0 5 9 3 2 39
0 5 9 4 2 33
0 5 9 5 2 27
0 5 9 6 3 51
0 5 9 7 5 44
0 5 9 8 2 35
0 5 9 9 2 29
0 5 9 10 3 54
0 5 9 11 4 47
0 5 9 12 2 37
0 5 10 2 1 4
0 5 10 5 1 5
0 5 10 6 2 2
0 5 10 8 1 6
0 5 10 9 2 4
0 5 10 11 1 7
0 5 10 12 1 3
0 5 11 0 5 155
0 5 11 1 7 864
0 5 11 2 5 160
0 5 11 3 9 2165
0 5 11 4 5 165
0 5 11 5 7 137
0 5 11 6 5 170
0 5 11 7 6 142
0 5 11 8 6 187
0 5 11 9 6 148
0 5 11 10 6 336
0 5 11 11 5 150
0 5 11 12 6 485
0 5 12 4 3 3
0 5 12 5 2 4
0 5 12 6 1 3
0 5 12 7 1 4
0 5 12 8 1 5
0 5 12 9 1 6
0 5 12 10 1 7
0 5 12 11 1 8
0 6 7 11 1 70
0 6 11 0 1 310
0 6 11 2 2 683
0 6 11 4 3 1768
0 6 11 7 1 10
0 6 11 9 1 110
0 6 11 11 1 210
0 7 1 4 1 7
0 7 3 8 1 28
0 7 5 8 1 35
0 7 7 4 1 14
0 7 7 10 1 63
0 7 9 3 1 168
0 7 9 4 1 21
0 7 9 8 1 70
0 7 9 12 1 119
0 7 11 1 2 305
0 7 11 3 2 678
0 7 11 4 1 42
0 7 11 5 4 1642
0 7 11 6 1 91
0 7 11 8 1 140
0 7 11 10 1 189
0 7 11 12 1 238
0 8 0 8 2 8
0 8 1 1 1 2
0 8 3 0 1 2
0 8 3 1 1 18
0 8 3 4 1 14
0 8 3 7 1 10
0 8 3 10 1 6
0 8 3 11 1 22
0 8 4 2 1 6
0 8 4 6 1 2
0 8 5 12 1 2
0 8 7 0 1 38
0 8 7 1 1 30
0 8 7 2 2 100
0 8 7 3 1 14
0 8 7 4 1 6
0 8 7 7 1 34
0 8 7 8 1 26
0 8 7 9 1 18
0 8 7 10 1 10
0 8 7 11 1 2
0 8 8 1 1 10
0 8 8 4 1 2
0 8 8 9 1 6
0 8 9 2 1 117
0 8 9 10 1 2
0 8 10 3 1 2
0 8 11 0 4 251
0 8 11 1 2 128
0 8 11 2 4 432
0 8 11 3 2 136
0 8 11 4 5 637
0 8 11 5 2 144
0 8 11 6 6 1604
0 8 11 7 2 152
0 8 11 8 2 104
0 8 11 9 3 162
0 8 11 10 2 112
0 8 11 11 3 174
0 8 11 12 2 120
0 8 12 2 1 2
0 8 12 3 1 6
0 8 12 4 1 10
0 8 12 5 1 14
0 9 0 1 1 3
0 9 3 6 1 24
0 9 3 9 1 15
0 9 3 12 1 6
0 9 4 7 1 6
0 9 5 1 1 39
0 9 5 3 1 12
0 9 5 6 1 30
0 9 5 8 1 3
0 9 5 11 1 21
0 9 6 12 1 3
0 9 7 3 1 3
0 9 9 1 1 78
0 9 9 2 1 51
0 9 9 3 1 24
0 9 9 5 1 87
0 9 9 6 1 60
0 9 9 7 1 33
0 9 9 8 1 6
0 9 9 10 1 69
0 9 9 11 1 42
0 9 9 12 1 15
0 9 10 3 1 6
0 9 10 6 1 15
0 9 11 0 1 93
0 9 11 1 2 195
0 9 11 2 1 102
0 9 11 3 3 395
0 9 11 4 1 111
0 9 11 5 3 609
0 9 11 6 2 123
0 9 11 7 5 1384
0 9 11 8 2 141
0 9 11 9 1 75
0 9 11 10 2 159
0 9 11 11 1 84
0 9 11 12 2 177
0 9 12 10 1 3
0 9 12 11 1 12
0 10 3 11 1 30
0 10 11 0 1 186
0 10 11 2 1 222
0 10 11 3 1 6
0 10 11 4 1 258
0 10 11 5 1 42
0 10 11 6 2 583
0 10 11 7 1 78
0 10 11 8 3 1272
0 10 11 9 1 114
0 10 11 11 1 150
0 10 12 5 1 6
1 0 0 3 1 5
1 0 1 0 10 4340
1 0 1 1 18 17072
1 0 1 2 10 5033
1 0 1 3 20 23929
1 0 1 4 11 5756
1 0 1 5 23 36276
1 0 1 6 11 6845
1 0 1 7 30 62731
1 0 1 8 13 8215
1 0 1 9 41 137883
1 0 1 10 14 10158
1 0 1 11 75 541852
1 0 1 12 16 12941
1 0 2 2 1 15
1 0 2 3 1 10
1 0 2 6 1 5
1 0 2 8 1 20
1 0 4 9 1 5
1 0 6 6 1 10
1 0 6 12 1 5
1 0 7 7 1 5
1 0 8 2 1 5
1 0 8 5 2 31
1 0 9 10 1 5
1 0 10 3 1 54
1 0 10 4 1 48
1 0 10 5 2 75
1 0 10 6 1 27
1 0 10 7 1 176
1 0 10 9 1 10
1 0 10 10 1 35
1 0 10 11 1 20
1 0 10 12 2 56
1 0 11 0 2 15
1 0 12 0 1 49
1 0 12 2 1 38
1 0 12 3 1 190
1 0 12 4 1 27
1 0 12 6 1 16
1 0 12 8 1 5
1 0 12 12 1 112
1 1 0 3 1 4
1 1 1 0 16 12635
1 1 1 1 10 4277
1 1 1 2 17 16611
1 1 1 3 10 4970
1 1 1 4 20 23089
1 1 1 5 10 5663
1 1 1 6 23 34759
1 1 1 7 11 6746
1 1 1 8 29 59273
1 1 1 9 13 8058
1 1 1 10 39 126401
1 1 1 11 14 9937
1 1 1 12 70 455818
1 1 2 4 1 6
1 1 2 5 1 6
1 1 2 8 1 4
1 1 2 10 1 4
1 1 3 4 1 4
1 1 3 10 1 6
1 1 3 12 1 6
1 1 4 0 1 4
1 1 5 9 1 4
1 1 6 4 1 15
1 1 6 5 1 4
1 1 6 12 1 6
1 1 7 1 1 4
1 1 7 4 1 6
1 1 7 12 1 4
1 1 8 0 2 21
1 1 8 10 1 4
1 1 9 6 1 4
1 1 9 8 1 6
1 1 10 0 1 50
1 1 10 1 1 39
1 1 10 2 1 4
1 1 10 3 1 26
1 1 10 4 1 55
1 1 10 6 2 116
1 1 10 8 2 174
1 1 10 9 1 15
1 1 11 11 2 10
1 1 12 1 1 37
1 1 12 2 1 165
1 1 12 3 1 26
1 1 12 5 1 15
1 1 12 7 1 4
1 1 12 10 3 852
1 1 12 11 1 63
1 1 12 12 1 48
1 2 0 3 1 3
1 2 0 8 1 2
1 2 1 0 66 388937
1 2 1 1 16 12329
1 2 1 2 375 16279929
1 2 1 3 17 16205
1 2 1 4 10 4907
1 2 1 5 19 22379
1 2 1 6 10 5600
1 2 1 7 22 33322
1 2 1 8 11 6647
1 2 1 9 28 56009
1 2 1 10 12 7904
1 2 1 11 38 116351
1 2 1 12 14 9716
1 2 2 7 1 2
1 2 2 10 1 3
1 2 3 0 1 2
1 2 3 7 1 3
1 2 4 1 1 30
1 2 4 4 1 3
1 2 4 5 1 30
1 2 4 6 1 2
1 2 5 1 1 3
1 2 6 5 1 2
1 2 6 7 1 55
1 2 6 10 1 14
1 2 6 11 1 3
1 2 7 8 1 3
1 2 7 11 1 2
1 2 8 4 1 2
1 2 8 5 2 6
1 2 8 8 1 14
1 2 8 9 1 68
1 2 9 2 1 3
1 2 9 10 1 2
1 2 10 0 1 25
1 2 10 3 2 87
1 2 10 5 1 70
1 2 10 6 1 14
1 2 10 9 1 156
1 2 10 10 1 46
1 2 10 11 2 264
1 2 10 12 2 6
1 2 11 9 2 5
1 2 12 0 5 2678
1 2 12 1 1 140
1 2 12 2 2 27
1 2 12 4 1 14
1 2 12 6 2 6
1 2 12 9 2 357
1 2 12 10 1 14
1 2 12 11 1 47
1 3 0 3 2 4
1 3 1 0 14 9495
1 3 1 1 62 335828
1 3 1 2 15 12025
1 3 1 3 253 7237775
1 3 1 4 17 15799
1 3 1 5 10 4844
1 3 1 6 19 21708
1 3 1 7 10 5537
1 3 1 8 22 32061
1 3 1 9 11 6548
1 3 1 10 28 53102
1 3 1 11 12 7756
1 3 1 12 37 107429
1 3 2 12 2 4
1 3 3 10 1 2
1 3 4 5 1 5
1 3 4 8 2 4
1 3 4 9 1 21
1 3 5 6 1 2
1 3 6 3 1 13
1 3 6 4 2 4
1 3 7 2 1 2
1 3 7 7 1 5
1 3 8 0 2 4
1 3 8 3 1 13
1 3 9 11 2 4
1 3 10 0 1 60
1 3 10 3 1 13
1 3 10 7 1 42
1 3 10 8 1 21
1 3 10 9 2 4
1 3 10 10 2 180
1 3 10 12 1 198
1 3 11 7 2 4
1 3 12 0 1 115
1 3 12 1 1 24
1 3 12 3 1 13
1 3 12 5 2 4
1 3 12 8 2 187
1 3 12 10 1 46
1 3 12 12 3 752
1 4 0 3 3 3
1 4 1 0 36 99504
1 4 1 1 13 9314
1 4 1 2 59 292988
1 4 1 3 15 11723
1 4 1 4 191 4072991
1 4 1 5 17 15393
1 4 1 6 10 4781
1 4 1 7 19 21037
1 4 1 8 10 5474
1 4 1 9 22 30800
1 4 1 10 11 6449
1 4 1 11 27 50375
1 4 1 12 12 7608
1 4 2 1 3 3
1 4 3 0 2 2
1 4 4 0 1 12
1 4 4 7 1 12
1 4 4 12 3 3
1 4 5 11 2 2
1 4 6 7 1 44
1 4 6 9 1 12
1 4 6 10 3 3
1 4 7 9 2 2
1 4 8 8 3 3
1 4 8 11 2 63
1 4 9 7 2 2
1 4 10 0 2 162
1 4 10 4 1 38
1 4 10 5 1 12
1 4 10 6 3 3
1 4 10 7 2 35
1 4 10 9 1 117
1 4 10 10 1 35
1 4 11 5 2 2
1 4 11 8 1 12
1 4 12 0 1 23
1 4 12 2 1 12
1 4 12 4 3 3
1 4 12 7 1 56
1 4 12 9 1 45
1 4 12 11 2 331
1 4 12 12 1 90
1 5 0 11 1 10
1 5 1 0 12 7460
1 5 1 1 35 92453
1 5 1 2 13 9157
1 5 1 3 53 257917
1 5 1 4 14 11484
1 5 1 5 155 2608126
1 5 1 6 17 14987
1 5 1 7 10 4718
1 5 1 8 19 20366
1 5 1 9 10 5411
1 5 1 10 21 29599
1 5 1 11 11 6350
1 5 1 12 27 47868
1 5 4 4 1 3
1 5 4 11 1 11
1 5 5 8 1 3
1 5 6 0 1 28
1 5 6 2 1 11
1 5 6 10 1 14
1 5 8 6 1 11
1 5 10 1 2 242
1 5 10 2 1 3
1 5 10 4 1 22
1 5 10 6 1 36
1 5 10 7 1 10
1 5 10 10 2 125
1 5 10 12 1 105
1 5 11 6 1 3
1 5 12 1 1 11
1 5 12 6 1 55
1 5 12 8 1 44
1 5 12 10 3 212
1 5 12 11 1 65
1 5 12 12 1 22
1 6 1 0 26 45551
1 6 1 1 11 7340
1 6 1 2 34 86161
1 6 1 3 13 9000
1 6 1 4 50 228763
1 6 1 5 14 11263
1 6 1 6 130 1812377
1 6 1 7 17 14581
1 6 1 8 10 4655
1 6 1 9 18 19707
1 6 1 10 10 5348
1 6 1 11 21 28563
1 6 1 12 11 6251
1 6 2 5 1 8
1 6 4 2 1 10
1 6 6 6 1 12
1 6 6 8 1 10
1 6 8 0 1 34
1 6 8 1 1 10
1 6 10 0 1 100
1 6 10 1 1 21
1 6 10 2 1 110
1 6 10 7 2 88
1 6 10 11 1 30
1 6 11 12 1 12
1 6 12 0 1 10
1 6 12 4 3 1530
1 6 12 5 1 54
1 6 12 7 1 43
1 6 12 9 2 87
1 6 12 10 1 40
1 6 12 11 1 21
1 7 1 0 11 6152
1 7 1 1 25 43409
1 7 1 2 11 7241
1 7 1 3 33 80521
1 7 1 4 13 8843
1 7 1 5 48 204478
1 7 1 6 14 11042
1 7 1 7 113 1332594
1 7 1 8 17 14175
1 7 1 9 10 4592
1 7 1 10 18 19180
1 7 1 11 10 5285
1 7 1 12 21 27527
1 7 2 2 1 15
1 7 2 11 1 9
1 7 4 6 1 9
1 7 6 1 1 9
1 7 6 8 1 26
1 7 8 9 1 9
1 7 8 12 7 371
1 7 10 3 1 84
1 7 10 4 2 51
1 7 10 8 1 26
1 7 10 10 1 84
1 7 10 11 1 20
1 7 12 3 2 593
1 7 12 4 1 53
1 7 12 6 1 42
1 7 12 8 1 31
1 7 12 9 1 15
1 7 12 10 1 20
1 7 12 12 1 9
1 8 0 3 1 8
1 8 1 0 21 26491
1 8 1 1 11 6053
1 8 1 2 24 41405
1 8 1 3 11 7142
1 8 1 4 32 75434
1 8 1 5 13 8686
1 8 1 6 46 183851
1 8 1 7 14 10821
1 8 1 8 100 1021154
1 8 1 9 16 13859
1 8 1 10 10 4529
1 8 1 11 18 18653
1 8 1 12 10 5222
1 8 2 0 1 8
1 8 4 10 1 8
1 8 6 0 1 56
1 8 6 1 1 22
1 8 6 7 1 8
1 8 8 2 1 17
1 8 8 4 1 8
1 8 8 7 4 134
1 8 10 0 1 75
1 8 10 1 2 14
1 8 10 2 1 30
1 8 10 4 1 133
1 8 10 5 1 22
1 8 10 7 1 68
1 8 10 8 1 19
1 8 11 3 1 6
1 8 12 2 1 259
1 8 12 3 1 52
1 8 12 5 1 41
1 8 12 6 3 1278
1 8 12 7 1 30
1 8 12 9 1 19
1 8 12 11 1 8
1 9 0 3 1 7
1 9 1 0 10 5159
1 9 1 1 20 25609
1 9 1 2 11 5954
1 9 1 3 24 39599
1 9 1 4 11 7043
1 9 1 5 31 70809
1 9 1 6 13 8529
1 9 1 7 44 166230
1 9 1 8 14 10600
1 9 1 9 90 807600
1 9 1 10 16 13553
1 9 1 11 10 4466
1 9 1 12 18 18126
1 9 2 2 1 7
1 9 4 1 1 7
1 9 4 10 1 9
1 9 6 0 1 7
1 9 6 1 1 56
1 9 6 7 1 18
1 9 8 2 3 71
1 9 8 12 1 7
1 9 10 2 1 18
1 9 10 3 1 133
1 9 10 4 1 52
1 9 10 5 2 186
1 9 10 10 1 66
1 9 10 11 1 7
1 9 10 12 1 29
1 9 11 4 1 7
1 9 12 1 1 210
1 9 12 2 1 51
1 9 12 4 1 40
1 9 12 5 2 529
1 9 12 6 1 29
1 9 12 8 1 18
1 9 12 10 1 7
1 10 0 3 1 6
1 10 1 0 18 17599
1 10 1 1 10 5096
1 10 1 2 20 24769
1 10 1 3 11 5855
1 10 1 4 23 37793
1 10 1 5 11 6944
1 10 1 6 30 66563
1 10 1 7 13 8372
1 10 1 8 42 151027
1 10 1 9 14 10379
1 10 1 10 82 654821
1 10 1 11 16 13247
1 10 1 12 10 4403
1 10 2 1 1 14
1 10 2 4 1 6
1 10 4 5 1 6
1 10 6 0 1 14
1 10 6 6 1 6
1 10 6 7 1 7
1 10 8 7 1 6
1 10 8 10 2 41
1 10 9 1 1 6
1 10 10 0 1 84
1 10 10 1 1 36
1 10 10 2 2 121
1 10 10 6 1 58
1 10 10 7 1 57
1 10 10 8 1 6
1 10 10 9 1 28
1 10 10 12 1 14
1 10 11 2 1 6
1 10 12 0 1 161
1 10 12 1 1 50
1 10 12 3 1 39
1 10 12 4 1 215
1 10 12 5 1 28
1 10 12 7 1 17
1 10 12 9 1 6
2 0 0 1 2 147
2 0 0 3 5 150
2 0 0 4 1 76
2 0 0 5 1 209
2 0 0 7 2 398
2 0 0 8 2 120
2 0 0 9 2 787
2 0 1 8 1 8
2 0 2 0 5 946
2 0 2 1 3 535
2 0 2 2 2 313
2 0 2 3 9 5644
2 0 2 4 5 1353
2 0 2 5 3 656
2 0 2 6 2 335
2 0 2 7 13 15273
2 0 2 8 6 1893
2 0 2 9 3 777
2 0 2 10 3 414
2 0 2 11 35 134843
2 0 2 12 7 3010
2 0 3 5 1 8
2 0 5 2 1 8
2 0 7 4 1 24
2 0 7 12 1 8
2 0 9 1 1 19
2 0 9 9 1 8
2 0 11 2 1 19
2 0 11 3 1 95
2 0 11 6 1 8
2 0 11 12 1 56
2 1 0 1 1 69
2 1 0 2 1 120
2 1 0 3 6 122
2 1 0 4 1 156
2 1 0 6 1 224
2 1 0 7 1 30
2 1 0 8 4 429
2 1 0 10 2 720
2 1 0 11 1 110
2 1 1 1 2 4
2 1 1 11 1 14
2 1 2 0 3 469
2 1 2 1 2 301
2 1 2 2 7 3845
2 1 2 3 5 1131
2 1 2 4 3 590
2 1 2 5 2 323
2 1 2 6 10 8349
2 1 2 7 5 1538
2 1 2 8 3 711
2 1 2 9 3 348
2 1 2 10 18 31103
2 1 2 11 6 2323
2 1 2 12 5 836
2 1 3 0 1 3
2 1 3 10 2 4
2 1 4 4 1 3
2 1 4 8 1 2
2 1 5 6 2 4
2 1 5 10 1 14
2 1 6 4 1 2
2 1 7 2 2 4
2 1 7 3 1 13
2 1 8 0 1 2
2 1 9 3 1 13
2 1 9 9 1 14
2 1 9 11 3 7
2 1 10 2 1 3
2 1 10 9 1 2
2 1 11 3 1 13
2 1 11 6 1 3
2 1 11 7 2 4
2 1 11 12 1 24
2 1 12 5 2 4
2 2 0 1 2 129
2 2 0 3 5 145
2 2 0 4 1 60
2 2 0 5 1 88
2 2 0 7 1 210
2 2 0 8 2 112
2 2 0 9 1 288
2 2 0 11 2 649
2 2 1 8 1 15
2 2 1 9 1 7
2 2 2 0 30 96651
2 2 2 1 7 2843
2 2 2 2 5 909
2 2 2 3 3 524
2 2 2 4 2 311
2 2 2 5 8 5252
2 2 2 6 5 1316
2 2 2 7 3 645
2 2 2 8 2 333
2 2 2 9 12 13542
2 2 2 10 6 1807
2 2 2 11 3 766
2 2 2 12 3 403
2 2 3 8 1 7
2 2 5 7 1 7
2 2 5 8 1 15
2 2 7 6 1 7
2 2 7 11 1 15
2 2 9 3 1 34
2 2 9 5 2 55
2 2 9 7 1 78
2 2 9 10 1 18
2 2 11 0 1 18
2 2 11 1 1 70
2 2 11 4 1 7
2 2 11 9 1 29
2 2 11 10 1 7
2 2 12 10 1 7
2 3 0 1 5 2030
2 3 0 2 1 56
2 3 0 3 7 117
2 3 0 4 1 140
2 3 0 6 1 175
2 3 0 8 4 192
2 3 0 10 1 276
2 3 0 11 1 85
2 3 0 12 2 646
2 3 1 2 3 3
2 3 1 12 1 10
2 3 2 0 6 2237
2 3 2 1 6 824
2 3 2 2 3 458
2 3 2 3 124 1808766
2 3 2 4 7 3678
2 3 2 5 5 1094
2 3 2 6 3 579
2 3 2 7 2 321
2 3 2 8 10 7667
2 3 2 9 5 1501
2 3 2 10 3 700
2 3 2 11 2 343
2 3 2 12 17 26327
2 3 3 0 3 3
2 3 4 12 2 2
2 3 5 2 2 31
2 3 5 11 3 3
2 3 6 10 2 2
2 3 7 0 1 30
2 3 7 9 3 3
2 3 7 10 1 12
2 3 8 8 2 2
2 3 9 4 1 52
2 3 9 5 1 10
2 3 9 6 1 12
2 3 9 7 3 3
2 3 9 12 1 12
2 3 10 6 2 2
2 3 10 9 1 10
2 3 11 1 1 12
2 3 11 5 3 3
2 3 11 8 1 65
2 3 11 10 1 23
2 3 11 12 1 209
2 3 12 4 2 2
2 4 0 1 2 111
2 4 0 2 4 1720
2 4 0 3 5 140
2 4 0 4 1 44
2 4 0 7 1 174
2 4 0 8 2 104
2 4 0 9 1 207
2 4 0 11 2 300
2 4 1 9 1 6
2 4 1 10 1 6
2 4 2 0 3 755
2 4 2 1 3 392
2 4 2 2 26 72635
2 4 2 3 7 2676
2 4 2 4 5 888
2 4 2 5 3 513
2 4 2 6 2 309
2 4 2 7 8 4964
2 4 2 8 5 1279
2 4 2 9 3 634
2 4 2 10 2 331
2 4 2 11 12 12210
2 4 2 12 6 1721
2 4 3 11 1 6
2 4 5 5 1 24
2 4 5 12 1 6
2 4 7 0 1 6
2 4 7 5 1 6
2 4 8 0 1 6
2 4 9 1 2 45
2 4 9 3 1 42
2 4 9 6 1 17
2 4 9 12 1 30
2 4 10 8 1 6
2 4 11 2 1 6
2 4 11 7 1 28
2 4 11 11 1 17
2 4 11 12 1 45
2 4 12 9 1 6
2 5 0 1 3 569
2 5 0 3 8 1612
2 5 0 4 1 124
2 5 0 6 1 126
2 5 0 8 3 150
2 5 0 10 1 132
2 5 0 11 1 60
2 5 0 12 1 270
2 5 1 0 1 6
2 5 2 0 2 341
2 5 2 1 16 22584
2 5 2 2 6 2151
2 5 2 3 3 810
2 5 2 4 3 447
2 5 2 5 76 651390
2 5 2 6 7 3511
2 5 2 7 5 1057
2 5 2 8 3 568
2 5 2 9 2 319
2 5 2 10 9 7015
2 5 2 11 5 1464
2 5 2 12 3 689
2 5 5 0 1 11
2 5 5 7 1 6
2 5 6 12 1 6
2 5 7 4 1 11
2 5 7 6 1 18
2 5 7 7 1 5
2 5 9 0 1 36
2 5 9 1 1 6
2 5 9 8 1 11
2 5 10 6 1 6
2 5 10 9 1 5
2 5 11 8 1 22
2 5 11 10 1 88
2 5 11 12 1 11
2 6 0 1 1 96
2 6 0 2 2 543
2 6 0 3 5 135
2 6 0 4 4 1320
2 6 0 7 1 138
2 6 0 8 2 96
2 6 0 9 1 126
2 6 0 11 1 185
2 6 1 5 1 20
2 6 1 11 1 5
2 6 2 0 11 10973
2 6 2 1 5 1649
2 6 2 2 3 744
2 6 2 3 3 381
2 6 2 4 23 56572
2 6 2 5 6 2581
2 6 2 6 4 870
2 6 2 7 3 502
2 6 2 8 2 307
2 6 2 9 8 4676
2 6 2 10 5 1242
2 6 2 11 3 623
2 6 2 12 2 329
2 6 3 1 1 5
2 6 5 4 1 5
2 6 5 5 1 28
2 6 7 7 1 5
2 6 8 2 1 5
2 6 9 2 1 16
2 6 9 8 1 26
2 6 9 10 2 35
2 6 9 12 1 6
2 6 10 1 1 6
2 6 10 5 1 5
2 6 11 0 1 5
2 6 11 5 1 27
2 6 11 9 1 16
2 6 11 10 1 20
2 6 12 8 1 5
2 7 0 1 3 295
2 7 0 3 6 510
2 7 0 4 1 108
2 7 0 5 3 1188
2 7 0 6 1 77
2 7 0 8 3 138
2 7 0 11 1 35
2 7 0 12 1 170
2 7 1 1 1 2
2 7 1 6 1 20
2 7 2 0 5 1427
2 7 2 1 3 678
2 7 2 2 2 339
2 7 2 3 15 19630
2 7 2 4 6 2065
2 7 2 5 3 799
2 7 2 6 3 436
2 7 2 7 55 332499
2 7 2 8 7 3344
2 7 2 9 5 1020
2 7 2 10 3 557
2 7 2 11 2 317
2 7 2 12 9 6558
2 7 3 0 1 2
2 7 5 5 1 10
2 7 5 12 1 2
2 7 6 5 1 2
2 7 7 11 2 12
2 7 9 4 1 10
2 7 9 9 1 20
2 7 9 10 1 2
2 7 10 3 1 2
2 7 11 3 1 154
2 7 11 6 1 21
2 7 11 9 1 2
2 7 11 10 1 10
2 7 12 2 1 2
2 8 0 1 1 87
2 8 0 2 1 248
2 8 0 3 5 130
2 8 0 4 3 489
2 8 0 6 3 1126
2 8 0 7 1 102
2 8 0 8 2 88
2 8 0 9 1 45
2 8 0 11 1 160
2 8 1 12 1 4
2 8 2 0 3 612
2 8 2 1 2 327
2 8 2 2 11 10002
2 8 2 3 5 1612
2 8 2 4 3 733
2 8 2 5 3 370
2 8 2 6 21 45408
2 8 2 7 6 2495
2 8 2 8 5 862
2 8 2 9 3 491
2 8 2 10 2 305
2 8 2 11 8 4388
2 8 2 12 5 1205
2 8 3 4 1 4
2 8 3 7 2 35
2 8 4 0 1 4
2 8 5 9 1 4
2 8 5 10 1 12
2 8 6 5 1 4
2 8 7 1 1 4
2 8 8 10 1 4
2 8 9 0 1 72
2 8 9 2 1 88
2 8 9 4 1 22
2 8 9 6 2 25
2 8 9 11 1 15
2 8 10 2 1 4
2 8 10 3 1 12
2 8 11 3 1 26
2 8 11 7 1 15
2 8 11 11 1 4
2 8 12 7 1 4
2 9 0 1 2 165
2 9 0 3 6 309
2 9 0 4 1 92
2 9 0 5 1 330
2 9 0 6 1 28
2 9 0 7 3 1019
2 9 0 8 2 128
2 9 0 11 1 10
2 9 0 12 1 70
2 9 1 7 1 4
2 9 2 0 2 315
2 9 2 1 9 6101
2 9 2 2 5 1390
2 9 2 3 3 667
2 9 2 4 2 337
2 9 2 5 14 17253
2 9 2 6 6 1979
2 9 2 7 3 788
2 9 2 8 3 425
2 9 2 9 43 201234
2 9 2 10 7 3177
2 9 2 11 5 983
2 9 2 12 3 546
2 9 3 2 2 19
2 9 5 10 1 9
2 9 6 9 1 4
2 9 7 5 1 9
2 9 7 10 1 33
2 9 9 0 1 9
2 9 9 5 1 4
2 9 11 1 1 105
2 9 11 4 1 20
2 9 11 5 1 120
2 9 11 8 1 9
2 10 0 1 1 78
2 10 0 2 1 184
2 10 0 3 6 128
2 10 0 4 1 172
2 10 0 6 2 413
2 10 0 7 1 66
2 10 0 8 5 974
2 10 0 11 1 135
2 10 1 0 1 3
2 10 2 0 8 4100
2 10 2 1 5 1168
2 10 2 2 3 601
2 10 2 3 2 325
2 10 2 4 10 9031
2 10 2 5 5 1575
2 10 2 6 3 722
2 10 2 7 3 359
2 10 2 8 19 37188
2 10 2 9 6 2409
2 10 2 10 5 849
2 10 2 11 3 480
2 10 2 12 2 303
2 10 3 7 1 3
2 10 3 10 1 12
2 10 4 4 1 3
2 10 5 1 1 3
2 10 5 5 1 18
2 10 6 11 1 3
2 10 7 0 1 42
2 10 7 8 1 3
2 10 7 9 1 14
2 10 8 5 1 3
2 10 9 0 1 18
2 10 9 2 4 81
2 10 9 7 1 14
2 10 9 9 1 8
2 10 10 5 1 12
2 10 10 12 1 3
2 10 11 1 1 25
2 10 11 5 1 14
2 10 11 9 2 6
2 10 12 6 1 3
3 0 1 0 1 42
3 0 1 3 1 99
3 0 1 4 1 45
3 0 1 7 2 288
3 0 1 8 1 93
3 0 1 9 1 20
3 0 1 11 1 31
3 0 3 0 4 567
3 0 3 1 3 223
3 0 3 2 2 161
3 0 3 3 5 2542
3 0 3 4 3 644
3 0 3 5 8 4083
3 0 3 6 4 809
3 0 3 7 4 325
3 0 3 8 2 183
3 0 3 9 12 15134
3 0 3 10 4 1046
3 0 3 11 24 60175
3 0 3 12 5 1499
3 0 4 6 1 9
3 0 6 1 1 9
3 0 8 9 1 9
3 0 8 11 1 18
3 0 8 12 1 36
3 0 10 4 1 9
3 0 12 6 1 18
3 0 12 7 1 140
3 0 12 10 1 20
3 0 12 12 2 69
3 1 0 3 1 5
3 1 0 8 1 2
3 1 1 0 1 16
3 1 1 1 1 2
3 1 1 2 1 27
3 1 1 4 1 38
3 1 1 6 2 109
3 1 1 10 2 619
3 1 1 11 1 5
3 1 1 12 1 57
3 1 2 6 1 5
3 1 2 7 1 2
3 1 3 0 3 199
3 1 3 1 2 153
3 1 3 2 4 1704
3 1 3 3 3 524
3 1 3 4 7 2579
3 1 3 5 4 721
3 1 3 6 3 265
3 1 3 7 2 175
3 1 3 8 8 6444
3 1 3 9 3 854
3 1 3 10 13 14065
3 1 3 11 5 1215
3 1 3 12 4 479
3 1 4 6 1 2
3 1 4 9 1 5
3 1 5 12 1 2
3 1 6 5 1 2
3 1 6 11 1 24
3 1 6 12 1 5
3 1 8 2 2 47
3 1 8 4 1 2
3 1 9 10 2 7
3 1 10 2 1 55
3 1 10 3 1 2
3 1 10 5 1 5
3 1 10 11 1 21
3 1 10 12 1 16
3 1 11 0 1 5
3 1 12 0 1 46
3 1 12 2 1 2
3 1 12 4 1 27
3 1 12 6 1 16
3 1 12 8 3 182
3 1 12 11 1 60
3 2 0 3 2 2
3 2 1 1 1 120
3 2 1 2 3 3
3 2 1 3 1 21
3 2 1 4 1 12
3 2 1 5 1 120
3 2 1 6 1 23
3 2 1 8 1 34
3 2 1 10 1 45
3 2 2 1 2 2
3 2 3 0 23 42935
3 2 3 1 4 1328
3 2 3 2 3 404
3 2 3 3 6 1882
3 2 3 4 4 633
3 2 3 5 3 241
3 2 3 6 2 167
3 2 3 7 6 3593
3 2 3 8 3 734
3 2 3 9 9 6289
3 2 3 10 5 931
3 2 3 11 4 391
3 2 3 12 2 189
3 2 4 12 3 3
3 2 5 11 2 2
3 2 6 6 1 10
3 2 6 10 3 3
3 2 7 9 2 2
3 2 8 4 1 21
3 2 8 5 1 12
3 2 8 8 3 3
3 2 8 11 1 12
3 2 9 7 2 2
3 2 10 0 1 12
3 2 10 6 3 3
3 2 11 5 2 2
3 2 12 0 1 23
3 2 12 2 1 12
3 2 12 4 3 3
3 2 12 5 1 88
3 2 12 7 1 99
3 2 12 9 1 30
3 2 12 10 1 30
3 3 1 1 1 41
3 3 1 5 1 20
3 3 1 8 2 206
3 3 1 9 1 84
3 3 1 10 1 19
3 3 1 12 3 515
3 3 2 0 1 8
3 3 3 0 4 952
3 3 3 1 20 37265
3 3 3 2 5 1428
3 3 3 3 4 545
3 3 3 4 3 217
3 3 3 5 2 159
3 3 3 6 5 2327
3 3 3 7 3 614
3 3 3 8 7 3599
3 3 3 9 4 787
3 3 3 10 4 303
3 3 3 11 2 181
3 3 3 12 11 11700
3 3 4 0 1 20
3 3 4 7 1 14
3 3 4 10 1 8
3 3 6 7 1 8
3 3 8 0 1 14
3 3 8 4 1 8
3 3 8 6 1 14
3 3 8 7 1 20
3 3 10 1 1 8
3 3 10 8 1 19
3 3 12 5 1 14
3 3 12 6 1 91
3 3 12 9 1 19
3 3 12 11 2 59
3 4 0 1 1 15
3 4 0 3 1 4
3 4 1 0 1 48
3 4 1 1 1 15
3 4 1 2 4 1494
3 4 1 3 1 26
3 4 1 5 1 37
3 4 1 7 1 48
3 4 1 11 2 233
3 4 1 12 1 4
3 4 2 8 1 4
3 4 3 0 12 11029
3 4 3 1 5 1144
3 4 3 2 4 457
3 4 3 3 2 195
3 4 3 4 64 452287
3 4 3 5 4 1610
3 4 3 6 3 494
3 4 3 7 6 2395
3 4 3 8 4 699
3 4 3 9 3 259
3 4 3 10 2 173
3 4 3 11 7 5404
3 4 3 12 3 824
3 4 4 0 1 4
3 4 5 9 1 4
3 4 6 4 1 15
3 4 6 5 1 4
3 4 7 1 1 4
3 4 8 7 1 30
3 4 8 10 2 10
3 4 9 6 1 4
3 4 10 2 1 4
3 4 10 9 1 15
3 4 10 11 1 99
3 4 10 12 1 30
3 4 11 11 1 4
3 4 12 0 1 138
3 4 12 3 1 26
3 4 12 5 1 15
3 4 12 7 3 91
3 4 12 10 1 44
3 4 12 11 1 130
3 4 12 12 1 42
3 5 1 1 2 441
3 5 1 2 1 95
3 5 1 4 1 12
3 5 1 5 1 11
3 5 1 6 1 111
3 5 1 7 1 22
3 5 1 9 1 33
3 5 1 11 1 44
3 5 2 2 1 7
3 5 2 7 1 12
3 5 3 0 5 860
3 5 3 1 4 369
3 5 3 2 2 187
3 5 3 3 16 28448
3 5 3 4 4 1234
3 5 3 5 51 289783
3 5 3 6 6 1711
3 5 3 7 4 611
3 5 3 8 3 235
3 5 3 9 2 165
3 5 3 10 6 3182
3 5 3 11 3 704
3 5 3 12 9 5332
3 5 6 2 1 11
3 5 8 6 2 51
3 5 8 8 1 26
3 5 8 10 1 26
3 5 8 12 1 12
3 5 10 10 1 11
3 5 12 1 2 89
3 5 12 4 1 24
3 5 12 8 1 26
3 5 12 12 2 154
3 6 0 3 1 7
3 6 0 4 1 4
3 6 0 8 1 10
3 6 1 0 2 237
3 6 1 2 1 40
3 6 1 4 3 1054
3 6 1 9 2 124
3 6 1 10 1 75
3 6 1 11 1 18
3 6 2 2 1 7
3 6 3 0 4 281
3 6 3 1 2 179
3 6 3 2 10 9337
3 6 3 3 3 914
3 6 3 4 16 25359
3 6 3 5 5 1357
3 6 3 6 4 523
3 6 3 7 3 211
3 6 3 8 2 157
3 6 3 9 5 2112
3 6 3 10 3 584
3 6 3 11 7 3259
3 6 3 12 4 765
3 6 4 1 1 7
3 6 4 11 1 10
3 6 5 6 1 4
3 6 6 0 1 7
3 6 8 1 1 10
3 6 8 2 1 4
3 6 8 12 1 7
3 6 10 5 1 18
3 6 10 11 1 7
3 6 12 0 1 92
3 6 12 2 1 54
3 6 12 4 1 10
3 6 12 5 1 42
3 6 12 8 1 18
3 6 12 10 2 49
3 7 0 1 1 6
3 7 0 3 1 3
3 7 0 11 1 5
3 7 1 0 2 6
3 7 1 1 1 39
3 7 1 2 1 14
3 7 1 3 2 427
3 7 1 4 1 25
3 7 1 6 1 36
3 7 1 8 1 47
3 7 1 12 1 170
3 7 2 10 1 3
3 7 3 0 2 171
3 7 3 1 7 4704
3 7 3 2 3 794
3 7 3 3 11 8935
3 7 3 4 5 1073
3 7 3 5 4 435
3 7 3 6 2 193
3 7 3 7 38 147782
3 7 3 8 4 1516
3 7 3 9 3 464
3 7 3 10 6 2224
3 7 3 11 4 677
3 7 3 12 3 253
3 7 4 4 1 3
3 7 5 1 1 3
3 7 6 10 1 6
3 7 6 11 1 3
3 7 7 5 1 6
3 7 7 8 1 3
3 7 8 5 1 3
3 7 8 8 1 14
3 7 8 10 1 40
3 7 9 2 1 3
3 7 10 6 1 14
3 7 10 9 1 5
3 7 10 12 2 6
3 7 11 9 1 3
3 7 12 2 1 25
3 7 12 3 1 182
3 7 12 4 1 14
3 7 12 6 3 12
3 7 12 9 1 28
3 7 12 11 1 38
3 7 12 12 1 102
3 8 1 2 1 220
3 8 1 3 1 70
3 8 1 5 1 3
3 8 1 6 4 927
3 8 1 7 1 102
3 8 1 8 1 21
3 8 1 10 1 32
3 8 1 12 1 43
3 8 2 9 1 3
3 8 3 0 7 2774
3 8 3 1 3 674
3 8 3 2 8 4679
3 8 3 3 4 831
3 8 3 4 4 347
3 8 3 5 2 185
3 8 3 6 14 20188
3 8 3 7 4 1140
3 8 3 8 33 113410
3 8 3 9 5 1570
3 8 3 10 4 589
3 8 3 11 3 229
3 8 3 12 2 163
3 8 6 8 1 10
3 8 6 11 1 35
3 8 8 1 2 25
3 8 8 3 1 22
3 8 8 7 1 3
3 8 9 11 1 3
3 8 10 2 1 3
3 8 10 7 1 10
3 8 12 0 2 79
3 8 12 2 1 48
3 8 12 7 1 22
3 8 12 11 1 21
3 9 0 3 1 6
3 9 0 8 1 6
3 9 1 1 2 67
3 9 1 3 1 39
3 9 1 5 2 335
3 9 1 10 2 42
3 9 1 11 1 66
3 9 1 12 1 17
3 9 2 4 1 6
3 9 3 0 3 554
3 9 3 1 7 2919
3 9 3 2 4 743
3 9 3 3 3 271
3 9 3 4 2 177
3 9 3 5 9 7682
3 9 3 6 3 884
3 9 3 7 14 18454
3 9 3 8 5 1286
3 9 3 9 4 501
3 9 3 10 3 205
3 9 3 11 2 155
3 9 3 12 5 1897
3 9 4 2 1 6
3 9 4 5 1 6
3 9 5 7 1 6
3 9 6 6 1 6
3 9 8 7 1 6
3 9 8 9 1 6
3 9 9 1 1 6
3 9 10 1 1 70
3 9 10 2 1 17
3 9 10 8 1 6
3 9 11 2 1 6
3 9 12 1 1 50
3 9 12 3 1 6
3 9 12 5 1 28
3 9 12 7 1 17
3 9 12 9 2 39
3 9 12 12 1 76
3 10 0 3 2 4
3 10 1 0 1 145
3 10 1 1 2 4
3 10 1 2 1 30
3 10 1 3 1 13
3 10 1 4 1 129
3 10 1 5 1 24
3 10 1 7 1 35
3 10 1 9 1 46
3 10 2 12 2 4
3 10 3 0 6 2053
3 10 3 1 4 655
3 10 3 2 3 247
3 10 3 3 2 169
3 10 3 4 6 4004
3 10 3 5 3 764
3 10 3 6 10 7444
3 10 3 7 5 1002
3 10 3 8 4 413
3 10 3 9 2 191
3 10 3 10 27 72521
3 10 3 11 4 1422
3 10 3 12 3 434
3 10 4 1 1 12
3 10 4 8 2 4
3 10 5 6 1 2
3 10 6 0 1 35
3 10 6 4 2 4
3 10 7 2 1 2
3 10 8 0 2 4
3 10 8 3 1 13
3 10 8 9 1 30
3 10 8 11 1 9
3 10 9 11 1 2
3 10 10 3 1 13
3 10 10 9 2 4
3 10 11 7 1 2
3 10 12 1 1 24
3 10 12 3 1 13
3 10 12 5 2 4
3 10 12 6 1 152
3 10 12 8 1 12
3 10 12 10 1 34
3 10 12 11 1 66
4 0 0 1 1 12
4 0 0 3 3 45
4 0 0 7 1 76
4 0 1 4 1 12
4 0 1 12 1 4
4 0 2 3 1 26
4 0 2 5 1 148
4 0 2 6 1 30
4 0 2 7 1 37
4 0 2 8 1 4
4 0 2 9 2 641
4 0 2 10 1 74
4 0 2 12 1 15
4 0 3 4 1 4
4 0 4 0 3 171
4 0 4 1 2 137
4 0 4 2 1 114
4 0 4 3 5 1348
4 0 4 4 2 357
4 0 4 5 1 136
4 0 4 6 1 48
4 0 4 7 6 3843
4 0 4 8 3 468
4 0 4 9 2 247
4 0 4 10 1 125
4 0 4 11 18 33697
4 0 4 12 3 803
4 0 5 9 1 4
4 0 6 5 1 4
4 0 7 1 1 4
4 0 7 8 1 20
4 0 7 9 1 12
4 0 8 10 1 4
4 0 9 6 1 4
4 0 9 12 1 28
4 0 10 2 1 4
4 0 11 5 1 60
4 0 11 7 1 15
4 0 11 10 1 30
4 0 11 11 1 4
4 0 12 7 1 4
4 1 0 3 5 38
4 1 0 6 1 112
4 1 0 11 1 55
4 1 1 2 2 2
4 1 2 0 1 34
4 1 2 1 3 3
4 1 2 2 1 104
4 1 2 3 1 62
4 1 2 4 1 45
4 1 2 5 1 12
4 1 2 8 1 238
4 1 2 9 1 23
4 1 2 10 2 596
4 1 2 11 1 100
4 1 2 12 1 18
4 1 3 0 2 2
4 1 3 5 1 12
4 1 4 0 2 107
4 1 4 1 1 111
4 1 4 2 4 972
4 1 4 3 2 327
4 1 4 4 1 133
4 1 4 5 1 45
4 1 4 6 5 2134
4 1 4 7 3 387
4 1 4 8 2 217
4 1 4 9 1 122
4 1 4 10 9 7750
4 1 4 11 3 626
4 1 4 12 4 147
4 1 5 11 3 3
4 1 6 10 2 2
4 1 7 9 4 21
4 1 8 8 2 2
4 1 9 7 3 3
4 1 9 12 1 12
4 1 10 6 2 2
4 1 11 0 1 35
4 1 11 1 1 12
4 1 11 4 1 18
4 1 11 5 3 3
4 1 11 12 1 12
4 1 12 4 2 2
4 2 0 1 1 57
4 2 0 3 2 29
4 2 0 5 1 44
4 2 0 9 1 144
4 2 2 2 1 20
4 2 2 3 1 119
4 2 2 4 1 52
4 2 2 5 1 6
4 2 2 6 1 31
4 2 2 7 1 165
4 2 2 9 1 50
4 2 2 10 1 42
4 2 2 11 1 9
4 2 3 10 1 6
4 2 4 0 15 24209
4 2 4 1 4 648
4 2 4 2 2 297
4 2 4 3 1 130
4 2 4 4 1 42
4 2 4 5 4 1384
4 2 4 6 3 306
4 2 4 7 2 187
4 2 4 8 1 119
4 2 4 9 6 3311
4 2 4 10 3 449
4 2 4 11 1 141
4 2 4 12 2 77
4 2 5 10 1 9
4 2 7 4 1 6
4 2 7 5 1 9
4 2 7 8 1 6
4 2 8 9 1 6
4 2 9 0 1 9
4 2 9 1 1 35
4 2 11 2 1 24
4 2 11 8 1 9
4 2 11 11 1 6
4 2 12 3 1 6
4 3 0 1 1 30
4 3 0 3 2 23
4 3 0 8 1 15
4 3 1 10 1 6
4 3 2 2 1 38
4 3 2 3 1 39
4 3 2 4 1 6
4 3 2 6 1 82
4 3 2 8 2 121
4 3 2 10 1 4
4 3 2 12 1 28
4 3 3 11 1 6
4 3 4 0 3 522
4 3 4 1 2 267
4 3 4 2 1 127
4 3 4 3 1 39
4 3 4 4 3 921
4 3 4 5 3 225
4 3 4 6 2 157
4 3 4 7 1 116
4 3 4 8 5 1902
4 3 4 9 2 377
4 3 4 10 1 138
4 3 4 11 1 50
4 3 4 12 8 6650
4 3 5 12 1 6
4 3 7 0 1 6
4 3 7 12 1 4
4 3 9 1 1 6
4 3 11 0 1 30
4 3 11 2 1 6
4 3 11 7 1 15
4 3 11 11 1 17
4 3 12 1 1 4
4 3 12 9 1 6
4 4 0 1 1 3
4 4 0 3 4 45
4 4 0 11 1 105
4 4 1 0 1 3
4 4 1 5 1 3
4 4 2 0 2 383
4 4 2 1 1 14
4 4 2 5 1 25
4 4 2 7 1 132
4 4 2 8 1 26
4 4 2 9 2 39
4 4 2 10 2 6
4 4 2 11 1 232
4 4 2 12 1 70
4 4 3 7 1 3
4 4 4 0 2 237
4 4 4 1 1 124
4 4 4 2 13 18090
4 4 4 3 3 744
4 4 4 4 3 152
4 4 4 5 2 127
4 4 4 6 1 113
4 4 4 7 4 1188
4 4 4 8 2 347
4 4 4 9 1 135
4 4 4 10 1 47
4 4 4 11 6 3077
4 4 4 12 3 441
4 4 5 1 1 3
4 4 6 11 1 3
4 4 7 3 1 3
4 4 7 8 1 3
4 4 8 5 1 3
4 4 8 7 1 3
4 4 9 2 1 3
4 4 9 7 1 14
4 4 10 12 1 3
4 4 11 3 1 44
4 4 11 5 1 14
4 4 11 7 1 56
4 4 11 8 1 26
4 4 11 9 2 6
4 4 12 6 1 3
4 5 0 1 1 75
4 5 0 3 2 33
4 5 0 6 1 63
4 5 0 11 1 30
4 5 2 0 1 84
4 5 2 1 1 14
4 5 2 2 1 33
4 5 2 3 3 1158
4 5 2 4 1 40
4 5 2 5 1 58
4 5 2 6 1 44
4 5 2 7 1 11
4 5 2 10 1 42
4 5 2 11 1 22
4 5 2 12 1 217
4 5 3 4 1 14
4 5 4 0 1 121
4 5 4 1 8 5654
4 5 4 2 3 567
4 5 4 3 1 143
4 5 4 4 2 97
4 5 4 5 37 162872
4 5 4 6 4 864
4 5 4 7 2 317
4 5 4 8 1 132
4 5 4 9 1 44
4 5 4 10 4 1744
4 5 4 11 3 360
4 5 4 12 2 207
4 5 7 3 1 14
4 5 7 4 1 11
4 5 9 8 1 11
4 5 9 10 1 44
4 5 11 2 1 14
4 5 11 6 1 42
4 5 11 12 1 11
4 6 0 1 1 48
4 6 0 3 2 27
4 6 0 8 1 2
4 6 0 9 1 63
4 6 1 1 1 2
4 6 2 0 1 8
4 6 2 2 2 379
4 6 2 4 3 937
4 6 2 5 1 70
4 6 2 6 1 36
4 6 2 7 1 2
4 6 2 8 1 30
4 6 2 9 1 44
4 6 2 11 1 46
4 6 2 12 1 41
4 6 3 0 1 2
4 6 3 5 1 8
4 6 4 0 6 2745
4 6 4 1 2 397
4 6 4 2 1 140
4 6 4 3 2 67
4 6 4 4 11 14132
4 6 4 5 3 576
4 6 4 6 3 289
4 6 4 7 1 129
4 6 4 8 1 41
4 6 4 9 4 1204
4 6 4 10 3 279
4 6 4 11 2 177
4 6 4 12 1 118
4 6 5 2 1 8
4 6 5 10 1 15
4 6 5 12 1 2
4 6 7 11 1 2
4 6 7 12 1 8
4 6 8 4 1 2
4 6 9 9 1 8
4 6 9 10 2 12
4 6 11 0 2 85
