==============================================================================
EXPERIMENT 370R — EXACT MODULAR NULLSPACE GENERATOR / SMITH-LIFT AUDIT
==============================================================================

==============================================================================
1. EXACT MODULAR NULLSPACE GENERATOR AUDIT
==============================================================================

  SUPPORT=horizontal_width3
    rational_rank=3
    columns=3

    prime=2:
      rank_mod=2
      nullity_mod=1
      canonical_basis=[(0, 1, 1)]
      smallest_basis_vector=(0, 1, 1)

  SUPPORT=vertical_width3
    rational_rank=3
    columns=3

    prime=2:
      rank_mod=2
      nullity_mod=1
      canonical_basis=[(0, 0, 1)]
      smallest_basis_vector=(0, 0, 1)

  SUPPORT=rectangle_2x2
    rational_rank=4
    columns=4

    prime=2:
      rank_mod=3
      nullity_mod=1
      canonical_basis=[(0, 0, 0, 1)]
      smallest_basis_vector=(0, 0, 0, 1)

    prime=3:
      rank_mod=3
      nullity_mod=1
      canonical_basis=[(1, 1, -1, 1)]
      smallest_basis_vector=(1, 1, -1, 1)

  SUPPORT=transport_3
    rational_rank=3
    columns=3

    prime=2:
      rank_mod=2
      nullity_mod=1
      canonical_basis=[(0, 0, 1)]
      smallest_basis_vector=(0, 0, 1)

  SUPPORT=lower_transport_3
    rational_rank=3
    columns=3

    prime=2:
      rank_mod=2
      nullity_mod=1
      canonical_basis=[(0, 0, 1)]
      smallest_basis_vector=(0, 0, 1)

  SUPPORT=diamond_5
    rational_rank=5
    columns=5

    prime=2:
      rank_mod=3
      nullity_mod=2
      canonical_basis=[(0, 0, 0, 1, 0), (0, 0, 0, 0, 1)]
      smallest_basis_vector=(0, 0, 0, 0, 1)

    prime=3:
      rank_mod=3
      nullity_mod=2
      canonical_basis=[(1, 1, -1, 1, 0), (0, 0, 0, 0, 1)]
      smallest_basis_vector=(0, 0, 0, 0, 1)

  SUPPORT=rectangle_2x3
    rational_rank=4
    columns=6
    rational_primitive_generators=[(66910098968821626560681231864276, -37156606299505784141549564937213184, -7199088880587877081374406586678456, -25055552904787064709687522610239088, 1571120091062997865666248958804881, 0), (1720772032362830410897392445961668, 46909892896845548388620095846503772, 12323869176395845041588910973036744, 22836937474762649888731743734269285, 0, 7855600455314989328331244794024405)]

    prime=2:
      rank_mod=3
      nullity_mod=3
      canonical_basis=[(0, 0, 0, 1, 0, 0), (0, 0, 0, 0, 1, 0), (0, 0, 0, 0, 0, 1)]
      smallest_basis_vector=(0, 0, 0, 0, 0, 1)

    prime=3:
      rank_mod=3
      nullity_mod=3
      canonical_basis=[(1, 1, -1, 1, 0, 0), (0, 0, 0, 0, 1, 0), (-1, -1, -1, 0, 0, 1)]
      smallest_basis_vector=(0, 0, 0, 0, 1, 0)

    prime=5:
      rank_mod=4
      nullity_mod=2
      canonical_basis=[(2, -2, 1, 0, 0, 0), (-2, -1, 0, 2, 1, 0)]
      smallest_basis_vector=(2, -2, 1, 0, 0, 0)

    prime=7:
      rank_mod=4
      nullity_mod=2
      canonical_basis=[(2, 3, -1, 1, 1, 0), (-3, 1, 0, 2, 0, 1)]
      smallest_basis_vector=(-3, 1, 0, 2, 0, 1)

    prime=11:
      rank_mod=4
      nullity_mod=2
      canonical_basis=[(-4, -1, -1, -2, 1, 0), (-5, -2, 0, 0, 0, 1)]
      smallest_basis_vector=(-5, -2, 0, 0, 0, 1)

    prime=13:
      rank_mod=4
      nullity_mod=2
      canonical_basis=[(-6, -5, -3, 1, 1, 0), (4, -1, -4, -5, 0, 1)]
      smallest_basis_vector=(4, -1, -4, -5, 0, 1)

    prime=17:
      rank_mod=4
      nullity_mod=2
      canonical_basis=[(-3, 8, -4, -7, 1, 0), (8, 8, -1, -8, 0, 1)]
      smallest_basis_vector=(-3, 8, -4, -7, 1, 0)

    prime=19:
      rank_mod=4
      nullity_mod=2
      canonical_basis=[(7, -1, 0, -4, 1, 0), (4, -1, -5, 9, 0, 1)]
      smallest_basis_vector=(7, -1, 0, -4, 1, 0)

    prime=23:
      rank_mod=4
      nullity_mod=2
      canonical_basis=[(-5, 1, -10, -5, 1, 0), (7, -2, -5, 11, 0, 1)]
      smallest_basis_vector=(-5, 1, -10, -5, 1, 0)

    prime=29:
      rank_mod=4
      nullity_mod=2
      canonical_basis=[(12, 11, -3, 10, 1, 0), (-7, 2, 1, 5, 0, 1)]
      smallest_basis_vector=(-7, 2, 1, 5, 0, 1)

    prime=31:
      rank_mod=4
      nullity_mod=2
      canonical_basis=[(-5, -5, -4, 4, 1, 0), (8, 3, -6, -14, 0, 1)]
      smallest_basis_vector=(-5, -5, -4, 4, 1, 0)

    prime=37:
      rank_mod=4
      nullity_mod=2
      canonical_basis=[(3, -15, -17, -9, 1, 0), (7, 6, 16, -8, 0, 1)]
      smallest_basis_vector=(7, 6, 16, -8, 0, 1)

    prime=41:
      rank_mod=4
      nullity_mod=2
      canonical_basis=[(-2, 14, 2, 13, 1, 0), (6, 2, -2, -12, 0, 1)]
      smallest_basis_vector=(6, 2, -2, -12, 0, 1)

    prime=43:
      rank_mod=4
      nullity_mod=2
      canonical_basis=[(-21, 12, -7, -21, 1, 0), (9, 21, -6, 4, 0, 1)]
      smallest_basis_vector=(9, 21, -6, 4, 0, 1)

    prime=47:
      rank_mod=4
      nullity_mod=2
      canonical_basis=[(-22, -4, 21, 23, 1, 0), (3, 1, -15, -14, 0, 1)]
      smallest_basis_vector=(3, 1, -15, -14, 0, 1)

    prime=53:
      rank_mod=4
      nullity_mod=2
      canonical_basis=[(9, -25, -18, -17, 1, 0), (3, -6, -25, 24, 0, 1)]
      smallest_basis_vector=(3, -6, -25, 24, 0, 1)

  SUPPORT=triangle_6
    rational_rank=4
    columns=6
    rational_primitive_generators=[(12004420805729101076675042643068, -6361872709601169159887531495268778, 94267205463779871939974937528292860, -785812994014075537338513417218366, -880426454826769094940944241021085, 0), (153946207382784902980850036123004, -80634561171928549683823695744446304, 1503333174287223882581251356614345280, -8497574959172655175680958747134408, 0, -880426454826769094940944241021085)]

    prime=2:
      rank_mod=3
      nullity_mod=3
      canonical_basis=[(0, 1, 1, 0, 0, 0), (0, 0, 0, 0, 1, 0), (0, 0, 0, 0, 0, 1)]
      smallest_basis_vector=(0, 0, 0, 0, 0, 1)

    prime=3:
      rank_mod=4
      nullity_mod=2
      canonical_basis=[(1, 1, 0, -1, 1, 0), (0, 0, 0, 0, 0, 1)]
      smallest_basis_vector=(0, 0, 0, 0, 0, 1)

    prime=5:
      rank_mod=4
      nullity_mod=2
      canonical_basis=[(2, -2, 0, 1, 0, 0), (-2, -1, 0, 0, 2, 1)]
      smallest_basis_vector=(2, -2, 0, 1, 0, 0)

    prime=7:
      rank_mod=4
      nullity_mod=2
      canonical_basis=[(-1, 3, -3, -1, 1, 0), (3, 0, 3, 0, 0, 1)]
      smallest_basis_vector=(3, 0, 3, 0, 0, 1)

    prime=11:
      rank_mod=4
      nullity_mod=2
      canonical_basis=[(-5, -3, -1, -5, 1, 0), (-3, 4, -2, 0, 0, 1)]
      smallest_basis_vector=(-3, 4, -2, 0, 0, 1)

    prime=13:
      rank_mod=4
      nullity_mod=2
      canonical_basis=[(2, 0, -3, 2, 1, 0), (5, -5, 3, -5, 0, 1)]
      smallest_basis_vector=(2, 0, -3, 2, 1, 0)

    prime=17:
      rank_mod=4
      nullity_mod=2
      canonical_basis=[(7, -6, -1, -5, 1, 0), (-5, 0, -7, -5, 0, 1)]
      smallest_basis_vector=(-5, 0, -7, -5, 0, 1)

    prime=19:
      rank_mod=4
      nullity_mod=2
      canonical_basis=[(7, -7, -5, -1, 1, 0), (-3, 9, -1, -4, 0, 1)]
      smallest_basis_vector=(-3, 9, -1, -4, 0, 1)

    prime=23:
      rank_mod=4
      nullity_mod=2
      canonical_basis=[(0, -7, 5, 6, 1, 0), (-5, -11, 2, -3, 0, 1)]
      smallest_basis_vector=(0, -7, 5, 6, 1, 0)

    prime=29:
      rank_mod=4
      nullity_mod=2
      canonical_basis=[(6, -13, 4, 8, 1, 0), (10, -4, -11, 4, 0, 1)]
      smallest_basis_vector=(10, -4, -11, 4, 0, 1)

    prime=31:
      rank_mod=4
      nullity_mod=2
      canonical_basis=[(-3, -12, -6, 6, 1, 0), (7, 12, -7, 3, 0, 1)]
      smallest_basis_vector=(-3, -12, -6, 6, 1, 0)

    prime=37:
      rank_mod=4
      nullity_mod=2
      canonical_basis=[(-9, 17, 12, 0, 1, 0), (-4, -10, -3, -17, 0, 1)]
      smallest_basis_vector=(-4, -10, -3, -17, 0, 1)

    prime=41:
      rank_mod=4
      nullity_mod=2
      canonical_basis=[(18, -13, -4, -11, 1, 0), (10, 19, 11, -19, 0, 1)]
      smallest_basis_vector=(18, -13, -4, -11, 1, 0)

    prime=43:
      rank_mod=4
      nullity_mod=2
      canonical_basis=[(-15, 12, -14, -18, 1, 0), (8, 6, 7, 2, 0, 1)]
      smallest_basis_vector=(8, 6, 7, 2, 0, 1)

    prime=47:
      rank_mod=4
      nullity_mod=2
      canonical_basis=[(-6, 3, 7, 19, 1, 0), (22, 21, -20, 7, 0, 1)]
      smallest_basis_vector=(-6, 3, 7, 19, 1, 0)

    prime=53:
      rank_mod=4
      nullity_mod=2
      canonical_basis=[(2, -2, 18, -23, 1, 0), (-10, -6, -12, 15, 0, 1)]
      smallest_basis_vector=(-10, -6, -12, 15, 0, 1)

==============================================================================
2. RATIONAL-RELATION REDUCTION AUDIT
==============================================================================

  SUPPORT=rectangle_2x3
    primitive_rational_generators=[(66910098968821626560681231864276, -37156606299505784141549564937213184, -7199088880587877081374406586678456, -25055552904787064709687522610239088, 1571120091062997865666248958804881, 0), (1720772032362830410897392445961668, 46909892896845548388620095846503772, 12323869176395845041588910973036744, 22836937474762649888731743734269285, 0, 7855600455314989328331244794024405)]

    prime=2:
      generator=(66910098968821626560681231864276, -37156606299505784141549564937213184, -7199088880587877081374406586678456, -25055552904787064709687522610239088, 1571120091062997865666248958804881, 0) -> (0, 0, 0, 0, 1, 0) : NONZERO_REDUCTION
      generator=(1720772032362830410897392445961668, 46909892896845548388620095846503772, 12323869176395845041588910973036744, 22836937474762649888731743734269285, 0, 7855600455314989328331244794024405) -> (0, 0, 0, 1, 0, 1) : NONZERO_REDUCTION

    prime=3:
      generator=(66910098968821626560681231864276, -37156606299505784141549564937213184, -7199088880587877081374406586678456, -25055552904787064709687522610239088, 1571120091062997865666248958804881, 0) -> (-1, -1, 1, -1, 0, 0) : NONZERO_REDUCTION
      generator=(1720772032362830410897392445961668, 46909892896845548388620095846503772, 12323869176395845041588910973036744, 22836937474762649888731743734269285, 0, 7855600455314989328331244794024405) -> (1, 1, -1, 1, 0, 0) : NONZERO_REDUCTION

    prime=5:
      generator=(66910098968821626560681231864276, -37156606299505784141549564937213184, -7199088880587877081374406586678456, -25055552904787064709687522610239088, 1571120091062997865666248958804881, 0) -> (1, 1, -1, 2, 1, 0) : NONZERO_REDUCTION
      generator=(1720772032362830410897392445961668, 46909892896845548388620095846503772, 12323869176395845041588910973036744, 22836937474762649888731743734269285, 0, 7855600455314989328331244794024405) -> (-2, 2, -1, 0, 0, 0) : NONZERO_REDUCTION

    prime=7:
      generator=(66910098968821626560681231864276, -37156606299505784141549564937213184, -7199088880587877081374406586678456, -25055552904787064709687522610239088, 1571120091062997865666248958804881, 0) -> (-2, -3, 1, -1, -1, 0) : NONZERO_REDUCTION
      generator=(1720772032362830410897392445961668, 46909892896845548388620095846503772, 12323869176395845041588910973036744, 22836937474762649888731743734269285, 0, 7855600455314989328331244794024405) -> (1, 2, 0, -3, 0, 2) : NONZERO_REDUCTION

    prime=11:
      generator=(66910098968821626560681231864276, -37156606299505784141549564937213184, -7199088880587877081374406586678456, -25055552904787064709687522610239088, 1571120091062997865666248958804881, 0) -> (5, 4, 4, -3, -4, 0) : NONZERO_REDUCTION
      generator=(1720772032362830410897392445961668, 46909892896845548388620095846503772, 12323869176395845041588910973036744, 22836937474762649888731743734269285, 0, 7855600455314989328331244794024405) -> (1, -4, 0, 0, 0, 2) : NONZERO_REDUCTION

    prime=13:
      generator=(66910098968821626560681231864276, -37156606299505784141549564937213184, -7199088880587877081374406586678456, -25055552904787064709687522610239088, 1571120091062997865666248958804881, 0) -> (5, 2, -4, -3, -3, 0) : NONZERO_REDUCTION
      generator=(1720772032362830410897392445961668, 46909892896845548388620095846503772, 12323869176395845041588910973036744, 22836937474762649888731743734269285, 0, 7855600455314989328331244794024405) -> (5, 2, -5, -3, 0, -2) : NONZERO_REDUCTION

    prime=17:
      generator=(66910098968821626560681231864276, -37156606299505784141549564937213184, -7199088880587877081374406586678456, -25055552904787064709687522610239088, 1571120091062997865666248958804881, 0) -> (-8, -7, -5, 4, -3, 0) : NONZERO_REDUCTION
      generator=(1720772032362830410897392445961668, 46909892896845548388620095846503772, 12323869176395845041588910973036744, 22836937474762649888731743734269285, 0, 7855600455314989328331244794024405) -> (-1, -1, -2, 1, 0, 2) : NONZERO_REDUCTION

    prime=19:
      generator=(66910098968821626560681231864276, -37156606299505784141549564937213184, -7199088880587877081374406586678456, -25055552904787064709687522610239088, 1571120091062997865666248958804881, 0) -> (-5, -2, 0, -8, 2, 0) : NONZERO_REDUCTION
      generator=(1720772032362830410897392445961668, 46909892896845548388620095846503772, 12323869176395845041588910973036744, 22836937474762649888731743734269285, 0, 7855600455314989328331244794024405) -> (2, 9, 7, -5, 0, -9) : NONZERO_REDUCTION

    prime=23:
      generator=(66910098968821626560681231864276, -37156606299505784141549564937213184, -7199088880587877081374406586678456, -25055552904787064709687522610239088, 1571120091062997865666248958804881, 0) -> (-7, 6, 9, -7, 6, 0) : NONZERO_REDUCTION
      generator=(1720772032362830410897392445961668, 46909892896845548388620095846503772, 12323869176395845041588910973036744, 22836937474762649888731743734269285, 0, 7855600455314989328331244794024405) -> (3, 9, 11, 8, 0, 7) : NONZERO_REDUCTION

    prime=29:
      generator=(66910098968821626560681231864276, -37156606299505784141549564937213184, -7199088880587877081374406586678456, -25055552904787064709687522610239088, 1571120091062997865666248958804881, 0) -> (13, -5, 4, 6, -11, 0) : NONZERO_REDUCTION
      generator=(1720772032362830410897392445961668, 46909892896845548388620095846503772, 12323869176395845041588910973036744, 22836937474762649888731743734269285, 0, 7855600455314989328331244794024405) -> (8, 6, 3, -14, 0, 3) : NONZERO_REDUCTION

    prime=31:
      generator=(66910098968821626560681231864276, -37156606299505784141549564937213184, -7199088880587877081374406586678456, -25055552904787064709687522610239088, 1571120091062997865666248958804881, 0) -> (5, 5, 4, -4, -1, 0) : NONZERO_REDUCTION
      generator=(1720772032362830410897392445961668, 46909892896845548388620095846503772, 12323869176395845041588910973036744, 22836937474762649888731743734269285, 0, 7855600455314989328331244794024405) -> (-9, -15, -1, 8, 0, -5) : NONZERO_REDUCTION

    prime=37:
      generator=(66910098968821626560681231864276, -37156606299505784141549564937213184, -7199088880587877081374406586678456, -25055552904787064709687522610239088, 1571120091062997865666248958804881, 0) -> (-4, -17, -2, 12, 11, 0) : NONZERO_REDUCTION
      generator=(1720772032362830410897392445961668, 46909892896845548388620095846503772, 12323869176395845041588910973036744, 22836937474762649888731743734269285, 0, 7855600455314989328331244794024405) -> (15, -3, -8, 4, 0, 18) : NONZERO_REDUCTION

    prime=41:
      generator=(66910098968821626560681231864276, -37156606299505784141549564937213184, -7199088880587877081374406586678456, -25055552904787064709687522610239088, 1571120091062997865666248958804881, 0) -> (-1, 7, 1, -14, -20, 0) : NONZERO_REDUCTION
      generator=(1720772032362830410897392445961668, 46909892896845548388620095846503772, 12323869176395845041588910973036744, 22836937474762649888731743734269285, 0, 7855600455314989328331244794024405) -> (15, 5, -5, 11, 0, -18) : NONZERO_REDUCTION

    prime=43:
      generator=(66910098968821626560681231864276, -37156606299505784141549564937213184, -7199088880587877081374406586678456, -25055552904787064709687522610239088, 1571120091062997865666248958804881, 0) -> (-9, -1, -3, -9, -18, 0) : NONZERO_REDUCTION
      generator=(1720772032362830410897392445961668, 46909892896845548388620095846503772, 12323869176395845041588910973036744, 22836937474762649888731743734269285, 0, 7855600455314989328331244794024405) -> (7, 2, -19, -16, 0, -4) : NONZERO_REDUCTION

    prime=47:
      generator=(66910098968821626560681231864276, -37156606299505784141549564937213184, -7199088880587877081374406586678456, -25055552904787064709687522610239088, 1571120091062997865666248958804881, 0) -> (10, -11, -1, -19, -9, 0) : NONZERO_REDUCTION
      generator=(1720772032362830410897392445961668, 46909892896845548388620095846503772, 12323869176395845041588910973036744, 22836937474762649888731743734269285, 0, 7855600455314989328331244794024405) -> (6, 2, 17, 19, 0, 2) : NONZERO_REDUCTION

    prime=53:
      generator=(66910098968821626560681231864276, -37156606299505784141549564937213184, -7199088880587877081374406586678456, -25055552904787064709687522610239088, 1571120091062997865666248958804881, 0) -> (24, 4, 5, -10, -15, 0) : NONZERO_REDUCTION
      generator=(1720772032362830410897392445961668, 46909892896845548388620095846503772, 12323869176395845041588910973036744, 22836937474762649888731743734269285, 0, 7855600455314989328331244794024405) -> (-13, 26, 20, 2, 0, -22) : NONZERO_REDUCTION

  SUPPORT=triangle_6
    primitive_rational_generators=[(12004420805729101076675042643068, -6361872709601169159887531495268778, 94267205463779871939974937528292860, -785812994014075537338513417218366, -880426454826769094940944241021085, 0), (153946207382784902980850036123004, -80634561171928549683823695744446304, 1503333174287223882581251356614345280, -8497574959172655175680958747134408, 0, -880426454826769094940944241021085)]

    prime=2:
      generator=(12004420805729101076675042643068, -6361872709601169159887531495268778, 94267205463779871939974937528292860, -785812994014075537338513417218366, -880426454826769094940944241021085, 0) -> (0, 0, 0, 0, 1, 0) : NONZERO_REDUCTION
      generator=(153946207382784902980850036123004, -80634561171928549683823695744446304, 1503333174287223882581251356614345280, -8497574959172655175680958747134408, 0, -880426454826769094940944241021085) -> (0, 0, 0, 0, 0, 1) : NONZERO_REDUCTION

    prime=3:
      generator=(12004420805729101076675042643068, -6361872709601169159887531495268778, 94267205463779871939974937528292860, -785812994014075537338513417218366, -880426454826769094940944241021085, 0) -> (-1, -1, 0, 1, -1, 0) : NONZERO_REDUCTION
      generator=(153946207382784902980850036123004, -80634561171928549683823695744446304, 1503333174287223882581251356614345280, -8497574959172655175680958747134408, 0, -880426454826769094940944241021085) -> (0, 0, 0, 0, 0, -1) : NONZERO_REDUCTION

    prime=5:
      generator=(12004420805729101076675042643068, -6361872709601169159887531495268778, 94267205463779871939974937528292860, -785812994014075537338513417218366, -880426454826769094940944241021085, 0) -> (-2, 2, 0, -1, 0, 0) : NONZERO_REDUCTION
      generator=(153946207382784902980850036123004, -80634561171928549683823695744446304, 1503333174287223882581251356614345280, -8497574959172655175680958747134408, 0, -880426454826769094940944241021085) -> (-1, 1, 0, 2, 0, 0) : NONZERO_REDUCTION

    prime=7:
      generator=(12004420805729101076675042643068, -6361872709601169159887531495268778, 94267205463779871939974937528292860, -785812994014075537338513417218366, -880426454826769094940944241021085, 0) -> (1, -3, 3, 1, -1, 0) : NONZERO_REDUCTION
      generator=(153946207382784902980850036123004, -80634561171928549683823695744446304, 1503333174287223882581251356614345280, -8497574959172655175680958747134408, 0, -880426454826769094940944241021085) -> (-3, 0, -3, 0, 0, -1) : NONZERO_REDUCTION

    prime=11:
      generator=(12004420805729101076675042643068, -6361872709601169159887531495268778, 94267205463779871939974937528292860, -785812994014075537338513417218366, -880426454826769094940944241021085, 0) -> (-1, -5, 2, -1, -2, 0) : NONZERO_REDUCTION
      generator=(153946207382784902980850036123004, -80634561171928549683823695744446304, 1503333174287223882581251356614345280, -8497574959172655175680958747134408, 0, -880426454826769094940944241021085) -> (-5, 3, 4, 0, 0, -2) : NONZERO_REDUCTION

    prime=13:
      generator=(12004420805729101076675042643068, -6361872709601169159887531495268778, 94267205463779871939974937528292860, -785812994014075537338513417218366, -880426454826769094940944241021085, 0) -> (3, 0, 2, 3, -5, 0) : NONZERO_REDUCTION
      generator=(153946207382784902980850036123004, -80634561171928549683823695744446304, 1503333174287223882581251356614345280, -8497574959172655175680958747134408, 0, -880426454826769094940944241021085) -> (1, -1, -2, -1, 0, -5) : NONZERO_REDUCTION

    prime=17:
      generator=(12004420805729101076675042643068, -6361872709601169159887531495268778, 94267205463779871939974937528292860, -785812994014075537338513417218366, -880426454826769094940944241021085, 0) -> (2, 8, 7, 1, -7, 0) : NONZERO_REDUCTION
      generator=(153946207382784902980850036123004, -80634561171928549683823695744446304, 1503333174287223882581251356614345280, -8497574959172655175680958747134408, 0, -880426454826769094940944241021085) -> (1, 0, -2, 1, 0, -7) : NONZERO_REDUCTION

    prime=19:
      generator=(12004420805729101076675042643068, -6361872709601169159887531495268778, 94267205463779871939974937528292860, -785812994014075537338513417218366, -880426454826769094940944241021085, 0) -> (3, -3, 6, 5, -5, 0) : NONZERO_REDUCTION
      generator=(153946207382784902980850036123004, -80634561171928549683823695744446304, 1503333174287223882581251356614345280, -8497574959172655175680958747134408, 0, -880426454826769094940944241021085) -> (-4, -7, 5, 1, 0, -5) : NONZERO_REDUCTION

    prime=23:
      generator=(12004420805729101076675042643068, -6361872709601169159887531495268778, 94267205463779871939974937528292860, -785812994014075537338513417218366, -880426454826769094940944241021085, 0) -> (0, 2, -8, -5, 3, 0) : NONZERO_REDUCTION
      generator=(153946207382784902980850036123004, -80634561171928549683823695744446304, 1503333174287223882581251356614345280, -8497574959172655175680958747134408, 0, -880426454826769094940944241021085) -> (8, -10, 6, -9, 0, 3) : NONZERO_REDUCTION

    prime=29:
      generator=(12004420805729101076675042643068, -6361872709601169159887531495268778, 94267205463779871939974937528292860, -785812994014075537338513417218366, -880426454826769094940944241021085, 0) -> (-4, -1, 7, 14, 9, 0) : NONZERO_REDUCTION
      generator=(153946207382784902980850036123004, -80634561171928549683823695744446304, 1503333174287223882581251356614345280, -8497574959172655175680958747134408, 0, -880426454826769094940944241021085) -> (3, -7, -12, 7, 0, 9) : NONZERO_REDUCTION

    prime=31:
      generator=(12004420805729101076675042643068, -6361872709601169159887531495268778, 94267205463779871939974937528292860, -785812994014075537338513417218366, -880426454826769094940944241021085, 0) -> (1, 4, 2, -2, 10, 0) : NONZERO_REDUCTION
      generator=(153946207382784902980850036123004, -80634561171928549683823695744446304, 1503333174287223882581251356614345280, -8497574959172655175680958747134408, 0, -880426454826769094940944241021085) -> (8, -4, -8, -1, 0, 10) : NONZERO_REDUCTION

    prime=37:
      generator=(12004420805729101076675042643068, -6361872709601169159887531495268778, 94267205463779871939974937528292860, -785812994014075537338513417218366, -880426454826769094940944241021085, 0) -> (-14, 10, -6, 0, 18, 0) : NONZERO_REDUCTION
      generator=(153946207382784902980850036123004, -80634561171928549683823695744446304, 1503333174287223882581251356614345280, -8497574959172655175680958747134408, 0, -880426454826769094940944241021085) -> (2, 5, -17, -10, 0, 18) : NONZERO_REDUCTION

    prime=41:
      generator=(12004420805729101076675042643068, -6361872709601169159887531495268778, 94267205463779871939974937528292860, -785812994014075537338513417218366, -880426454826769094940944241021085, 0) -> (-12, -5, -11, -20, 13, 0) : NONZERO_REDUCTION
      generator=(153946207382784902980850036123004, -80634561171928549683823695744446304, 1503333174287223882581251356614345280, -8497574959172655175680958747134408, 0, -880426454826769094940944241021085) -> (7, 1, 20, -1, 0, 13) : NONZERO_REDUCTION

    prime=43:
      generator=(12004420805729101076675042643068, -6361872709601169159887531495268778, 94267205463779871939974937528292860, -785812994014075537338513417218366, -880426454826769094940944241021085, 0) -> (10, -8, -5, 12, -15, 0) : NONZERO_REDUCTION
      generator=(153946207382784902980850036123004, -80634561171928549683823695744446304, 1503333174287223882581251356614345280, -8497574959172655175680958747134408, 0, -880426454826769094940944241021085) -> (9, -4, -19, 13, 0, -15) : NONZERO_REDUCTION

    prime=47:
      generator=(12004420805729101076675042643068, -6361872709601169159887531495268778, 94267205463779871939974937528292860, -785812994014075537338513417218366, -880426454826769094940944241021085, 0) -> (13, 17, -23, -2, -10, 0) : NONZERO_REDUCTION
      generator=(153946207382784902980850036123004, -80634561171928549683823695744446304, 1503333174287223882581251356614345280, -8497574959172655175680958747134408, 0, -880426454826769094940944241021085) -> (15, -22, 12, -23, 0, -10) : NONZERO_REDUCTION

    prime=53:
      generator=(12004420805729101076675042643068, -6361872709601169159887531495268778, 94267205463779871939974937528292860, -785812994014075537338513417218366, -880426454826769094940944241021085, 0) -> (6, -6, 1, -16, 3, 0) : NONZERO_REDUCTION
      generator=(153946207382784902980850036123004, -80634561171928549683823695744446304, 1503333174287223882581251356614345280, -8497574959172655175680958747134408, 0, -880426454826769094940944241021085) -> (23, -18, 17, -8, 0, 3) : NONZERO_REDUCTION

==============================================================================
3. SMALL INTEGER LIFT AUDIT
==============================================================================

  SUPPORT=horizontal_width3

    prime=2:
      vector=(0, 1, 1)
        integer_kernel=False
        M_times_vector=[437542320, 16027882, -123895478, -152431690]
        small_integer_multiples_in_kernel=[]

  SUPPORT=vertical_width3

    prime=2:
      vector=(0, 0, 1)
        integer_kernel=False
        M_times_vector=[1764373740, -152369292, -62398, 2668721436, -1263551016, -11600759760, 9955176, -126258696]
        small_integer_multiples_in_kernel=[]

  SUPPORT=rectangle_2x2

    prime=2:
      vector=(0, 0, 0, 1)
        integer_kernel=False
        M_times_vector=[-128667196, 4771718, -152369292, -62398, -1263551016, 9955176]
        small_integer_multiples_in_kernel=[]

    prime=3:
      vector=(1, 1, -1, 1)
        integer_kernel=False
        M_times_vector=[2126387901, 570981234, -3383499639, 28411416, -2320268004, 13015885356]
        small_integer_multiples_in_kernel=[]

  SUPPORT=transport_3

    prime=2:
      vector=(0, 0, 1)
        integer_kernel=False
        M_times_vector=[-128667196, 4771718, -152369292, -62398, -1263551016, 9955176]
        small_integer_multiples_in_kernel=[]

  SUPPORT=lower_transport_3

    prime=2:
      vector=(0, 0, 1)
        integer_kernel=False
        M_times_vector=[-128667196, 4771718, -152369292, -62398, -1263551016, 9955176]
        small_integer_multiples_in_kernel=[]

  SUPPORT=diamond_5

    prime=2:
      vector=(0, 0, 0, 1, 0)
        integer_kernel=False
        M_times_vector=[-128667196, 4771718, -152369292, -62398, -1263551016, 9955176]
        small_integer_multiples_in_kernel=[]
      vector=(0, 0, 0, 0, 1)
        integer_kernel=False
        M_times_vector=[1764373740, -152369292, 2668721436, -1263551016, -11600759760, -126258696]
        small_integer_multiples_in_kernel=[]

    prime=3:
      vector=(1, 1, -1, 1, 0)
        integer_kernel=False
        M_times_vector=[2126387901, 570981234, -3383499639, 28411416, -2320268004, 13015885356]
        small_integer_multiples_in_kernel=[]
      vector=(0, 0, 0, 0, 1)
        integer_kernel=False
        M_times_vector=[1764373740, -152369292, 2668721436, -1263551016, -11600759760, -126258696]
        small_integer_multiples_in_kernel=[]

==============================================================================
4. EXCEPTIONAL-PRIME RELATION COMPARISON
==============================================================================

  horizontal_width3: [(2, [(0, 1, 1)])]

  vertical_width3: [(2, [(0, 0, 1)])]

  rectangle_2x2: [(2, [(0, 0, 0, 1)]), (3, [(1, 1, -1, 1)])]

  transport_3: [(2, [(0, 0, 1)])]

  lower_transport_3: [(2, [(0, 0, 1)])]

  diamond_5: [(2, [(0, 0, 0, 0, 1), (0, 0, 0, 1, 0)]), (3, [(0, 0, 0, 0, 1), (1, 1, -1, 1, 0)])]

  rectangle_2x3: []

  triangle_6: []

  exact_same_prime_relation_supports=
    ['vertical_width3', 'transport_3', 'lower_transport_3']
    ['rectangle_2x3', 'triangle_6']

==============================================================================
5. MODULAR NULLITY PROFILE
==============================================================================

  horizontal_width3:
    [(2, 1), (3, 0), (5, 0), (7, 0), (11, 0), (13, 0), (17, 0), (19, 0), (23, 0), (29, 0), (31, 0), (37, 0), (41, 0), (43, 0), (47, 0), (53, 0)]

  vertical_width3:
    [(2, 1), (3, 0), (5, 0), (7, 0), (11, 0), (13, 0), (17, 0), (19, 0), (23, 0), (29, 0), (31, 0), (37, 0), (41, 0), (43, 0), (47, 0), (53, 0)]

  rectangle_2x2:
    [(2, 1), (3, 1), (5, 0), (7, 0), (11, 0), (13, 0), (17, 0), (19, 0), (23, 0), (29, 0), (31, 0), (37, 0), (41, 0), (43, 0), (47, 0), (53, 0)]

  transport_3:
    [(2, 1), (3, 0), (5, 0), (7, 0), (11, 0), (13, 0), (17, 0), (19, 0), (23, 0), (29, 0), (31, 0), (37, 0), (41, 0), (43, 0), (47, 0), (53, 0)]

  lower_transport_3:
    [(2, 1), (3, 0), (5, 0), (7, 0), (11, 0), (13, 0), (17, 0), (19, 0), (23, 0), (29, 0), (31, 0), (37, 0), (41, 0), (43, 0), (47, 0), (53, 0)]

  diamond_5:
    [(2, 2), (3, 2), (5, 0), (7, 0), (11, 0), (13, 0), (17, 0), (19, 0), (23, 0), (29, 0), (31, 0), (37, 0), (41, 0), (43, 0), (47, 0), (53, 0)]

  rectangle_2x3:
    [(2, 3), (3, 3), (5, 2), (7, 2), (11, 2), (13, 2), (17, 2), (19, 2), (23, 2), (29, 2), (31, 2), (37, 2), (41, 2), (43, 2), (47, 2), (53, 2)]

  triangle_6:
    [(2, 3), (3, 2), (5, 2), (7, 2), (11, 2), (13, 2), (17, 2), (19, 2), (23, 2), (29, 2), (31, 2), (37, 2), (41, 2), (43, 2), (47, 2), (53, 2)]

==============================================================================
6. STRUCTURAL VERDICT
==============================================================================
  rational_nullspace_supports=['rectangle_2x3', 'triangle_6']
  modular_only_exceptional_supports=[('horizontal_width3', [2]), ('vertical_width3', [2]), ('rectangle_2x2', [2, 3]), ('transport_3', [2]), ('lower_transport_3', [2]), ('diamond_5', [2, 3])]
  interpretation=exceptional modular relations are arithmetic rank-collapse phenomena unless an integer-kernel lift is found

==============================================================================
7. FINAL EXACTNESS
==============================================================================
  observed_cells=15
  support_count=8
  modular_nullspaces_computed_exactly=True
  rational_relations_reduced_separately=True
  integer_kernel_lifts_tested=True
  small_integer_multiple_lifts_tested=True
  modular_nullity_profiles_completed=True
  missing_values_used=False
  symbolic_missing_values_created=False
  interpolation_performed=False
  extrapolation_counted_as_evidence=False
  synthetic_second_case=False
  external_files_used=False
  arbitrary_matrix_fit=False
  universal_q_p_r_formula_proved=False
  genuine_second_n_pq_case_available=False
  failures=0
  ALL BASIC CHECKS PASS=True

EXPERIMENT 370R COMPLETE
