====================================================================================================
FULL PRIME-POPULATION / THREE-MODULUS COMPRESSED FINGERPRINT EXPERIMENT
====================================================================================================
M                         = 111,546,435
factor range             = 10,000 - 100,000
actual anchors            = 300
modulus prime range      = 300 - 3,000
close ratio              = 20%
seed                      = 1,511,464,998

====================================================================================================
BUILDING PRIME POOLS
====================================================================================================
factor primes             = 8,363
modulus primes            = 368
actual anchors             = 300

====================================================================================================
SELECTING MAXIMUM-PRODUCT CLOSE PRIME TRIPLES
====================================================================================================
anchor  25/300
anchor  50/300
anchor  75/300
anchor 100/300
anchor 125/300
anchor 150/300
anchor 175/300
anchor 200/300
anchor 225/300
anchor 250/300
anchor 275/300
anchor 300/300

usable anchors = 300

====================================================================================================
BUILDING GLOBAL FINGERPRINT MAPS
====================================================================================================
unique modulus triples = 300
triple   25/300
triple   50/300
triple   75/300
triple  100/300
triple  125/300
triple  150/300
triple  175/300
triple  200/300
triple  225/300
triple  250/300
triple  275/300
triple  300/300

====================================================================================================
ANALYZING ACTUAL ANCHORS AGAINST ENTIRE PRIME POOL
====================================================================================================
anchor  25/300
anchor  50/300
anchor  75/300
anchor 100/300
anchor 125/300
anchor 150/300
anchor 175/300
anchor 200/300
anchor 225/300
anchor 250/300
anchor 275/300
anchor 300/300

====================================================================================================
SANITY CHECK
====================================================================================================
modular identity failures = 0
actual pair missing        = 0

====================================================================================================
FULL PRIME-POPULATION FINGERPRINT UNIQUENESS
====================================================================================================
FINGERPRINT                         UNIQUE     AMBIGUOUS    MAX BUCKET
---------------------------------------------------------------------------
RAW (a1,a2,a3)                         300             0             1
SUM+PRODUCT (e1,e3)                    300             0             1
FULL SYMMETRIC (e1,e2,e3)              300             0             1

====================================================================================================
FACTOR-PAIR RECOVERY
====================================================================================================
unique factor pair       = 300/300
ambiguous factor pair    =   0/300
zero compatible pairs    =   0/300

candidate distribution:
     1 candidates : 300 anchors

====================================================================================================
COMPRESSED-FINGERPRINT COLLISION LOAD
====================================================================================================
raw collision prime population       = 0
sum+product collision population     = 0
symmetric collision population       = 0

====================================================================================================
SUM+PRODUCT COLLISION EXAMPLES
====================================================================================================
none

====================================================================================================
ANCHOR RESULTS
====================================================================================================
 ID       p       q    r1    r2    r3          R/n   RAW   S+P   SYM  PAIR
------------------------------------------------------------------------------------------
  1  14,821  45,491   827   887   919  0.999865653     1     1     1     1
  2  92,987  97,673  1951  2081  2237  0.999996707     1     1     1     1
  3  30,293  44,483  1039  1087  1193  0.999882993     1     1     1     1
  4  67,819  83,417  1723  1753  1873  0.999997749     1     1     1     1
  5  11,161  77,591   911   967   983  0.999962956     1     1     1     1
  6  61,583  92,893  1723  1741  1907  0.999979073     1     1     1     1
  7  61,603  92,893  1597  1879  1907  0.999994331     1     1     1     1
  8  70,607  95,773  1783  1871  2027  0.999972435     1     1     1     1
  9  18,121  83,233  1087  1129  1229  0.999994612     1     1     1     1
 10  51,853  70,459  1433  1567  1627  0.999982447     1     1     1     1
 11  12,401  17,569   557   599   653  0.999980310     1     1     1     1
 12  59,219  89,527  1601  1753  1889  0.999977216     1     1     1     1
 13  49,549  78,317  1499  1597  1621  0.999996838     1     1     1     1
 14  46,831  55,901  1259  1433  1451  0.999968511     1     1     1     1
 15  38,861  38,959  1093  1109  1249  0.999982440     1     1     1     1
 16  25,057  98,479  1217  1409  1439  0.999976197     1     1     1     1
 17  54,101  98,893  1669  1697  1889  0.999998371     1     1     1     1
 18  13,451  81,649   983  1051  1063  0.999963287     1     1     1     1
 19  51,797  82,153  1511  1601  1759  0.999985267     1     1     1     1
 20  13,913  26,393   691   719   739  0.999866075     1     1     1     1
 21  52,387  65,353  1429  1489  1609  0.999985985     1     1     1     1
 22  32,141  63,211  1153  1289  1367  0.999996992     1     1     1     1
 23  17,393  98,899  1151  1187  1259  0.999966326     1     1     1     1
 24  67,493  69,911  1613  1663  1759  0.999972851     1     1     1     1
 25  20,327  57,587  1019  1051  1093  0.999998435     1     1     1     1
 26  75,553  83,443  1753  1783  2017  0.999994322     1     1     1     1
 27  44,021  64,969  1307  1409  1553  0.999981465     1     1     1     1
 28  49,139  63,617  1367  1423  1607  0.999976496     1     1     1     1
 29  34,327  76,651  1231  1453  1471  0.999960085     1     1     1     1
 30  11,897  33,049   673   733   797  0.999957577     1     1     1     1
 31  53,939  55,817  1399  1453  1481  0.999928636     1     1     1     1
 32  84,299  99,347  1873  1997  2239  0.999983320     1     1     1     1
 33  17,093  99,611  1097  1193  1301  0.999997180     1     1     1     1
 34  25,747  39,227   941  1033  1039  0.999985641     1     1     1     1
 35  61,129  98,729  1723  1831  1913  0.999992084     1     1     1     1
 36  46,103  60,271  1279  1459  1489  0.999960742     1     1     1     1
 37  12,497  47,791   811   857   859  0.999638449     1     1     1     1
 38  69,911  95,239  1697  1951  2011  0.999978912     1     1     1     1
 39  38,713  51,203  1213  1237  1321  0.999956444     1     1     1     1
 40  14,821  32,411   727   797   829  0.999947790     1     1     1     1
 41  51,197  92,369  1571  1723  1747  0.999962267     1     1     1     1
 42  42,227  43,411  1153  1163  1367  0.999971260     1     1     1     1
 43  25,013  46,819  1009  1039  1117  0.999935461     1     1     1     1
 44  36,677  37,871  1033  1087  1237  0.999997667     1     1     1     1
 45  30,517  30,977   937   971  1039  0.999984285     1     1     1     1
 46  16,607  65,843   941  1069  1087  0.999990966     1     1     1     1
 47  15,803  69,029   941  1051  1103  0.999992470     1     1     1     1
 48  16,619  86,311  1039  1163  1187  0.999942310     1     1     1     1
 49  96,221  97,499  2039  2137  2153  0.999990215     1     1     1     1
 50  22,171  89,513  1187  1223  1367  0.999940816     1     1     1     1
 51  15,959  16,931   593   673   677  0.999931251     1     1     1     1
 52  23,549  55,163  1031  1049  1201  0.999900566     1     1     1     1
 53  55,373  81,931  1609  1627  1733  0.999990446     1     1     1     1
 54  14,867  99,349  1031  1181  1213  0.999959757     1     1     1     1
 55  35,729  51,199  1153  1201  1321  0.999983404     1     1     1     1
 56  55,291  66,383  1409  1607  1621  0.999996695     1     1     1     1
 57  24,877  96,731  1223  1373  1433  0.999952800     1     1     1     1
 58  22,567  31,277   811   919   947  0.999971047     1     1     1     1
 59  21,193  22,679   701   827   829  0.999911858     1     1     1     1
 60  79,111  93,553  1811  1907  2143  0.999992451     1     1     1     1
 61  12,941  96,461  1033  1039  1163  0.999944709     1     1     1     1
 62  29,567  47,123  1039  1153  1163  0.999964027     1     1     1     1
 63  56,477  57,713  1399  1483  1571  0.999976470     1     1     1     1
 64  46,441  91,753  1459  1697  1721  0.999991178     1     1     1     1
 65  13,619  92,413  1031  1087  1123  0.999976230     1     1     1     1
 66  57,329  97,373  1663  1777  1889  0.999997048     1     1     1     1
 67  47,713  53,591  1223  1433  1459  0.999998513     1     1     1     1
 68  35,423  83,227  1307  1481  1523  0.999956183     1     1     1     1
 69  62,921  67,579  1489  1607  1777  0.999978414     1     1     1     1
 70  56,671  95,483  1699  1747  1823  0.999967812     1     1     1     1
 71  51,869  82,997  1489  1627  1777  0.999998638     1     1     1     1
 72  62,971  82,009  1609  1699  1889  0.999952279     1     1     1     1
 73  66,523  74,149  1627  1663  1823  0.999975469     1     1     1     1
 74  17,477  48,649   907   929  1009  0.999938669     1     1     1     1
 75  15,541  95,471  1069  1129  1229  0.999707840     1     1     1     1
 76  54,083  79,039  1543  1559  1777  0.999993687     1     1     1     1
 77  54,829  56,957  1367  1471  1553  0.999988974     1     1     1     1
 78  19,603  96,517  1123  1289  1307  0.999958340     1     1     1     1
 79  14,251  65,129   947   983   997  0.999951428     1     1     1     1
 80  10,799  17,987   541   569   631  0.999992206     1     1     1     1
 81  27,689  91,733  1249  1423  1429  0.999923325     1     1     1     1
 82  33,191  35,027   991  1039  1129  0.999907588     1     1     1     1
 83  49,207  61,409  1367  1427  1549  0.999965443     1     1     1     1
 84  56,179  66,377  1511  1559  1583  0.999999701     1     1     1     1
 85  66,457  71,429  1567  1699  1783  0.999996353     1     1     1     1
 86  38,821  46,807  1153  1193  1321  0.999988587     1     1     1     1
 87  70,877  73,613  1663  1721  1823  0.999999871     1     1     1     1
 88  29,663  77,477  1289  1291  1381  0.999965394     1     1     1     1
 89  51,133  76,081  1499  1601  1621  0.999996531     1     1     1     1
 90  10,223  55,339   769   811   907  0.999872936     1     1     1     1
 91  65,789  85,627  1709  1723  1913  0.999950027     1     1     1     1
 92  35,597  48,353  1151  1171  1277  0.999968439     1     1     1     1
 93  16,573  17,029   619   643   709  0.999902332     1     1     1     1
 94  48,527  84,443  1481  1619  1709  0.999992799     1     1     1     1
 95  27,239  93,529  1277  1373  1453  0.999976049     1     1     1     1
 96  11,149  62,053   829   863   967  0.999984117     1     1     1     1
 97  21,841  83,591  1087  1289  1303  0.999988113     1     1     1     1
 98  10,687  79,319   887   911  1049  0.999964185     1     1     1     1
 99  42,397  78,049  1423  1447  1607  0.999969693     1     1     1     1
100  31,489  40,973  1009  1109  1153  0.999989378     1     1     1     1
101  20,963  51,287   983   997  1097  0.999987505     1     1     1     1
102  18,671  51,197   877  1039  1049  0.999950581     1     1     1     1
103  15,581  82,567  1019  1069  1181  0.999999894     1     1     1     1
104  52,567  83,719  1543  1627  1753  0.999995787     1     1     1     1
105  35,899  38,603   997  1171  1187  0.999998537     1     1     1     1
106  55,631  95,191  1597  1811  1831  0.999997593     1     1     1     1
107  25,471  58,909  1093  1117  1229  0.999994408     1     1     1     1
108  23,473  23,833   739   863   877  0.999787070     1     1     1     1
109  18,253  35,759   839   881   883  0.999951540     1     1     1     1
110  30,809  77,359  1231  1327  1459  0.999990372     1     1     1     1
111  26,161  54,631  1039  1153  1193  0.999981136     1     1     1     1
112  64,037  92,009  1663  1783  1987  0.999954343     1     1     1     1
113  38,873  42,953  1109  1223  1231  0.999941276     1     1     1     1
114  55,903  82,207  1543  1699  1753  0.999993798     1     1     1     1
115  42,697  99,787  1447  1699  1733  0.999975006     1     1     1     1
116  17,971  36,007   821   827   953  0.999959439     1     1     1     1
117  95,923  99,131  1987  2039  2347  0.999990657     1     1     1     1
118  40,487  85,049  1427  1451  1663  0.999997296     1     1     1     1
119  47,981  69,427  1361  1523  1607  0.999945225     1     1     1     1
120  42,641  45,959  1213  1223  1321  0.999981865     1     1     1     1
121  77,213  96,851  1931  1949  1987  0.999994115     1     1     1     1
122  65,557  96,827  1741  1747  2087  0.999996725     1     1     1     1
123  55,079  55,829  1429  1451  1483  0.999988249     1     1     1     1
124  40,529  60,889  1291  1321  1447  0.999983562     1     1     1     1
125  59,119  68,683  1553  1607  1627  0.999996660     1     1     1     1
126  50,423  74,017  1499  1559  1597  0.999982741     1     1     1     1
127  26,641  34,231   887   967  1063  0.999800269     1     1     1     1
128  79,537  92,357  1811  1877  2161  0.999996468     1     1     1     1
129  26,863  37,201   911  1009  1087  0.999838742     1     1     1     1
130  70,921  88,969  1777  1787  1987  0.999991452     1     1     1     1
131  46,757  74,279  1367  1579  1609  0.999986189     1     1     1     1
132  53,507  85,447  1511  1697  1783  0.999977500     1     1     1     1
133  27,997  72,889  1193  1289  1327  0.999978804     1     1     1     1
134  55,217  75,217  1487  1621  1723  0.999978001     1     1     1     1
135  72,719  76,753  1621  1783  1931  0.999938694     1     1     1     1
136  16,063  45,137   823   911   967  0.999966236     1     1     1     1
137  33,997  94,811  1381  1447  1613  0.999993679     1     1     1     1
138  11,353  17,977   547   571   653  0.999329619     1     1     1     1
139  14,197  31,513   719   769   809  0.999809871     1     1     1     1
140  10,163  88,663   907   947  1049  0.999927256     1     1     1     1
141  40,241  45,659  1163  1237  1277  0.999873715     1     1     1     1
142  41,117  54,907  1229  1259  1459  0.999962629     1     1     1     1
143  44,959  76,943  1439  1483  1621  0.999998161     1     1     1     1
144  52,453  67,049  1381  1571  1621  0.999977530     1     1     1     1
145  83,639  94,723  1879  1973  2137  0.999986441     1     1     1     1
146  18,661  83,023  1109  1171  1193  0.999989753     1     1     1     1
147  56,773  67,213  1433  1607  1657  0.999975712     1     1     1     1
148  33,713  67,931  1259  1291  1409  0.999994375     1     1     1     1
149  88,007  95,987  1907  2069  2141  0.999995892     1     1     1     1
150  43,487  71,993  1427  1433  1531  0.999989948     1     1     1     1
151  65,993  71,341  1613  1637  1783  0.999993842     1     1     1     1
152  37,277  75,767  1279  1483  1489  0.999966263     1     1     1     1
153  59,467  83,269  1619  1721  1777  0.999898157     1     1     1     1
154  27,809  41,513   937  1103  1117  0.999997202     1     1     1     1
155  33,563  93,371  1423  1481  1487  0.999995727     1     1     1     1
156  15,823  79,621  1061  1063  1117  0.999966304     1     1     1     1
157  23,339  96,269  1223  1291  1423  0.999974430     1     1     1     1
158  39,979  53,773  1249  1297  1327  0.999947373     1     1     1     1
159  32,531  82,613  1249  1447  1487  0.999991091     1     1     1     1
160  16,447  47,791   887   907   977  0.999983100     1     1     1     1
161  21,317  49,367   983  1009  1061  0.999993660     1     1     1     1
162  22,129  50,087   947  1061  1103  0.999894240     1     1     1     1
163  20,771  41,399   929   953   971  0.999725082     1     1     1     1
164  37,987  73,037  1327  1433  1459  0.999987295     1     1     1     1
165  36,467  44,701  1097  1151  1291  0.999979087     1     1     1     1
166  28,597  40,829   967  1049  1151  0.999972525     1     1     1     1
167  13,177  70,729   877  1013  1049  0.999931991     1     1     1     1
168  50,647  72,101  1493  1549  1579  0.999996182     1     1     1     1
169  63,559  66,541  1549  1607  1699  0.999986863     1     1     1     1
170  22,921  29,401   811   883   941  0.999943630     1     1     1     1
171  43,481  90,281  1451  1583  1709  0.999987348     1     1     1     1
172  17,209  19,867   631   733   739  0.999746393     1     1     1     1
173  38,699  77,347  1303  1483  1549  0.999985650     1     1     1     1
174  26,683  59,453  1091  1181  1231  0.999825643     1     1     1     1
175  12,157  27,809   659   683   751  0.999848654     1     1     1     1
176  39,703  90,659  1429  1511  1667  0.999995498     1     1     1     1
177  42,293  55,313  1249  1307  1433  0.999973544     1     1     1     1
178  26,891  81,553  1223  1229  1459  0.999969463     1     1     1     1
179  43,063  90,697  1511  1579  1637  0.999995556     1     1     1     1
180  14,891  39,079   821   827   857  0.999912927     1     1     1     1
181  78,101  93,427  1823  1873  2137  0.999999931     1     1     1     1
182  22,643  31,319   859   881   937  0.999923580     1     1     1     1
183  59,233  99,767  1627  1879  1933  0.999989742     1     1     1     1
184  19,013  21,841   719   751   769  0.999935530     1     1     1     1
185  33,889  50,333  1087  1223  1283  0.999933428     1     1     1     1
186  12,149  29,077   647   727   751  0.999973521     1     1     1     1
187  62,563  73,951  1553  1627  1831  0.999967157     1     1     1     1
188  21,283  24,043   761   811   829  0.999858493     1     1     1     1
189  36,109  67,927  1279  1361  1409  0.999958018     1     1     1     1
190  67,807  83,003  1709  1783  1847  0.999981537     1     1     1     1
191  10,781  20,899   557   631   641  0.999903370     1     1     1     1
192  63,211  80,779  1579  1721  1879  0.999996885     1     1     1     1
193  90,997  94,477  1973  2039  2137  0.999990016     1     1     1     1
194  93,811  98,573  1873  2207  2237  0.999987002     1     1     1     1
195  30,203  45,247  1033  1087  1217  0.999955265     1     1     1     1
196  44,851  95,203  1619  1621  1627  0.999987686     1     1     1     1
197  16,231  21,787   673   683   769  0.999584232     1     1     1     1
198  21,599  37,049   881   911   997  0.999952358     1     1     1     1
199  37,889  82,469  1367  1493  1531  0.999999174     1     1     1     1
200  28,627  46,901  1049  1093  1171  0.999987577     1     1     1     1
201  33,997  46,691  1063  1213  1231  0.999950145     1     1     1     1
202  64,271  72,797  1531  1669  1831  0.999980042     1     1     1     1
203  27,527  54,497  1061  1123  1259  0.999975574     1     1     1     1
204  13,259  67,579   887   997  1013  0.999782871     1     1     1     1
205  63,841  72,649  1531  1699  1783  0.999978335     1     1     1     1
206  11,497  99,371   991  1021  1129  0.999882913     1     1     1     1
207  47,111  97,327  1571  1601  1823  0.999996606     1     1     1     1
208  11,717  72,019   883   911  1049  0.999979397     1     1     1     1
209  28,513  84,131  1213  1361  1453  0.999966786     1     1     1     1
210  62,563  99,929  1747  1801  1987  0.999989357     1     1     1     1
211  11,839  75,329   883   997  1013  0.999972564     1     1     1     1
212  22,391  68,111  1049  1181  1231  0.999983173     1     1     1     1
213  58,367  97,463  1669  1747  1951  0.999998536     1     1     1     1
214  26,591  32,647   881   967  1019  0.999996816     1     1     1     1
215  91,801  94,351  1973  2039  2153  0.999987155     1     1     1     1
216  39,097  46,867  1123  1237  1319  0.999962382     1     1     1     1
217  29,429  67,619  1213  1259  1303  0.999969371     1     1     1     1
218  46,451  56,081  1303  1399  1429  0.999962105     1     1     1     1
219  49,393  77,081  1483  1511  1699  0.999968338     1     1     1     1
220  44,983  90,397  1493  1559  1747  0.999991697     1     1     1     1
221  58,099  86,467  1607  1669  1873  0.999979144     1     1     1     1
222  29,147  33,317   911   977  1091  0.999949210     1     1     1     1
223  24,197  60,631  1087  1109  1217  0.999989438     1     1     1     1
224  17,851  61,297   971  1031  1093  0.999991451     1     1     1     1
225  25,579  31,601   881   883  1039  0.999925794     1     1     1     1
226  43,391  99,733  1583  1609  1699  0.999981109     1     1     1     1
227  12,979  20,743   613   643   683  0.999952456     1     1     1     1
228  10,007  50,951   733   829   839  0.999916774     1     1     1     1
229  10,159  13,907   499   523   541  0.999344173     1     1     1     1
230  38,377  40,949  1109  1153  1229  0.999996347     1     1     1     1
231  32,003  53,551  1087  1223  1289  0.999886355     1     1     1     1
232  53,089  54,287  1297  1459  1523  0.999987990     1     1     1     1
233  31,567  61,843  1129  1303  1327  0.999966432     1     1     1     1
234  25,033  36,793   907   983  1033  0.999960918     1     1     1     1
235  41,641  52,379  1249  1283  1361  0.999928316     1     1     1     1
236  20,809  41,467   929   937   991  0.999712523     1     1     1     1
237  30,187  63,743  1187  1229  1319  0.999988357     1     1     1     1
238  69,557  85,597  1667  1867  1913  0.999989642     1     1     1     1
239  64,157  94,273  1777  1823  1867  0.999970156     1     1     1     1
240  43,271  78,179  1459  1493  1553  0.999998877     1     1     1     1
241  15,739  80,329  1021  1031  1201  0.999949158     1     1     1     1
242  20,297  70,157  1069  1109  1201  0.999883490     1     1     1     1
243  27,253  45,281   991  1049  1187  0.999929857     1     1     1     1
244  26,893  77,447  1181  1277  1381  0.999978407     1     1     1     1
245  14,843  40,699   821   839   877  0.999998355     1     1     1     1
246  33,113  70,537  1213  1327  1451  0.999962290     1     1     1     1
247  65,729  84,421  1597  1861  1867  0.999972577     1     1     1     1
248  71,719  89,839  1783  1889  1913  0.999998012     1     1     1     1
249  55,721  67,901  1499  1559  1619  0.999998905     1     1     1     1
250  45,763  89,917  1523  1559  1733  0.999973027     1     1     1     1
251  52,631  99,551  1609  1733  1879  0.999986503     1     1     1     1
252  39,119  61,211  1279  1301  1439  0.999980235     1     1     1     1
253  35,363  44,201  1049  1193  1249  0.999993494     1     1     1     1
254  42,793  74,527  1319  1543  1567  0.999984676     1     1     1     1
255  26,423  86,743  1283  1301  1373  0.999903129     1     1     1     1
256  35,449  45,083  1097  1201  1213  0.999985354     1     1     1     1
257  33,533  62,459  1249  1283  1307  0.999993660     1     1     1     1
258  10,723  81,041   887   967  1013  0.999858267     1     1     1     1
259  32,429  37,889   997  1033  1193  0.999975187     1     1     1     1
260  18,077  36,523   821   823   977  0.999872801     1     1     1     1
261  14,767  59,183   911   947  1013  0.999973637     1     1     1     1
262  46,099  72,937  1361  1543  1601  0.999944699     1     1     1     1
263  12,011  90,071   977  1013  1093  0.999907946     1     1     1     1
264  77,383  80,669  1669  1871  1999  0.999978546     1     1     1     1
265  70,901  86,851  1753  1759  1997  0.999996861     1     1     1     1
266  28,099  47,087  1013  1123  1163  0.999947112     1     1     1     1
267  10,007  46,877   743   769   821  0.999987568     1     1     1     1
268  29,867  38,959   953  1093  1117  0.999923633     1     1     1     1
269  37,907  86,753  1429  1511  1523  0.999983143     1     1     1     1
270  86,539  96,757  1933  2027  2137  0.999990463     1     1     1     1
271  31,963  84,719  1279  1451  1459  0.999919167     1     1     1     1
272  57,397  66,071  1439  1579  1669  0.999998128     1     1     1     1
273  32,969  95,429  1433  1453  1511  0.999977254     1     1     1     1
274  46,691  81,971  1423  1583  1699  0.999967269     1     1     1     1
275  85,009  98,981  1879  2029  2207  0.999987142     1     1     1     1
276  19,403  39,971   859   911   991  0.999933913     1     1     1     1
277  50,773  96,337  1567  1663  1877  0.999999022     1     1     1     1
278  43,801  55,207  1229  1373  1433  0.999977980     1     1     1     1
279  28,573  81,041  1237  1283  1459  0.999979312     1     1     1     1
280  58,789  78,887  1549  1621  1847  0.999999573     1     1     1     1
281  13,331  52,541   857   863   947  0.999955179     1     1     1     1
282  62,873  95,857  1759  1831  1871  0.999861751     1     1     1     1
283  21,503  54,907  1039  1063  1069  0.999999417     1     1     1     1
284  17,077  66,037   971  1009  1151  0.999969620     1     1     1     1
285  21,341  97,283  1201  1259  1373  0.999971343     1     1     1     1
286  15,017  32,497   743   761   863  0.999902870     1     1     1     1
287  19,211  34,267   821   863   929  0.999870166     1     1     1     1
288  55,829  65,239  1381  1621  1627  0.999993327     1     1     1     1
289  45,307  56,857  1289  1381  1447  0.999921439     1     1     1     1
290  24,767  52,501  1063  1103  1109  0.999998488     1     1     1     1
291  63,211  65,579  1511  1583  1733  0.999968895     1     1     1     1
292  69,467  91,943  1811  1867  1889  0.999994271     1     1     1     1
293  30,427  93,059  1327  1433  1489  0.999986864     1     1     1     1
294  29,123  82,487  1193  1409  1429  0.999912613     1     1     1     1
295  37,441  81,223  1367  1453  1531  0.999960520     1     1     1     1
296  33,343  36,341   983  1069  1153  0.999905562     1     1     1     1
297  83,389  95,891  1931  2017  2053  0.999978144     1     1     1     1
298  26,987  51,043   991  1171  1187  0.999978052     1     1     1     1
299  18,269  33,521   797   827   929  0.999879819     1     1     1     1
300  26,111  91,639  1291  1297  1429  0.999987568     1     1     1     1

====================================================================================================
GLOBAL TEST: DOES SUM+PRODUCT EVER COLLIDE?
====================================================================================================
modulus triples containing SUM+PRODUCT collisions = 5/300
total prime members in collision buckets          = 32
largest SUM+PRODUCT collision bucket              = 2

====================================================================================================
KEY COMPARISON
====================================================================================================
For the actual anchors:

RAW unique              = 300/300 (100.00%)
SUM+PRODUCT unique      = 300/300 (100.00%)
FULL SYMMETRIC unique   = 300/300 (100.00%)
PAIR unique             = 300/300 (100.00%)

====================================================================================================
INTERPRETATION
====================================================================================================

This experiment tests the proposed compressed p-fingerprint against the
ENTIRE prime population in the factor interval.

For each actual anchor we first choose its maximum-product close triple

    r1 < r2 < r3

with

    r1*r2*r3 < n.

For every prime p in the complete factor interval we calculate

    a1 = p mod r1
    a2 = p mod r2
    a3 = p mod r3.

The three tested fingerprints are:

    RAW:
        (a1,a2,a3)

    SUM+PRODUCT:
        (a1+a2+a3, a1*a2*a3)

    FULL SYMMETRIC:
        (e1,e2,e3)

The important difference from the previous experiment is that the bucket
is now measured against all 8,363 factor primes.

Therefore:

    SUM+PRODUCT bucket = 1

means that no other prime in the entire tested factor range shares the
same two-number fingerprint.

That is much stronger than observing uniqueness among only the 300 actual
factors.

The final factor-pair test remains separate.

A unique p fingerprint does NOT automatically imply unique factorization,
because q must also satisfy the product constraints.

The strongest observed result would therefore be:

    SUM+PRODUCT bucket = 1
    AND
    factor-pair candidates = 1.

If this happens repeatedly for the selected maximum-product triples, the
two quantities

    sum(p mod r_i)
    product(p mod r_i)

are providing a highly discriminating representation of p in this
finite population.

However, this still remains a finite-range information experiment.

It does NOT establish a universal factoring method.

The next mathematically important question after this is whether the same
SUM+PRODUCT uniqueness survives when the r1,r2,r3 selection is changed,
especially when R/n is deliberately matched against alternative triples.


====================================================================================================
EXPERIMENT COMPLETE
====================================================================================================
