START EXPERIMENT 142

SUMMARY

actual_ratio	C	cases	contained	successes	direct_p	direct_q	binary	unsafe_miss	wrong	first_nontrivial	first_N	avg_probes	max_probes
3.50-3.75	3.50	200	0	0	0	0	0	0	0	0	0	0.000	0
3.50-3.75	3.75	200	200	200	197	0	3	0	0	0	0	6.800	12
3.50-3.75	3.90	200	200	200	200	0	0	0	0	0	0	5.360	6
3.50-3.75	3.99	200	200	200	200	0	0	0	0	0	0	4.880	5
3.50-3.75	4.00	200	200	200	200	0	0	0	0	0	0	4.835	5
3.50-3.75	4.01	200	200	200	200	0	0	0	0	0	0	4.800	5
3.50-3.75	4.10	200	200	200	200	0	0	0	0	0	0	4.550	5
3.50-3.75	4.20	200	200	200	200	0	0	0	0	0	0	4.235	5
3.50-3.75	4.33	200	200	200	200	0	0	0	0	0	0	4.000	4
3.50-3.75	4.50	200	200	200	200	0	0	0	0	0	0	4.000	4
3.50-3.75	4.75	200	200	200	200	0	0	0	0	0	0	3.600	4
3.50-3.75	5.00	200	200	200	200	0	0	0	0	0	0	3.005	4
3.75-4.00	3.50	200	0	0	0	0	0	0	0	0	0	0.000	0
3.75-4.00	3.75	200	0	0	0	0	0	0	0	0	0	0.000	0
3.75-4.00	3.90	200	120	120	118	0	2	0	0	0	0	7.708	13
3.75-4.00	3.99	200	191	191	190	0	1	0	0	0	0	7.079	13
3.75-4.00	4.00	200	200	200	197	0	3	0	0	0	0	7.005	13
3.75-4.00	4.01	200	200	200	200	0	0	0	0	0	0	6.730	10
3.75-4.00	4.10	200	200	200	200	0	0	0	0	0	0	5.765	7
3.75-4.00	4.20	200	200	200	200	0	0	0	0	0	0	5.255	6
3.75-4.00	4.33	200	200	200	200	0	0	0	0	0	0	4.820	5
3.75-4.00	4.50	200	200	200	200	0	0	0	0	0	0	4.285	5
3.75-4.00	4.75	200	200	200	200	0	0	0	0	0	0	4.000	4
3.75-4.00	5.00	200	200	200	200	0	0	0	0	0	0	4.000	4
4.00-4.10	3.50	200	0	0	0	0	0	0	0	0	0	0.000	0
4.00-4.10	3.75	200	0	0	0	0	0	0	0	0	0	0.000	0
4.00-4.10	3.90	200	0	0	0	0	0	0	0	0	0	0.000	0
4.00-4.10	3.99	200	0	0	0	0	0	0	0	0	0	0.000	0
4.00-4.10	4.00	200	0	0	0	0	0	0	0	0	0	0.000	0
4.00-4.10	4.01	200	12	12	12	0	0	0	0	12	0	1.000	1
4.00-4.10	4.10	200	200	200	200	0	0	0	0	200	0	1.000	1
4.00-4.10	4.20	200	200	200	200	0	0	0	0	200	0	1.000	1
4.00-4.10	4.33	200	200	200	200	0	0	0	0	200	0	1.000	1
4.00-4.10	4.50	200	200	200	200	0	0	0	0	200	0	1.000	1
4.00-4.10	4.75	200	200	200	200	0	0	0	0	200	0	1.000	1
4.00-4.10	5.00	200	200	200	200	0	0	0	0	200	0	1.000	1
4.10-4.25	3.50	200	0	0	0	0	0	0	0	0	0	0.000	0
4.10-4.25	3.75	200	0	0	0	0	0	0	0	0	0	0.000	0
4.10-4.25	3.90	200	0	0	0	0	0	0	0	0	0	0.000	0
4.10-4.25	3.99	200	0	0	0	0	0	0	0	0	0	0.000	0
4.10-4.25	4.00	200	0	0	0	0	0	0	0	0	0	0.000	0
4.10-4.25	4.01	200	0	0	0	0	0	0	0	0	0	0.000	0
4.10-4.25	4.10	200	0	0	0	0	0	0	0	0	0	0.000	0
4.10-4.25	4.20	200	137	137	137	0	0	0	0	137	0	1.000	1
4.10-4.25	4.33	200	200	200	200	0	0	0	0	200	0	1.000	1
4.10-4.25	4.50	200	200	200	200	0	0	0	0	200	0	1.000	1
4.10-4.25	4.75	200	200	200	200	0	0	0	0	200	0	1.000	1
4.10-4.25	5.00	200	200	200	200	0	0	0	0	200	0	1.000	1
4.25-4.50	3.50	200	0	0	0	0	0	0	0	0	0	0.000	0
4.25-4.50	3.75	200	0	0	0	0	0	0	0	0	0	0.000	0
4.25-4.50	3.90	200	0	0	0	0	0	0	0	0	0	0.000	0
4.25-4.50	3.99	200	0	0	0	0	0	0	0	0	0	0.000	0
4.25-4.50	4.00	200	0	0	0	0	0	0	0	0	0	0.000	0
4.25-4.50	4.01	200	0	0	0	0	0	0	0	0	0	0.000	0
4.25-4.50	4.10	200	0	0	0	0	0	0	0	0	0	0.000	0
4.25-4.50	4.20	200	0	0	0	0	0	0	0	0	0	0.000	0
4.25-4.50	4.33	200	67	67	67	0	0	0	0	67	0	1.000	1
4.25-4.50	4.50	200	200	200	200	0	0	0	0	200	0	1.000	1
4.25-4.50	4.75	200	200	200	200	0	0	0	0	200	0	1.000	1
4.25-4.50	5.00	200	200	200	200	0	0	0	0	200	0	1.000	1
4.50-4.75	3.50	200	0	0	0	0	0	0	0	0	0	0.000	0
4.50-4.75	3.75	200	0	0	0	0	0	0	0	0	0	0.000	0
4.50-4.75	3.90	200	0	0	0	0	0	0	0	0	0	0.000	0
4.50-4.75	3.99	200	0	0	0	0	0	0	0	0	0	0.000	0
4.50-4.75	4.00	200	0	0	0	0	0	0	0	0	0	0.000	0
4.50-4.75	4.01	200	0	0	0	0	0	0	0	0	0	0.000	0
4.50-4.75	4.10	200	0	0	0	0	0	0	0	0	0	0.000	0
4.50-4.75	4.20	200	0	0	0	0	0	0	0	0	0	0.000	0
4.50-4.75	4.33	200	0	0	0	0	0	0	0	0	0	0.000	0
4.50-4.75	4.50	200	0	0	0	0	0	0	0	0	0	0.000	0
4.50-4.75	4.75	200	200	200	200	0	0	0	0	200	0	1.000	1
4.50-4.75	5.00	200	200	200	200	0	0	0	0	200	0	1.000	1
4.75-5.00	3.50	200	0	0	0	0	0	0	0	0	0	0.000	0
4.75-5.00	3.75	200	0	0	0	0	0	0	0	0	0	0.000	0
4.75-5.00	3.90	200	0	0	0	0	0	0	0	0	0	0.000	0
4.75-5.00	3.99	200	0	0	0	0	0	0	0	0	0	0.000	0
4.75-5.00	4.00	200	0	0	0	0	0	0	0	0	0	0.000	0
4.75-5.00	4.01	200	0	0	0	0	0	0	0	0	0	0.000	0
4.75-5.00	4.10	200	0	0	0	0	0	0	0	0	0	0.000	0
4.75-5.00	4.20	200	0	0	0	0	0	0	0	0	0	0.000	0
4.75-5.00	4.33	200	0	0	0	0	0	0	0	0	0	0.000	0
4.75-5.00	4.50	200	0	0	0	0	0	0	0	0	0	0.000	0
4.75-5.00	4.75	200	0	0	0	0	0	0	0	0	0	0.000	0
4.75-5.00	5.00	200	200	200	200	0	0	0	0	200	0	1.000	1

FIRST INVALID-PROBE TRACES

actual_ratio=4.057909 C=4.10 p=3989 q=16187 N=64569943 result=direct-p
  01: [3969,8035] mid=6002 d=2033 gcd=3989 P QUOTIENT_FAIL

actual_ratio=4.057909 C=4.20 p=3989 q=16187 N=64569943 result=direct-p
  01: [3921,8035] mid=5978 d=2057 gcd=3989 P QUOTIENT_FAIL

actual_ratio=4.057909 C=4.33 p=3989 q=16187 N=64569943 result=direct-p
  01: [3862,8035] mid=5948 d=2087 gcd=3989 P QUOTIENT_FAIL

actual_ratio=4.057909 C=4.50 p=3989 q=16187 N=64569943 result=direct-p
  01: [3788,8035] mid=5911 d=2124 gcd=3989 P QUOTIENT_FAIL

actual_ratio=4.057909 C=4.75 p=3989 q=16187 N=64569943 result=direct-p
  01: [3687,8035] mid=5861 d=2174 gcd=3989 P QUOTIENT_FAIL

actual_ratio=4.057909 C=5.00 p=3989 q=16187 N=64569943 result=direct-p
  01: [3594,8035] mid=5814 d=2221 gcd=3989 P QUOTIENT_FAIL

actual_ratio=4.098366 C=4.10 p=3121 q=12791 N=39920711 result=direct-p
  01: [3121,6318] mid=4719 d=1599 gcd=3121 P QUOTIENT_FAIL

actual_ratio=4.098366 C=4.20 p=3121 q=12791 N=39920711 result=direct-p
  01: [3084,6318] mid=4701 d=1617 gcd=3121 P QUOTIENT_FAIL

actual_ratio=4.098366 C=4.33 p=3121 q=12791 N=39920711 result=direct-p
  01: [3037,6318] mid=4677 d=1641 gcd=3121 P QUOTIENT_FAIL

actual_ratio=4.098366 C=4.50 p=3121 q=12791 N=39920711 result=direct-p
  01: [2979,6318] mid=4648 d=1670 gcd=3121 P QUOTIENT_FAIL

runtime_seconds=4.929476

FINISHED EXPERIMENT 142
