========================================================================
START EXPERIMENT 157
Global quotient-residue consistency
========================================================================

R1 = [17, 43, 59, 71, 83]
R2 = [19, 37, 61, 73, 89]

2x2 blocks = 100

========================================================================
BIT SIZE = 30
========================================================================

------------------------------------------------------------------------
SAMPLE 1/3
n bits = 30
n = 596153221
true p = 27701
true q = 21521

C MATRIX
[1, 1, 1, 1, 1]
[1, 1, 1, 1, 1]
[1, 0, 2, 0, 1]
[1, 1, 0, 0, 0]
[1, 0, 2, 1, 1]

TOP GLOBAL-CONSISTENCY BLOCKS
rank  cells                     M        local-info
------------------------------------------------------------------------
   1  [(2, 0), (2, 2), (4, 0), (4, 2)]  5675623   0.674561
   2  [(0, 0), (0, 2), (2, 0), (2, 2)]  1162477   0.634878
   3  [(2, 1), (2, 2), (4, 1), (4, 2)] 11052529   0.597613
   4  [(0, 0), (0, 2), (4, 0), (4, 2)]  1635349   0.593233
   5  [(2, 2), (2, 3), (4, 2), (4, 3)] 21806341   0.558355
   6  [(0, 1), (0, 2), (2, 1), (2, 2)]  2263771   0.557929
   7  [(2, 2), (2, 4), (4, 2), (4, 4)] 26585813   0.551160
   8  [(1, 0), (1, 2), (2, 0), (2, 2)]  2940383   0.527847
   9  [(0, 2), (0, 3), (2, 2), (2, 3)]  4466359   0.518672
  10  [(0, 1), (0, 2), (4, 1), (4, 2)]  3184627   0.516285

------------------------------------------------------------------------
GLOBAL BLOCK 1/10
cells = [(2, 0), (2, 2), (4, 0), (4, 2)]
C values = [1, 2, 1, 2]
rows = [2, 4]
cols = [0, 2]
M = 5675623

Independent local compatible cell-state total = 9879
