====================================================================================================
THREE-CLOSE-PRIME CRT-LIFT / TWO-QUOTIENT GAP EXPERIMENT
====================================================================================================
M                         = 111,546,435
factor range              = 10,000 - 100,000
modulus prime range       = 300 - 3,000
close ratio               = 20%
anchors                   = 300
seed                      = 1511464998

====================================================================================================
BUILDING PRIME POOLS
====================================================================================================
factor primes             = 8,363
modulus primes            = 368

====================================================================================================
BUILDING ANCHORS
====================================================================================================
actual anchors            = 300

====================================================================================================
SELECTING CLOSE MODULUS TRIPLES
====================================================================================================
anchor  25/300
anchor  50/300
anchor  75/300
anchor 100/300
anchor 125/300
anchor 150/300
anchor 175/300
anchor 200/300
anchor 225/300
anchor 250/300
anchor 275/300
anchor 300/300
unique modulus triples    = 300

====================================================================================================
VALIDATING CRT-LIFT IDENTITIES
====================================================================================================
identity failures         = 0
two-quotient failures     = 0
R <= q failures           = 0

====================================================================================================
RUNNING DIRECT k-SPACE SEARCH
====================================================================================================
anchor  25/300
anchor  50/300
anchor  75/300
anchor 100/300
anchor 125/300
anchor 150/300
anchor 175/300
anchor 200/300
anchor 225/300
anchor 250/300
anchor 275/300
anchor 300/300

====================================================================================================
SUMMARY
====================================================================================================
anchors analyzed          = 300
g < p_min regime          = 45/300
outside regime            = 255

average integer p states  = 28,295.980
average prime tests       = 3,838.383
average k states          = 213,962.511
average final candidates  = 1.000
average search time       = 78.092 ms

====================================================================================================
SEARCH REDUCTION
====================================================================================================
k / integer-p baseline    = 7.561586880
k reduction                = -656.158688%
k / prime baseline        = 55.742872071
k vs prime tests          = 55.743x

====================================================================================================
GAP STATISTICS
====================================================================================================
mean gap                   = 53,749.767
minimum gap                = 4
maximum gap                = 433,482
gap < true p               = 137/300

====================================================================================================
k-STATE DISTRIBUTION
====================================================================================================
k states =   17,483 anchors =    1
k states =   19,609 anchors =    1
k states =   31,793 anchors =    1
k states =   31,827 anchors =    1
k states =   42,220 anchors =    1
k states =   54,370 anchors =    1
k states =   77,941 anchors =    1
k states =   78,131 anchors =    1
k states =   90,899 anchors =    1
k states =   94,712 anchors =    1
k states =   98,178 anchors =    1
k states =   98,411 anchors =    1
k states =   98,479 anchors =    1
k states =  103,900 anchors =    1
k states =  105,352 anchors =    1
k states =  106,261 anchors =    1
k states =  115,784 anchors =    1
k states =  117,028 anchors =    1
k states =  124,723 anchors =    1
k states =  125,011 anchors =    1
k states =  135,043 anchors =    1
k states =  135,744 anchors =    1
k states =  141,436 anchors =    1
k states =  153,239 anchors =    1
k states =  163,539 anchors =    1

====================================================================================================
EXAMPLES
====================================================================================================
n=674,222,111 p=14,821 q=45,491 mods=(887, 827, 919) R/n=0.9998656526
    gap=90,580 k=45,484 kRange=[0,0] kStates=0 candidates=[] recovered=False
n=9,082,319,251 p=92,987 q=97,673 mods=(2081, 1951, 2237) R/n=0.9999967074
    gap=29,904 k=97,672 kRange=[0,0] kStates=0 candidates=[] recovered=False
n=1,347,523,519 p=30,293 q=44,483 mods=(1087, 1039, 1193) R/n=0.9998829928
    gap=157,670 k=44,477 kRange=[0,0] kStates=0 candidates=[] recovered=False
n=5,657,257,523 p=67,819 q=83,417 mods=(1753, 1723, 1873) R/n=0.9999977487
    gap=12,736 k=83,416 kRange=[0,0] kStates=0 candidates=[] recovered=False
n=865,993,151 p=11,161 q=77,591 mods=(1063, 839, 971) R/n=0.9999999954
    gap=4 k=77,590 kRange=[8,659,86,599] kStates=77,941 candidates=[11161] recovered=True
n=5,720,629,619 p=61,583 q=92,893 mods=(1973, 1601, 1811) R/n=0.9999839675
    gap=91,716 k=92,891 kRange=[0,0] kStates=0 candidates=[] recovered=False
n=5,722,487,479 p=61,603 q=92,893 mods=(1879, 1597, 1907) R/n=0.9999943315
    gap=32,438 k=92,892 kRange=[0,0] kStates=0 candidates=[] recovered=False
n=6,762,244,211 p=70,607 q=95,773 mods=(2083, 1697, 1913) R/n=0.9999890202
    gap=74,248 k=95,771 kRange=[0,0] kStates=0 candidates=[] recovered=False
n=1,508,265,193 p=18,121 q=83,233 mods=(1129, 1087, 1229) R/n=0.9999946124
    gap=8,126 k=83,232 kRange=[15,082,150,825] kStates=135,744 candidates=[18121] recovered=True
n=3,653,510,527 p=51,853 q=70,459 mods=(1567, 1433, 1627) R/n=0.9999824470
    gap=64,130 k=70,457 kRange=[0,0] kStates=0 candidates=[] recovered=False
n=217,873,169 p=12,401 q=17,569 mods=(599, 557, 653) R/n=0.9999803096
    gap=4,290 k=17,568 kRange=[2,178,21,786] kStates=19,609 candidates=[12401] recovered=True
n=5,301,699,413 p=59,219 q=89,527 mods=(1753, 1601, 1889) R/n=0.9999772156
    gap=120,796 k=89,524 kRange=[0,0] kStates=0 candidates=[] recovered=False
n=3,880,529,033 p=49,549 q=78,317 mods=(1597, 1499, 1621) R/n=0.9999968381
    gap=12,270 k=78,316 kRange=[0,0] kStates=0 candidates=[] recovered=False
n=2,617,899,731 p=46,831 q=55,901 mods=(1433, 1259, 1451) R/n=0.9999685114
    gap=82,434 k=55,899 kRange=[0,0] kStates=0 candidates=[] recovered=False
n=1,513,985,699 p=38,861 q=38,959 mods=(1109, 1093, 1249) R/n=0.9999824397
    gap=26,586 k=38,958 kRange=[0,0] kStates=0 candidates=[] recovered=False
n=2,467,588,303 p=25,057 q=98,479 mods=(1409, 1217, 1439) R/n=0.9999761970
    gap=58,736 k=98,476 kRange=[0,0] kStates=0 candidates=[] recovered=False
n=5,350,210,193 p=54,101 q=98,893 mods=(1697, 1669, 1889) R/n=0.9999983709
    gap=8,716 k=98,892 kRange=[53,502,535,020] kStates=481,519 candidates=[54101] recovered=True
n=1,098,260,699 p=13,451 q=81,649 mods=(1051, 983, 1063) R/n=0.9999632874
    gap=40,320 k=81,646 kRange=[0,0] kStates=0 candidates=[] recovered=False
n=4,255,278,941 p=51,797 q=82,153 mods=(1601, 1511, 1759) R/n=0.9999852672
    gap=62,692 k=82,151 kRange=[0,0] kStates=0 candidates=[] recovered=False
n=367,205,809 p=13,913 q=26,393 mods=(719, 691, 739) R/n=0.9998660751
    gap=49,178 k=26,389 kRange=[0,0] kStates=0 candidates=[] recovered=False

====================================================================================================
STRONGEST k-SPACE COLLAPSES
====================================================================================================
n=194,241,613 p=10,799 q=17,987 gap=1,514 kStates=17,483 candidates=1 recovered=True
n=217,873,169 p=12,401 q=17,569 gap=4,290 kStates=19,609 candidates=1 recovered=True
n=353,256,473 p=12,149 q=29,077 gap=9,354 kStates=31,793 candidates=1 recovered=True
n=353,624,797 p=16,231 q=21,787 gap=2,874 kStates=31,827 candidates=1 recovered=True
n=469,098,139 p=10,007 q=46,877 gap=5,832 kStates=42,220 candidates=1 recovered=True
n=604,095,257 p=14,843 q=40,699 gap=930 kStates=54,370 candidates=1 recovered=True
n=865,993,151 p=11,161 q=77,591 gap=4 kStates=77,941 candidates=1 recovered=True
n=868,116,377 p=26,591 q=32,647 gap=2,764 kStates=78,131 candidates=1 recovered=True
n=1,009,977,569 p=25,747 q=39,227 gap=690 kStates=90,899 candidates=1 recovered=True
n=1,052,356,339 p=21,317 q=49,367 gap=6,672 kStates=94,712 candidates=1 recovered=True
n=1,090,865,287 p=15,803 q=69,029 gap=8,214 kStates=98,178 candidates=1 recovered=True
n=1,093,454,701 p=16,607 q=65,843 gap=9,878 kStates=98,411 candidates=1 recovered=True
n=1,094,212,747 p=17,851 q=61,297 gap=9,354 kStates=98,479 candidates=1 recovered=True
n=1,154,435,017 p=27,809 q=41,513 gap=3,230 kStates=103,900 candidates=1 recovered=True
n=1,170,570,949 p=20,327 q=57,587 gap=1,832 kStates=105,352 candidates=1 recovered=True
n=1,180,665,221 p=21,503 q=54,907 gap=688 kStates=106,261 candidates=1 recovered=True
n=1,286,476,427 p=15,581 q=82,567 gap=136 kStates=115,784 candidates=1 recovered=True
n=1,300,292,267 p=24,767 q=52,501 gap=1,966 kStates=117,028 candidates=1 recovered=True
n=1,385,809,097 p=35,899 q=38,603 gap=2,028 kStates=124,723 candidates=1 recovered=True
n=1,388,994,667 p=36,677 q=37,871 gap=3,240 kStates=125,011 candidates=1 recovered=True

====================================================================================================
WEAKEST k-SPACE COLLAPSES
====================================================================================================
n=2,031,664,751 p=32,141 q=63,211 gap=6,112 kStates=182,850 candidates=1 recovered=True
n=2,402,268,901 p=29,123 q=82,487 gap=9,992 kStates=216,204 candidates=1 recovered=True
n=2,547,636,431 p=27,239 q=93,529 gap=8,032 kStates=229,287 candidates=1 recovered=True
n=2,556,987,383 p=47,713 q=53,591 gap=3,802 kStates=230,130 candidates=1 recovered=True
n=2,948,150,021 p=35,423 q=83,227 gap=3,858 kStates=265,334 candidates=1 recovered=True
n=3,124,667,941 p=37,889 q=82,469 gap=2,580 kStates=281,221 candidates=1 recovered=True
n=3,382,883,509 p=43,271 q=78,179 gap=3,798 kStates=304,460 candidates=1 recovered=True
n=3,443,378,863 p=40,487 q=85,049 gap=9,312 kStates=309,904 candidates=1 recovered=True
n=3,459,280,337 p=44,959 q=76,943 gap=6,360 kStates=311,336 candidates=1 recovered=True
n=3,728,993,483 p=56,179 q=66,377 gap=1,116 kStates=335,611 candidates=1 recovered=True
n=3,783,511,621 p=55,721 q=67,901 gap=4,142 kStates=340,516 candidates=1 recovered=True
n=3,792,277,187 p=57,397 q=66,071 gap=7,098 kStates=341,306 candidates=1 recovered=True
n=4,304,971,393 p=51,869 q=82,997 gap=5,862 kStates=387,448 candidates=1 recovered=True
n=4,637,687,843 p=58,789 q=78,887 gap=1,980 kStates=417,393 candidates=1 recovered=True
n=4,891,318,501 p=50,773 q=96,337 gap=4,784 kStates=440,219 candidates=1 recovered=True
n=5,217,468,601 p=70,877 q=73,613 gap=672 kStates=469,573 candidates=1 recovered=True
n=5,350,210,193 p=54,101 q=98,893 gap=8,716 kStates=481,519 candidates=1 recovered=True
n=5,688,622,921 p=58,367 q=97,463 gap=8,328 kStates=511,976 candidates=1 recovered=True
n=6,157,822,751 p=70,901 q=86,851 gap=1,992 kStates=554,205 candidates=1 recovered=True
n=7,296,742,127 p=78,101 q=93,427 gap=504 kStates=656,708 candidates=1 recovered=True

====================================================================================================
ANCHOR RESULTS
====================================================================================================
  ID         p         q       gap        k        K    C  EXACT
----------------------------------------------------------------------------------------------------
   1    14,821    45,491    90,580   45,484        0    0  False
   2    92,987    97,673    29,904   97,672        0    0  False
   3    30,293    44,483   157,670   44,477        0    0  False
   4    67,819    83,417    12,736   83,416        0    0  False
   5    11,161    77,591         4   77,590   77,941    1   True
   6    61,583    92,893    91,716   92,891        0    0  False
   7    61,603    92,893    32,438   92,892        0    0  False
   8    70,607    95,773    74,248   95,771        0    0  False
   9    18,121    83,233     8,126   83,232  135,744    1   True
  10    51,853    70,459    64,130   70,457        0    0  False
  11    12,401    17,569     4,290   17,568   19,609    1   True
  12    59,219    89,527   120,796   89,524        0    0  False
  13    49,549    78,317    12,270   78,316        0    0  False
  14    46,831    55,901    82,434   55,899        0    0  False
  15    38,861    38,959    26,586   38,958        0    0  False
  16    25,057    98,479    58,736   98,476        0    0  False
  17    54,101    98,893     8,716   98,892  481,519    1   True
  18    13,451    81,649    40,320   81,646        0    0  False
  19    51,797    82,153    62,692   82,151        0    0  False
  20    13,913    26,393    49,178   26,389        0    0  False
  21    52,387    65,353    47,982   65,352        0    0  False
  22    32,141    63,211     6,112   63,210  182,850    1   True
  23    17,393    98,899    57,924   98,895        0    0  False
  24    67,493    69,911    69,222   69,909        0    0  False
  25    20,327    57,587     1,832   57,586  105,352    1   True
  26    75,553    83,443    15,876   83,442        0    0  False
  27    44,021    64,969    53,010   64,967        0    0  False
  28    49,139    63,617    73,476   63,615        0    0  False
  29    34,327    76,651   105,024   76,647        0    0  False
  30    11,897    33,049    16,680   33,047        0    0  False
  31    53,939    55,817    47,174   55,816        0    0  False
  32    84,299    99,347    16,020   99,346        0    0  False
  33    17,093    99,611     4,802   99,610  153,239    1   True
  34    25,747    39,227       690   39,226   90,899    1   True
  35    61,129    98,729    31,788   98,728        0    0  False
  36    46,103    60,271    32,356   60,270        0    0  False
  37    12,497    47,791    44,838   47,787        0    0  False
  38    69,911    95,239   140,412   95,236        0    0  False
  39    38,713    51,203    27,186   51,202        0    0  False
  40    14,821    32,411    25,080   32,409        0    0  False
  41    51,197    92,369   178,442   92,365        0    0  False
  42    42,227    43,411    52,684   43,409        0    0  False
  43    25,013    46,819    75,580   46,815        0    0  False
  44    36,677    37,871     3,240   37,870  125,011    1   True
  45    30,517    30,977    14,856   30,976        0    0  False
  46    16,607    65,843     9,878   65,842   98,411    1   True
  47    15,803    69,029     8,214   69,028   98,178    1   True
  48    16,619    86,311    82,750   86,306        0    0  False
  49    96,221    97,499    91,800   97,498        0    0  False
  50    22,171    89,513    42,994   89,511        0    0  False
  51    15,959    16,931    18,576   16,929        0    0  False
  52    23,549    55,163   129,168   55,157        0    0  False
  53    55,373    81,931    43,344   81,930        0    0  False
  54    14,867    99,349    31,086   99,346        0    0  False
  55    35,729    51,199    30,358   51,198        0    0  False
  56    55,291    66,383    12,130   66,382        0    0  False
  57    24,877    96,731    18,280   96,730        0    0  False
  58    22,567    31,277    20,436   31,276        0    0  False
  59    21,193    22,679    24,126   22,677        0    0  False
  60    79,111    93,553    55,872   93,552        0    0  False
  61    12,941    96,461    66,290   96,455        0    0  False
  62    29,567    47,123    50,120   47,121        0    0  False
  63    56,477    57,713    44,888   57,712        0    0  False
  64    46,441    91,753    37,590   91,752        0    0  False
  65    13,619    92,413    29,916   92,410        0    0  False
  66    57,329    97,373    16,478   97,372        0    0  False
  67    47,713    53,591     3,802   53,590  230,130    1   True
  68    35,423    83,227     3,858   83,226  265,334    1   True
  69    62,921    67,579    91,788   67,577        0    0  False
  70    56,671    95,483   174,174   95,479        0    0  False
  71    51,869    82,997     5,862   82,996  387,448    1   True
  72    62,971    82,009   167,550   82,006        0    0  False
  73    66,523    74,149    94,554   74,147        0    0  False
  74    17,477    48,649    52,146   48,646        0    0  False
  75    15,541    95,471   433,482   95,443        0    0  False
  76    54,083    79,039    26,988   79,038        0    0  False
  77    54,829    56,957    34,432   56,956        0    0  False
  78    19,603    96,517    78,822   96,512        0    0  False
  79    14,251    65,129    45,082   65,125        0    0  False
  80    10,799    17,987     1,514   17,986   17,483    1   True
  81    27,689    91,733    99,230   91,729        0    0  False
  82    33,191    35,027   107,436   35,023        0    0  False
  83    49,207    61,409    11,142   61,408        0    0  False
  84    56,179    66,377     1,116   66,376  335,611    1   True
  85    66,457    71,429    17,314   71,428        0    0  False
  86    38,821    46,807     7,736   46,806  163,539    1   True
  87    70,877    73,613       672   73,612  469,573    1   True
  88    29,663    77,477    79,532   77,474        0    0  False
  89    51,133    76,081    13,494   76,080        0    0  False
  90    10,223    55,339    40,138   55,335        0    0  False
  91    65,789    85,627   281,512   85,622        0    0  False
  92    35,597    48,353    54,324   48,351        0    0  False
  93    16,573    17,029    27,564   17,027        0    0  False
  94    48,527    84,443    19,374   84,442        0    0  False
  95    27,239    93,529     8,032   93,528  229,287    1   True
  96    11,149    62,053    10,988   62,052        0    0  False
  97    21,841    83,591    21,702   83,590        0    0  False
  98    10,687    79,319    30,360   79,316        0    0  False
  99    42,397    78,049   100,286   78,046        0    0  False
 100    31,489    40,973    13,704   40,972        0    0  False
 101    20,963    51,287    13,434   51,286        0    0  False
 102    18,671    51,197    47,240   51,194        0    0  False
 103    15,581    82,567       136   82,566  115,784    1   True
 104    52,567    83,719    18,540   83,718        0    0  False
 105    35,899    38,603     2,028   38,602  124,723    1   True
 106    55,631    95,191    12,744   95,190        0    0  False
 107    25,471    58,909     8,390   58,908  135,043    1   True
 108    23,473    23,833   110,490   23,828        0    0  False
 109    18,253    35,759    31,630   35,757        0    0  False
 110    30,809    77,359    22,948   77,358        0    0  False
 111    26,161    54,631    26,960   54,629        0    0  False
 112    64,037    92,009   269,010   92,004        0    0  False
 113    38,873    42,953    98,052   42,950        0    0  False
 114    55,903    82,207    28,500   82,206        0    0  False
 115    42,697    99,787    41,930   99,786        0    0  False
 116    17,971    36,007    26,246   36,005        0    0  False
 117    95,923    99,131    88,842   99,130        0    0  False
 118    40,487    85,049     9,312   85,048  309,904    1   True
 119    47,981    69,427    60,064   69,425        0    0  False
 120    42,641    45,959    35,540   45,958        0    0  False
 121    77,213    96,851    44,010   96,850        0    0  False
 122    65,557    96,827    20,790   96,826        0    0  False
 123    55,079    55,829    36,134   55,828        0    0  False
 124    40,529    60,889    15,274   60,888        0    0  False
 125    59,119    68,683    13,560   68,682        0    0  False
 126    50,423    74,017    64,414   74,015        0    0  False
 127    26,641    34,231   149,928   34,225        0    0  False
 128    79,537    92,357    25,942   92,356        0    0  False
 129    26,863    37,201    77,540   37,198        0    0  False
 130    70,921    88,969    53,936   88,968        0    0  False
 131    46,757    74,279    47,966   74,277        0    0  False
 132    53,507    85,447   102,868   85,445        0    0  False
 133    27,997    72,889    43,254   72,887        0    0  False
 134    55,217    75,217    91,368   75,215        0    0  False
 135    72,719    76,753   342,174   76,748        0    0  False
 136    16,063    45,137    24,480   45,135        0    0  False
 137    33,997    94,811    20,376   94,810        0    0  False
 138    11,353    17,977   136,820   17,964        0    0  False
 139    14,197    31,513    85,062   31,507        0    0  False
 140    10,163    88,663    65,548   88,656        0    0  False
 141    40,241    45,659   232,032   45,653        0    0  False
 142    41,117    54,907    84,370   54,904        0    0  False
 143    44,959    76,943     6,360   76,942  311,336    1   True
 144    52,453    67,049    15,190   67,048        0    0  False
 145    83,639    94,723   107,418   94,721        0    0  False
 146    18,661    83,023    15,876   83,022        0    0  False
 147    56,773    67,213    43,422   67,212        0    0  False
 148    33,713    67,931    10,400   67,930        0    0  False
 149    88,007    95,987    26,010   95,986        0    0  False
 150    43,487    71,993    31,470   71,992        0    0  False
 151    65,993    71,341    28,342   71,340        0    0  False
 152    37,277    75,767    22,452   75,766        0    0  False
 153    59,467    83,269    45,834   83,268        0    0  False
 154    27,809    41,513     3,230   41,512  103,900    1   True
 155    33,563    93,371    13,392   93,370        0    0  False
 156    15,823    79,621    42,452   79,618        0    0  False
 157    23,339    96,269    57,452   96,266        0    0  False
 158    39,979    53,773    64,614   53,771        0    0  False
 159    32,531    82,613    23,942   82,612        0    0  False
 160    16,447    47,791    13,284   47,790        0    0  False
 161    21,317    49,367     6,672   49,366   94,712    1   True
 162    22,129    50,087   117,222   50,081        0    0  False
 163    20,771    41,399    30,182   41,397        0    0  False
 164    37,987    73,037    35,250   73,036        0    0  False
 165    36,467    44,701    34,090   44,700        0    0  False
 166    28,597    40,829    32,080   40,827        0    0  False
 167    13,177    70,729    59,256   70,724        0    0  False
 168    50,647    72,101    13,944   72,100        0    0  False
 169    63,559    66,541    55,562   66,540        0    0  False
 170    22,921    29,401    37,988   29,399        0    0  False
 171    43,481    90,281    49,664   90,279        0    0  False
 172    17,209    19,867    86,706   19,861        0    0  False
 173    38,699    77,347    13,356   77,346        0    0  False
 174    26,683    59,453    43,620   59,451        0    0  False
 175    12,157    27,809    25,114   27,806        0    0  False
 176    39,703    90,659    16,204   90,658        0    0  False
 177    42,293    55,313    61,890   55,311        0    0  False
 178    26,891    81,553    66,970   81,550        0    0  False
 179    43,063    90,697    17,358   90,696        0    0  False
 180    14,891    39,079    50,670   39,075        0    0  False
 181    78,101    93,427       504   93,426  656,708    1   True
 182    22,643    31,319    54,194   31,316        0    0  False
 183    59,233    99,767    60,622   99,765        0    0  False
 184    19,013    21,841    26,772   21,839        0    0  False
 185    33,889    50,333    10,960   50,332        0    0  False
 186    12,149    29,077     9,354   29,076   31,793    1   True
 187    62,563    73,951   123,462   73,949        0    0  False
 188    21,283    24,043    72,410   24,039        0    0  False
 189    36,109    67,927   102,972   67,924        0    0  False
 190    67,807    83,003   103,912   83,001        0    0  False
 191    10,781    20,899    21,772   20,896        0    0  False
 192    63,211    80,779    15,908   80,778        0    0  False
 193    90,997    94,477    32,400   94,476        0    0  False
 194    93,811    98,573   120,196   98,571        0    0  False
 195    30,203    45,247    61,134   45,244        0    0  False
 196    44,851    95,203    52,580   95,201        0    0  False
 197    16,231    21,787     2,874   21,786   31,827    1   True
 198    21,599    37,049    38,124   37,047        0    0  False
 199    37,889    82,469     2,580   82,468  281,221    1   True
 200    28,627    46,901    16,680   46,900        0    0  False
 201    33,997    46,691    60,684   46,689        0    0  False
 202    64,271    72,797    89,064   72,795        0    0  False
 203    27,527    54,497    36,642   54,495        0    0  False
 204    13,259    67,579   124,744   67,569        0    0  False
 205    63,841    72,649    73,298   72,647        0    0  False
 206    11,497    99,371   133,768   99,359        0    0  False
 207    47,111    97,327    15,564   97,326        0    0  False
 208    11,717    72,019    17,386   72,017        0    0  False
 209    28,513    84,131    79,674   84,128        0    0  False
 210    62,563    99,929    66,538   99,927        0    0  False
 211    11,839    75,329    23,754   75,326        0    0  False
 212    22,391    68,111    25,662   68,109        0    0  False
 213    58,367    97,463     8,328   97,462  511,976    1   True
 214    26,591    32,647     2,764   32,646   78,131    1   True
 215    91,801    94,351   111,260   94,349        0    0  False
 216    39,097    46,867    68,930   46,865        0    0  False
 217    29,429    67,619    60,950   67,616        0    0  False
 218    46,451    56,081    98,718   56,078        0    0  False
 219    49,393    77,081   120,546   77,078        0    0  False
 220    44,983    90,397    22,082   90,396        0    0  False
 221    58,099    86,467   104,774   86,465        0    0  False
 222    29,147    33,317    17,900   33,316        0    0  False
 223    24,197    60,631    15,496   60,630        0    0  False
 224    17,851    61,297     9,354   61,296   98,479    1   True
 225    25,579    31,601    59,982   31,598        0    0  False
 226    43,391    99,733    81,450   99,731        0    0  False
 227    12,979    20,743    12,800   20,742        0    0  False
 228    10,007    50,951    42,434   50,946        0    0  False
 229    10,159    13,907    92,656   13,897        0    0  False
 230    38,377    40,949     5,740   40,948  141,436    1   True
 231    32,003    53,551   194,764   53,544        0    0  False
 232    53,089    54,287    34,614   54,286        0    0  False
 233    31,567    61,843    48,770   61,841        0    0  False
 234    25,033    36,793    12,962   36,792        0    0  False
 235    41,641    52,379   156,352   52,375        0    0  False
 236    20,809    41,467   157,836   41,459        0    0  False
 237    30,187    63,743    22,404   63,742        0    0  False
 238    69,557    85,597    61,672   85,596        0    0  False
 239    64,157    94,273   108,202   94,271        0    0  False
 240    43,271    78,179     3,798   78,178  304,460    1   True
 241    15,739    80,329    64,280   80,324        0    0  False
 242    20,297    70,157    74,588   70,153        0    0  False
 243    27,253    45,281    80,586   45,278        0    0  False
 244    26,893    77,447    44,974   77,445        0    0  False
 245    14,843    40,699       930   40,698   54,370    1   True
 246    33,113    70,537    88,080   70,534        0    0  False
 247    65,729    84,421   152,170   84,418        0    0  False
 248    71,719    89,839    12,810   89,838        0    0  False
 249    55,721    67,901     4,142   67,900  340,516    1   True
 250    45,763    89,917    90,464   89,915        0    0  False
 251    52,631    99,551    70,718   99,549        0    0  False
 252    39,119    61,211    47,328   61,209        0    0  False
 253    35,363    44,201    10,170   44,200        0    0  False
 254    42,793    74,527    21,098   74,526        0    0  False
 255    26,423    86,743   101,308   86,739        0    0  False
 256    35,449    45,083    23,406   45,082        0    0  False
 257    33,533    62,459    13,278   62,458        0    0  False
 258    10,723    81,041   123,166   81,029        0    0  False
 259    32,429    37,889    21,792   37,888        0    0  False
 260    18,077    36,523    83,980   36,518        0    0  False
 261    14,767    59,183    23,040   59,181        0    0  False
 262    46,099    72,937   185,940   72,932        0    0  False
 263    12,011    90,071    99,588   90,062        0    0  False
 264    77,383    80,669   110,896   80,667        0    0  False
 265    70,901    86,851     1,992   86,850  554,205    1   True
 266    28,099    47,087    69,976   47,084        0    0  False
 267    10,007    46,877     5,832   46,876   42,220    1   True
 268    29,867    38,959    88,860   38,956        0    0  False
 269    37,907    86,753    55,434   86,751        0    0  False
 270    86,539    96,757    38,574   96,756        0    0  False
 271    31,963    84,719   218,886   84,712        0    0  False
 272    57,397    66,071     7,098   66,070  341,306    1   True
 273    32,969    95,429    71,562   95,426        0    0  False
 274    46,691    81,971   105,762   81,968        0    0  False
 275    85,009    98,981   108,192   98,979        0    0  False
 276    19,403    39,971    51,254   39,968        0    0  False
 277    50,773    96,337     4,784   96,336  440,219    1   True
 278    43,801    55,207    53,246   55,205        0    0  False
 279    28,573    81,041    47,904   81,039        0    0  False
 280    58,789    78,887     1,980   78,886  417,393    1   True
 281    13,331    52,541    31,394   52,538        0    0  False
 282    62,873    95,857    24,930   95,856        0    0  False
 283    21,503    54,907       688   54,906  106,261    1   True
 284    17,077    66,037    34,260   66,034        0    0  False
 285    21,341    97,283    35,564   97,281        0    0  False
 286    15,017    32,497    10,096   32,496        0    0  False
 287    19,211    34,267    85,470   34,262        0    0  False
 288    55,829    65,239    24,304   65,238        0    0  False
 289    45,307    56,857    71,832   56,855        0    0  False
 290    24,767    52,501     1,966   52,500  117,028    1   True
 291    63,211    65,579   128,940   65,576        0    0  False
 292    69,467    91,943    36,588   91,942        0    0  False
 293    30,427    93,059    37,194   93,057        0    0  False
 294    29,123    82,487     9,992   82,486  216,204    1   True
 295    37,441    81,223    64,946   81,221        0    0  False
 296    33,343    36,341   114,432   36,337        0    0  False
 297    83,389    95,891    36,282   95,890        0    0  False
 298    26,987    51,043    30,234   51,041        0    0  False
 299    18,269    33,521    73,598   33,516        0    0  False
 300    26,111    91,639    29,746   91,637        0    0  False

====================================================================================================
MATHEMATICAL INTERPRETATION
====================================================================================================

The previous experiment established that when:

    R > p_max

the modular hyperbola condition forces:

    p*q = n.

So the t-coordinate disappears.

This experiment asks whether the remaining factor search can be
reduced by using the small gap:

    g = n-R.

For a true factorization:

    n = p*q
    R = p*q-g.

Let:

    k = floor(R/p)

Then:

    R = k*p+s
    with 0 <= s < p.

Therefore:

    n = k*p + (s+g).

If:

    0 <= g < p,

then:

    0 <= s+g < 2p.

Because n = p*q, this implies:

    q is either k or k+1.

Thus the factor pair can be generated from the one-dimensional
quotient index:

    k
      |
      +--> q = k
      |
      +--> q = k+1
              |
              v
          p = n/q

The script therefore does NOT scan every integer p.

It enumerates the allowed k interval:

    floor(R/p_max) <= k <= floor(R/p_min)

and generates p only when n is exactly divisible by k or k+1.

The critical measurement is:

    k states / integer-p states

but there is a second comparison:

    k states / ordinary prime enumeration.

A useful result requires both to be small.

There is also an important limitation:

    the theorem requires g < p.

If the gap is larger than the factor p, then q is no longer
guaranteed to be only k or k+1.

Therefore the script separately reports how often the useful regime
actually occurs.

This is a direct test of whether the closeness of R to n provides
a genuine candidate-generation mechanism rather than merely a
post-enumeration filter.

Every candidate is verified with:

    p*q == n.


====================================================================================================
TIMING
====================================================================================================
total runtime              = 32.012 seconds

====================================================================================================
EXPERIMENT COMPLETE
====================================================================================================
