START EXPERIMENT 7

n	p	q	a	b	k	l	K	S	M2	states	joint_factor_weight	joint_factor_pct	p_coordinate_weight	p_coordinate_pct	q_coordinate_weight	q_coordinate_pct	paired_coordinate_weight	paired_coordinate_pct	exact_factor_weight	exact_factor_pct	factor_occurrences
731	17	43	6	4	1	3	3	60	48693150	12520	0	0.00000000	776002	1.59365742	421344	0.86530446	0	0.00000000	0	0.00000000	1197346	2.45896189	713
893	19	47	8	8	1	3	3	66	88814880	16154	0	0.00000000	1140720	1.28437937	642060	0.72291940	0	0.00000000	0	0.00000000	1782780	2.00729878	798
1219	23	53	1	1	2	4	8	76	226048644	23960	0	0.00000000	2065306	0.91365556	1229774	0.54403069	0	0.00000000	0	0.00000000	3295080	1.45768625	957
1711	29	59	7	7	2	4	8	88	625382550	36656	0	0.00000000	3864824	0.61799358	2550804	0.40787899	0	0.00000000	0	0.00000000	6415628	1.02587256	1155
2077	31	67	9	2	2	5	10	98	1118915520	46662	0	0.00000000	5897640	0.52708537	3772724	0.33717684	0	0.00000000	0	0.00000000	9670364	0.86426221	1348
2627	37	71	4	6	3	5	15	108	2264412780	62428	0	0.00000000	9024702	0.39854492	6260568	0.27647645	0	0.00000000	0	0.00000000	15285270	0.67502136	1533
2993	41	73	8	8	3	5	15	114	3349162152	73294	0	0.00000000	11420790	0.34100439	8225554	0.24560035	0	0.00000000	0	0.00000000	19646344	0.58660474	1642
3397	43	79	10	1	3	6	18	122	4897089120	85634	0	0.00000000	14826420	0.30275986	10582956	0.21610707	0	0.00000000	0	0.00000000	25409376	0.51886693	1776

FINISHED EXPERIMENT 7
