============================================================
START EXPERIMENT 94
============================================================

CASES: 500
FIRST VALUES: 100

CASE 1
  N = 3293
  p = 37
  q = 89
  L= 1 d= 1 p_match=False q_match=False
      p=[2, 39, 76]
      q=[2, 91]
  L= 2 d= 3 p_match=False q_match=False
      p=[2, 3, 4, 39, 40, 41, 76, 77, 78]
      q=[2, 3, 4, 91, 92, 93]
  L= 3 d= 5 p_match=False q_match=False
      p=[2, 3, 4, 5, 6, 39, 40, 41, 42, 43, 76, 77, 78, 79, 80]
      q=[2, 3, 4, 5, 6, 91, 92, 93, 94, 95]
  L= 4 d= 7 p_match=False q_match=False
      p=[2, 3, 4, 5, 6, 7, 8, 39, 40, 41, 42, 43, 44, 45, 76, 77, 78, 79, 80, 81, 82]
      q=[2, 3, 4, 5, 6, 7, 8, 91, 92, 93, 94, 95, 96, 97]
  L= 5 d= 9 p_match=False q_match=False
      p=[2, 3, 4, 5, 6, 7, 8, 9, 10, 39, 40, 41, 42, 43, 44, 45, 46, 47, 76, 77, 78, 79, 80, 81, 82, 83, 84]
      q=[2, 3, 4, 5, 6, 7, 8, 9, 10, 91, 92, 93, 94, 95, 96, 97, 98, 99]
  L= 6 d=11 p_match=False q_match=False
      p=[2, 3, 4, 5, 6, 7, 8, 9, 10, 11, 12, 39, 40, 41, 42, 43, 44, 45, 46, 47, 48, 49, 76, 77, 78, 79, 80, 81, 82, 83, 84, 85, 86]
      q=[2, 3, 4, 5, 6, 7, 8, 9, 10, 11, 12, 91, 92, 93, 94, 95, 96, 97, 98, 99, 100]
  L= 7 d=13 p_match=False q_match=False
      p=[2, 3, 4, 5, 6, 7, 8, 9, 10, 11, 12, 13, 14, 39, 40, 41, 42, 43, 44, 45, 46, 47, 48, 49, 50, 51, 76, 77, 78, 79, 80, 81, 82, 83, 84, 85, 86, 87, 88]
      q=[2, 3, 4, 5, 6, 7, 8, 9, 10, 11, 12, 13, 14, 91, 92, 93, 94, 95, 96, 97, 98, 99, 100]
  L= 8 d=15 p_match=False q_match=False
      p=[2, 3, 4, 5, 6, 7, 8, 9, 10, 11, 12, 13, 14, 15, 16, 39, 40, 41, 42, 43, 44, 45, 46, 47, 48, 49, 50, 51, 52, 53, 76, 77, 78, 79, 80, 81, 82, 83, 84, 85, 86, 87, 88, 89, 90]
      q=[2, 3, 4, 5, 6, 7, 8, 9, 10, 11, 12, 13, 14, 15, 16, 91, 92, 93, 94, 95, 96, 97, 98, 99, 100]
  L= 9 d=17 p_match=False q_match=False
      p=[2, 3, 4, 5, 6, 7, 8, 9, 10, 11, 12, 13, 14, 15, 16, 17, 18, 39, 40, 41, 42, 43, 44, 45, 46, 47, 48, 49, 50, 51, 52, 53, 54, 55, 76, 77, 78, 79, 80, 81, 82, 83, 84, 85, 86, 87, 88, 89, 90, 91, 92]
      q=[2, 3, 4, 5, 6, 7, 8, 9, 10, 11, 12, 13, 14, 15, 16, 17, 18, 91, 92, 93, 94, 95, 96, 97, 98, 99, 100]
  L=10 d=19 p_match=False q_match=False
      p=[2, 3, 4, 5, 6, 7, 8, 9, 10, 11, 12, 13, 14, 15, 16, 17, 18, 19, 20, 39, 40, 41, 42, 43, 44, 45, 46, 47, 48, 49, 50, 51, 52, 53, 54, 55, 56, 57, 76, 77, 78, 79, 80, 81, 82, 83, 84, 85, 86, 87, 88, 89, 90, 91, 92, 93, 94]
      q=[2, 3, 4, 5, 6, 7, 8, 9, 10, 11, 12, 13, 14, 15, 16, 17, 18, 19, 20, 91, 92, 93, 94, 95, 96, 97, 98, 99, 100]

CASE 2
  N = 1159
  p = 19
  q = 61
  L= 1 d= 1 p_match=False q_match=False
      p=[2, 21, 40, 59, 78, 97]
      q=[2, 63]
  L= 2 d= 3 p_match=False q_match=False
      p=[2, 3, 4, 21, 22, 23, 40, 41, 42, 59, 60, 61, 78, 79, 80, 97, 98, 99]
      q=[2, 3, 4, 63, 64, 65]
  L= 3 d= 5 p_match=False q_match=False
      p=[2, 3, 4, 5, 6, 21, 22, 23, 24, 25, 40, 41, 42, 43, 44, 59, 60, 61, 62, 63, 78, 79, 80, 81, 82, 97, 98, 99, 100]
      q=[2, 3, 4, 5, 6, 63, 64, 65, 66, 67]
  L= 4 d= 7 p_match=False q_match=False
      p=[2, 3, 4, 5, 6, 7, 8, 21, 22, 23, 24, 25, 26, 27, 40, 41, 42, 43, 44, 45, 46, 59, 60, 61, 62, 63, 64, 65, 78, 79, 80, 81, 82, 83, 84, 97, 98, 99, 100]
      q=[2, 3, 4, 5, 6, 7, 8, 63, 64, 65, 66, 67, 68, 69]
  L= 5 d= 9 p_match=False q_match=False
      p=[2, 3, 4, 5, 6, 7, 8, 9, 10, 21, 22, 23, 24, 25, 26, 27, 28, 29, 40, 41, 42, 43, 44, 45, 46, 47, 48, 59, 60, 61, 62, 63, 64, 65, 66, 67, 78, 79, 80, 81, 82, 83, 84, 85, 86, 97, 98, 99, 100]
      q=[2, 3, 4, 5, 6, 7, 8, 9, 10, 63, 64, 65, 66, 67, 68, 69, 70, 71]
  L= 6 d=11 p_match=False q_match=False
      p=[2, 3, 4, 5, 6, 7, 8, 9, 10, 11, 12, 21, 22, 23, 24, 25, 26, 27, 28, 29, 30, 31, 40, 41, 42, 43, 44, 45, 46, 47, 48, 49, 50, 59, 60, 61, 62, 63, 64, 65, 66, 67, 68, 69, 78, 79, 80, 81, 82, 83, 84, 85, 86, 87, 88, 97, 98, 99, 100]
      q=[2, 3, 4, 5, 6, 7, 8, 9, 10, 11, 12, 63, 64, 65, 66, 67, 68, 69, 70, 71, 72, 73]
  L= 7 d=13 p_match=False q_match=False
      p=[2, 3, 4, 5, 6, 7, 8, 9, 10, 11, 12, 13, 14, 21, 22, 23, 24, 25, 26, 27, 28, 29, 30, 31, 32, 33, 40, 41, 42, 43, 44, 45, 46, 47, 48, 49, 50, 51, 52, 59, 60, 61, 62, 63, 64, 65, 66, 67, 68, 69, 70, 71, 78, 79, 80, 81, 82, 83, 84, 85, 86, 87, 88, 89, 90, 97, 98, 99, 100]
      q=[2, 3, 4, 5, 6, 7, 8, 9, 10, 11, 12, 13, 14, 63, 64, 65, 66, 67, 68, 69, 70, 71, 72, 73, 74, 75]
  L= 8 d=15 p_match=False q_match=False
      p=[2, 3, 4, 5, 6, 7, 8, 9, 10, 11, 12, 13, 14, 15, 16, 21, 22, 23, 24, 25, 26, 27, 28, 29, 30, 31, 32, 33, 34, 35, 40, 41, 42, 43, 44, 45, 46, 47, 48, 49, 50, 51, 52, 53, 54, 59, 60, 61, 62, 63, 64, 65, 66, 67, 68, 69, 70, 71, 72, 73, 78, 79, 80, 81, 82, 83, 84, 85, 86, 87, 88, 89, 90, 91, 92, 97, 98, 99, 100]
      q=[2, 3, 4, 5, 6, 7, 8, 9, 10, 11, 12, 13, 14, 15, 16, 63, 64, 65, 66, 67, 68, 69, 70, 71, 72, 73, 74, 75, 76, 77]
  L= 9 d=17 p_match=False q_match=False
      p=[2, 3, 4, 5, 6, 7, 8, 9, 10, 11, 12, 13, 14, 15, 16, 17, 18, 21, 22, 23, 24, 25, 26, 27, 28, 29, 30, 31, 32, 33, 34, 35, 36, 37, 40, 41, 42, 43, 44, 45, 46, 47, 48, 49, 50, 51, 52, 53, 54, 55, 56, 59, 60, 61, 62, 63, 64, 65, 66, 67, 68, 69, 70, 71, 72, 73, 74, 75, 78, 79, 80, 81, 82, 83, 84, 85, 86, 87, 88, 89, 90, 91, 92, 93, 94, 97, 98, 99, 100]
      q=[2, 3, 4, 5, 6, 7, 8, 9, 10, 11, 12, 13, 14, 15, 16, 17, 18, 63, 64, 65, 66, 67, 68, 69, 70, 71, 72, 73, 74, 75, 76, 77, 78, 79]

CASE 3
  N = 583
  p = 11
  q = 53
  L= 1 d= 1 p_match=False q_match=False
      p=[2, 13, 24, 35, 46, 57, 68, 79, 90]
      q=[2, 55]
  L= 2 d= 3 p_match=False q_match=False
      p=[2, 3, 4, 13, 14, 15, 24, 25, 26, 35, 36, 37, 46, 47, 48, 57, 58, 59, 68, 69, 70, 79, 80, 81, 90, 91, 92]
      q=[2, 3, 4, 55, 56, 57]
  L= 3 d= 5 p_match=False q_match=False
      p=[2, 3, 4, 5, 6, 13, 14, 15, 16, 17, 24, 25, 26, 27, 28, 35, 36, 37, 38, 39, 46, 47, 48, 49, 50, 57, 58, 59, 60, 61, 68, 69, 70, 71, 72, 79, 80, 81, 82, 83, 90, 91, 92, 93, 94]
      q=[2, 3, 4, 5, 6, 55, 56, 57, 58, 59]
  L= 4 d= 7 p_match=False q_match=False
      p=[2, 3, 4, 5, 6, 7, 8, 13, 14, 15, 16, 17, 18, 19, 24, 25, 26, 27, 28, 29, 30, 35, 36, 37, 38, 39, 40, 41, 46, 47, 48, 49, 50, 51, 52, 57, 58, 59, 60, 61, 62, 63, 68, 69, 70, 71, 72, 73, 74, 79, 80, 81, 82, 83, 84, 85, 90, 91, 92, 93, 94, 95, 96]
      q=[2, 3, 4, 5, 6, 7, 8, 55, 56, 57, 58, 59, 60, 61]
  L= 5 d= 9 p_match=False q_match=False
      p=[2, 3, 4, 5, 6, 7, 8, 9, 10, 13, 14, 15, 16, 17, 18, 19, 20, 21, 24, 25, 26, 27, 28, 29, 30, 31, 32, 35, 36, 37, 38, 39, 40, 41, 42, 43, 46, 47, 48, 49, 50, 51, 52, 53, 54, 57, 58, 59, 60, 61, 62, 63, 64, 65, 68, 69, 70, 71, 72, 73, 74, 75, 76, 79, 80, 81, 82, 83, 84, 85, 86, 87, 90, 91, 92, 93, 94, 95, 96, 97, 98]
      q=[2, 3, 4, 5, 6, 7, 8, 9, 10, 55, 56, 57, 58, 59, 60, 61, 62, 63]

CASE 4
  N = 4717
  p = 53
  q = 89
  L= 1 d= 1 p_match=False q_match=False
      p=[2, 55]
      q=[2, 91]
  L= 2 d= 3 p_match=False q_match=False
      p=[2, 3, 4, 55, 56, 57]
      q=[2, 3, 4, 91, 92, 93]
  L= 3 d= 5 p_match=False q_match=False
      p=[2, 3, 4, 5, 6, 55, 56, 57, 58, 59]
      q=[2, 3, 4, 5, 6, 91, 92, 93, 94, 95]
  L= 4 d= 7 p_match=False q_match=False
      p=[2, 3, 4, 5, 6, 7, 8, 55, 56, 57, 58, 59, 60, 61]
      q=[2, 3, 4, 5, 6, 7, 8, 91, 92, 93, 94, 95, 96, 97]
  L= 5 d= 9 p_match=False q_match=False
      p=[2, 3, 4, 5, 6, 7, 8, 9, 10, 55, 56, 57, 58, 59, 60, 61, 62, 63]
      q=[2, 3, 4, 5, 6, 7, 8, 9, 10, 91, 92, 93, 94, 95, 96, 97, 98, 99]
  L= 6 d=11 p_match=False q_match=False
      p=[2, 3, 4, 5, 6, 7, 8, 9, 10, 11, 12, 55, 56, 57, 58, 59, 60, 61, 62, 63, 64, 65]
      q=[2, 3, 4, 5, 6, 7, 8, 9, 10, 11, 12, 91, 92, 93, 94, 95, 96, 97, 98, 99, 100]
  L= 7 d=13 p_match=False q_match=False
      p=[2, 3, 4, 5, 6, 7, 8, 9, 10, 11, 12, 13, 14, 55, 56, 57, 58, 59, 60, 61, 62, 63, 64, 65, 66, 67]
      q=[2, 3, 4, 5, 6, 7, 8, 9, 10, 11, 12, 13, 14, 91, 92, 93, 94, 95, 96, 97, 98, 99, 100]
  L= 8 d=15 p_match=False q_match=False
      p=[2, 3, 4, 5, 6, 7, 8, 9, 10, 11, 12, 13, 14, 15, 16, 55, 56, 57, 58, 59, 60, 61, 62, 63, 64, 65, 66, 67, 68, 69]
      q=[2, 3, 4, 5, 6, 7, 8, 9, 10, 11, 12, 13, 14, 15, 16, 91, 92, 93, 94, 95, 96, 97, 98, 99, 100]
  L= 9 d=17 p_match=False q_match=False
      p=[2, 3, 4, 5, 6, 7, 8, 9, 10, 11, 12, 13, 14, 15, 16, 17, 18, 55, 56, 57, 58, 59, 60, 61, 62, 63, 64, 65, 66, 67, 68, 69, 70, 71]
      q=[2, 3, 4, 5, 6, 7, 8, 9, 10, 11, 12, 13, 14, 15, 16, 17, 18, 91, 92, 93, 94, 95, 96, 97, 98, 99, 100]
  L=10 d=19 p_match=False q_match=False
      p=[2, 3, 4, 5, 6, 7, 8, 9, 10, 11, 12, 13, 14, 15, 16, 17, 18, 19, 20, 55, 56, 57, 58, 59, 60, 61, 62, 63, 64, 65, 66, 67, 68, 69, 70, 71, 72, 73]
      q=[2, 3, 4, 5, 6, 7, 8, 9, 10, 11, 12, 13, 14, 15, 16, 17, 18, 19, 20, 91, 92, 93, 94, 95, 96, 97, 98, 99, 100]

CASE 5
  N = 5767
  p = 73
  q = 79
  L= 1 d= 1 p_match=False q_match=False
      p=[2, 75]
      q=[2, 81]
  L= 2 d= 3 p_match=False q_match=False
      p=[2, 3, 4, 75, 76, 77]
      q=[2, 3, 4, 81, 82, 83]
  L= 3 d= 5 p_match=False q_match=False
      p=[2, 3, 4, 5, 6, 75, 76, 77, 78, 79]
      q=[2, 3, 4, 5, 6, 81, 82, 83, 84, 85]
  L= 4 d= 7 p_match=False q_match=False
      p=[2, 3, 4, 5, 6, 7, 8, 75, 76, 77, 78, 79, 80, 81]
      q=[2, 3, 4, 5, 6, 7, 8, 81, 82, 83, 84, 85, 86, 87]
  L= 5 d= 9 p_match=False q_match=False
      p=[2, 3, 4, 5, 6, 7, 8, 9, 10, 75, 76, 77, 78, 79, 80, 81, 82, 83]
      q=[2, 3, 4, 5, 6, 7, 8, 9, 10, 81, 82, 83, 84, 85, 86, 87, 88, 89]
  L= 6 d=11 p_match=False q_match=False
      p=[2, 3, 4, 5, 6, 7, 8, 9, 10, 11, 12, 75, 76, 77, 78, 79, 80, 81, 82, 83, 84, 85]
      q=[2, 3, 4, 5, 6, 7, 8, 9, 10, 11, 12, 81, 82, 83, 84, 85, 86, 87, 88, 89, 90, 91]
  L= 7 d=13 p_match=False q_match=False
      p=[2, 3, 4, 5, 6, 7, 8, 9, 10, 11, 12, 13, 14, 75, 76, 77, 78, 79, 80, 81, 82, 83, 84, 85, 86, 87]
      q=[2, 3, 4, 5, 6, 7, 8, 9, 10, 11, 12, 13, 14, 81, 82, 83, 84, 85, 86, 87, 88, 89, 90, 91, 92, 93]
  L= 8 d=15 p_match=False q_match=False
      p=[2, 3, 4, 5, 6, 7, 8, 9, 10, 11, 12, 13, 14, 15, 16, 75, 76, 77, 78, 79, 80, 81, 82, 83, 84, 85, 86, 87, 88, 89]
      q=[2, 3, 4, 5, 6, 7, 8, 9, 10, 11, 12, 13, 14, 15, 16, 81, 82, 83, 84, 85, 86, 87, 88, 89, 90, 91, 92, 93, 94, 95]
  L= 9 d=17 p_match=False q_match=False
      p=[2, 3, 4, 5, 6, 7, 8, 9, 10, 11, 12, 13, 14, 15, 16, 17, 18, 75, 76, 77, 78, 79, 80, 81, 82, 83, 84, 85, 86, 87, 88, 89, 90, 91]
      q=[2, 3, 4, 5, 6, 7, 8, 9, 10, 11, 12, 13, 14, 15, 16, 17, 18, 81, 82, 83, 84, 85, 86, 87, 88, 89, 90, 91, 92, 93, 94, 95, 96, 97]
  L=10 d=19 p_match=False q_match=False
      p=[2, 3, 4, 5, 6, 7, 8, 9, 10, 11, 12, 13, 14, 15, 16, 17, 18, 19, 20, 75, 76, 77, 78, 79, 80, 81, 82, 83, 84, 85, 86, 87, 88, 89, 90, 91, 92, 93]
      q=[2, 3, 4, 5, 6, 7, 8, 9, 10, 11, 12, 13, 14, 15, 16, 17, 18, 19, 20, 81, 82, 83, 84, 85, 86, 87, 88, 89, 90, 91, 92, 93, 94, 95, 96, 97, 98, 99]

CASE 6
  N = 1649
  p = 17
  q = 97
  L= 1 d= 1 p_match=False q_match=False
      p=[2, 19, 36, 53, 70, 87]
      q=[2, 99]
  L= 2 d= 3 p_match=False q_match=False
      p=[2, 3, 4, 19, 20, 21, 36, 37, 38, 53, 54, 55, 70, 71, 72, 87, 88, 89]
      q=[2, 3, 4, 99, 100]
  L= 3 d= 5 p_match=False q_match=False
      p=[2, 3, 4, 5, 6, 19, 20, 21, 22, 23, 36, 37, 38, 39, 40, 53, 54, 55, 56, 57, 70, 71, 72, 73, 74, 87, 88, 89, 90, 91]
      q=[2, 3, 4, 5, 6, 99, 100]
  L= 4 d= 7 p_match=False q_match=False
      p=[2, 3, 4, 5, 6, 7, 8, 19, 20, 21, 22, 23, 24, 25, 36, 37, 38, 39, 40, 41, 42, 53, 54, 55, 56, 57, 58, 59, 70, 71, 72, 73, 74, 75, 76, 87, 88, 89, 90, 91, 92, 93]
      q=[2, 3, 4, 5, 6, 7, 8, 99, 100]
  L= 5 d= 9 p_match=False q_match=False
      p=[2, 3, 4, 5, 6, 7, 8, 9, 10, 19, 20, 21, 22, 23, 24, 25, 26, 27, 36, 37, 38, 39, 40, 41, 42, 43, 44, 53, 54, 55, 56, 57, 58, 59, 60, 61, 70, 71, 72, 73, 74, 75, 76, 77, 78, 87, 88, 89, 90, 91, 92, 93, 94, 95]
      q=[2, 3, 4, 5, 6, 7, 8, 9, 10, 99, 100]
  L= 6 d=11 p_match=False q_match=False
      p=[2, 3, 4, 5, 6, 7, 8, 9, 10, 11, 12, 19, 20, 21, 22, 23, 24, 25, 26, 27, 28, 29, 36, 37, 38, 39, 40, 41, 42, 43, 44, 45, 46, 53, 54, 55, 56, 57, 58, 59, 60, 61, 62, 63, 70, 71, 72, 73, 74, 75, 76, 77, 78, 79, 80, 87, 88, 89, 90, 91, 92, 93, 94, 95, 96, 97]
      q=[2, 3, 4, 5, 6, 7, 8, 9, 10, 11, 12, 99, 100]
  L= 7 d=13 p_match=False q_match=False
      p=[2, 3, 4, 5, 6, 7, 8, 9, 10, 11, 12, 13, 14, 19, 20, 21, 22, 23, 24, 25, 26, 27, 28, 29, 30, 31, 36, 37, 38, 39, 40, 41, 42, 43, 44, 45, 46, 47, 48, 53, 54, 55, 56, 57, 58, 59, 60, 61, 62, 63, 64, 65, 70, 71, 72, 73, 74, 75, 76, 77, 78, 79, 80, 81, 82, 87, 88, 89, 90, 91, 92, 93, 94, 95, 96, 97, 98, 99]
      q=[2, 3, 4, 5, 6, 7, 8, 9, 10, 11, 12, 13, 14, 99, 100]
  L= 8 d=15 p_match=False q_match=False
      p=[2, 3, 4, 5, 6, 7, 8, 9, 10, 11, 12, 13, 14, 15, 16, 19, 20, 21, 22, 23, 24, 25, 26, 27, 28, 29, 30, 31, 32, 33, 36, 37, 38, 39, 40, 41, 42, 43, 44, 45, 46, 47, 48, 49, 50, 53, 54, 55, 56, 57, 58, 59, 60, 61, 62, 63, 64, 65, 66, 67, 70, 71, 72, 73, 74, 75, 76, 77, 78, 79, 80, 81, 82, 83, 84, 87, 88, 89, 90, 91, 92, 93, 94, 95, 96, 97, 98, 99, 100]
      q=[2, 3, 4, 5, 6, 7, 8, 9, 10, 11, 12, 13, 14, 15, 16, 99, 100]

CASE 7
  N = 1513
  p = 17
  q = 89
  L= 1 d= 1 p_match=False q_match=False
      p=[2, 19, 36, 53, 70, 87]
      q=[2, 91]
  L= 2 d= 3 p_match=False q_match=False
      p=[2, 3, 4, 19, 20, 21, 36, 37, 38, 53, 54, 55, 70, 71, 72, 87, 88, 89]
      q=[2, 3, 4, 91, 92, 93]
  L= 3 d= 5 p_match=False q_match=False
      p=[2, 3, 4, 5, 6, 19, 20, 21, 22, 23, 36, 37, 38, 39, 40, 53, 54, 55, 56, 57, 70, 71, 72, 73, 74, 87, 88, 89, 90, 91]
      q=[2, 3, 4, 5, 6, 91, 92, 93, 94, 95]
  L= 4 d= 7 p_match=False q_match=False
      p=[2, 3, 4, 5, 6, 7, 8, 19, 20, 21, 22, 23, 24, 25, 36, 37, 38, 39, 40, 41, 42, 53, 54, 55, 56, 57, 58, 59, 70, 71, 72, 73, 74, 75, 76, 87, 88, 89, 90, 91, 92, 93]
      q=[2, 3, 4, 5, 6, 7, 8, 91, 92, 93, 94, 95, 96, 97]
  L= 5 d= 9 p_match=False q_match=False
      p=[2, 3, 4, 5, 6, 7, 8, 9, 10, 19, 20, 21, 22, 23, 24, 25, 26, 27, 36, 37, 38, 39, 40, 41, 42, 43, 44, 53, 54, 55, 56, 57, 58, 59, 60, 61, 70, 71, 72, 73, 74, 75, 76, 77, 78, 87, 88, 89, 90, 91, 92, 93, 94, 95]
      q=[2, 3, 4, 5, 6, 7, 8, 9, 10, 91, 92, 93, 94, 95, 96, 97, 98, 99]
  L= 6 d=11 p_match=False q_match=False
      p=[2, 3, 4, 5, 6, 7, 8, 9, 10, 11, 12, 19, 20, 21, 22, 23, 24, 25, 26, 27, 28, 29, 36, 37, 38, 39, 40, 41, 42, 43, 44, 45, 46, 53, 54, 55, 56, 57, 58, 59, 60, 61, 62, 63, 70, 71, 72, 73, 74, 75, 76, 77, 78, 79, 80, 87, 88, 89, 90, 91, 92, 93, 94, 95, 96, 97]
      q=[2, 3, 4, 5, 6, 7, 8, 9, 10, 11, 12, 91, 92, 93, 94, 95, 96, 97, 98, 99, 100]
  L= 7 d=13 p_match=False q_match=False
      p=[2, 3, 4, 5, 6, 7, 8, 9, 10, 11, 12, 13, 14, 19, 20, 21, 22, 23, 24, 25, 26, 27, 28, 29, 30, 31, 36, 37, 38, 39, 40, 41, 42, 43, 44, 45, 46, 47, 48, 53, 54, 55, 56, 57, 58, 59, 60, 61, 62, 63, 64, 65, 70, 71, 72, 73, 74, 75, 76, 77, 78, 79, 80, 81, 82, 87, 88, 89, 90, 91, 92, 93, 94, 95, 96, 97, 98, 99]
      q=[2, 3, 4, 5, 6, 7, 8, 9, 10, 11, 12, 13, 14, 91, 92, 93, 94, 95, 96, 97, 98, 99, 100]
  L= 8 d=15 p_match=False q_match=False
      p=[2, 3, 4, 5, 6, 7, 8, 9, 10, 11, 12, 13, 14, 15, 16, 19, 20, 21, 22, 23, 24, 25, 26, 27, 28, 29, 30, 31, 32, 33, 36, 37, 38, 39, 40, 41, 42, 43, 44, 45, 46, 47, 48, 49, 50, 53, 54, 55, 56, 57, 58, 59, 60, 61, 62, 63, 64, 65, 66, 67, 70, 71, 72, 73, 74, 75, 76, 77, 78, 79, 80, 81, 82, 83, 84, 87, 88, 89, 90, 91, 92, 93, 94, 95, 96, 97, 98, 99, 100]
      q=[2, 3, 4, 5, 6, 7, 8, 9, 10, 11, 12, 13, 14, 15, 16, 91, 92, 93, 94, 95, 96, 97, 98, 99, 100]

CASE 8
  N = 253
  p = 11
  q = 23
  L= 1 d= 1 p_match=False q_match=False
      p=[2, 13, 24, 35, 46, 57, 68, 79, 90]
      q=[2, 25, 48, 71, 94]
  L= 2 d= 3 p_match=False q_match=False
      p=[2, 3, 4, 13, 14, 15, 24, 25, 26, 35, 36, 37, 46, 47, 48, 57, 58, 59, 68, 69, 70, 79, 80, 81, 90, 91, 92]
      q=[2, 3, 4, 25, 26, 27, 48, 49, 50, 71, 72, 73, 94, 95, 96]
  L= 3 d= 5 p_match=False q_match=False
      p=[2, 3, 4, 5, 6, 13, 14, 15, 16, 17, 24, 25, 26, 27, 28, 35, 36, 37, 38, 39, 46, 47, 48, 49, 50, 57, 58, 59, 60, 61, 68, 69, 70, 71, 72, 79, 80, 81, 82, 83, 90, 91, 92, 93, 94]
      q=[2, 3, 4, 5, 6, 25, 26, 27, 28, 29, 48, 49, 50, 51, 52, 71, 72, 73, 74, 75, 94, 95, 96, 97, 98]
  L= 4 d= 7 p_match=False q_match=False
      p=[2, 3, 4, 5, 6, 7, 8, 13, 14, 15, 16, 17, 18, 19, 24, 25, 26, 27, 28, 29, 30, 35, 36, 37, 38, 39, 40, 41, 46, 47, 48, 49, 50, 51, 52, 57, 58, 59, 60, 61, 62, 63, 68, 69, 70, 71, 72, 73, 74, 79, 80, 81, 82, 83, 84, 85, 90, 91, 92, 93, 94, 95, 96]
      q=[2, 3, 4, 5, 6, 7, 8, 25, 26, 27, 28, 29, 30, 31, 48, 49, 50, 51, 52, 53, 54, 71, 72, 73, 74, 75, 76, 77, 94, 95, 96, 97, 98, 99, 100]
  L= 5 d= 9 p_match=False q_match=False
      p=[2, 3, 4, 5, 6, 7, 8, 9, 10, 13, 14, 15, 16, 17, 18, 19, 20, 21, 24, 25, 26, 27, 28, 29, 30, 31, 32, 35, 36, 37, 38, 39, 40, 41, 42, 43, 46, 47, 48, 49, 50, 51, 52, 53, 54, 57, 58, 59, 60, 61, 62, 63, 64, 65, 68, 69, 70, 71, 72, 73, 74, 75, 76, 79, 80, 81, 82, 83, 84, 85, 86, 87, 90, 91, 92, 93, 94, 95, 96, 97, 98]
      q=[2, 3, 4, 5, 6, 7, 8, 9, 10, 25, 26, 27, 28, 29, 30, 31, 32, 33, 48, 49, 50, 51, 52, 53, 54, 55, 56, 71, 72, 73, 74, 75, 76, 77, 78, 79, 94, 95, 96, 97, 98, 99, 100]

CASE 9
  N = 1817
  p = 23
  q = 79
  L= 1 d= 1 p_match=False q_match=False
      p=[2, 25, 48, 71, 94]
      q=[2, 81]
  L= 2 d= 3 p_match=False q_match=False
      p=[2, 3, 4, 25, 26, 27, 48, 49, 50, 71, 72, 73, 94, 95, 96]
      q=[2, 3, 4, 81, 82, 83]
  L= 3 d= 5 p_match=False q_match=False
      p=[2, 3, 4, 5, 6, 25, 26, 27, 28, 29, 48, 49, 50, 51, 52, 71, 72, 73, 74, 75, 94, 95, 96, 97, 98]
      q=[2, 3, 4, 5, 6, 81, 82, 83, 84, 85]
  L= 4 d= 7 p_match=False q_match=False
      p=[2, 3, 4, 5, 6, 7, 8, 25, 26, 27, 28, 29, 30, 31, 48, 49, 50, 51, 52, 53, 54, 71, 72, 73, 74, 75, 76, 77, 94, 95, 96, 97, 98, 99, 100]
      q=[2, 3, 4, 5, 6, 7, 8, 81, 82, 83, 84, 85, 86, 87]
  L= 5 d= 9 p_match=False q_match=False
      p=[2, 3, 4, 5, 6, 7, 8, 9, 10, 25, 26, 27, 28, 29, 30, 31, 32, 33, 48, 49, 50, 51, 52, 53, 54, 55, 56, 71, 72, 73, 74, 75, 76, 77, 78, 79, 94, 95, 96, 97, 98, 99, 100]
      q=[2, 3, 4, 5, 6, 7, 8, 9, 10, 81, 82, 83, 84, 85, 86, 87, 88, 89]
  L= 6 d=11 p_match=False q_match=False
      p=[2, 3, 4, 5, 6, 7, 8, 9, 10, 11, 12, 25, 26, 27, 28, 29, 30, 31, 32, 33, 34, 35, 48, 49, 50, 51, 52, 53, 54, 55, 56, 57, 58, 71, 72, 73, 74, 75, 76, 77, 78, 79, 80, 81, 94, 95, 96, 97, 98, 99, 100]
      q=[2, 3, 4, 5, 6, 7, 8, 9, 10, 11, 12, 81, 82, 83, 84, 85, 86, 87, 88, 89, 90, 91]
  L= 7 d=13 p_match=False q_match=False
      p=[2, 3, 4, 5, 6, 7, 8, 9, 10, 11, 12, 13, 14, 25, 26, 27, 28, 29, 30, 31, 32, 33, 34, 35, 36, 37, 48, 49, 50, 51, 52, 53, 54, 55, 56, 57, 58, 59, 60, 71, 72, 73, 74, 75, 76, 77, 78, 79, 80, 81, 82, 83, 94, 95, 96, 97, 98, 99, 100]
      q=[2, 3, 4, 5, 6, 7, 8, 9, 10, 11, 12, 13, 14, 81, 82, 83, 84, 85, 86, 87, 88, 89, 90, 91, 92, 93]
  L= 8 d=15 p_match=False q_match=False
      p=[2, 3, 4, 5, 6, 7, 8, 9, 10, 11, 12, 13, 14, 15, 16, 25, 26, 27, 28, 29, 30, 31, 32, 33, 34, 35, 36, 37, 38, 39, 48, 49, 50, 51, 52, 53, 54, 55, 56, 57, 58, 59, 60, 61, 62, 71, 72, 73, 74, 75, 76, 77, 78, 79, 80, 81, 82, 83, 84, 85, 94, 95, 96, 97, 98, 99, 100]
      q=[2, 3, 4, 5, 6, 7, 8, 9, 10, 11, 12, 13, 14, 15, 16, 81, 82, 83, 84, 85, 86, 87, 88, 89, 90, 91, 92, 93, 94, 95]
  L= 9 d=17 p_match=False q_match=False
      p=[2, 3, 4, 5, 6, 7, 8, 9, 10, 11, 12, 13, 14, 15, 16, 17, 18, 25, 26, 27, 28, 29, 30, 31, 32, 33, 34, 35, 36, 37, 38, 39, 40, 41, 48, 49, 50, 51, 52, 53, 54, 55, 56, 57, 58, 59, 60, 61, 62, 63, 64, 71, 72, 73, 74, 75, 76, 77, 78, 79, 80, 81, 82, 83, 84, 85, 86, 87, 94, 95, 96, 97, 98, 99, 100]
      q=[2, 3, 4, 5, 6, 7, 8, 9, 10, 11, 12, 13, 14, 15, 16, 17, 18, 81, 82, 83, 84, 85, 86, 87, 88, 89, 90, 91, 92, 93, 94, 95, 96, 97]
  L=10 d=19 p_match=False q_match=False
      p=[2, 3, 4, 5, 6, 7, 8, 9, 10, 11, 12, 13, 14, 15, 16, 17, 18, 19, 20, 25, 26, 27, 28, 29, 30, 31, 32, 33, 34, 35, 36, 37, 38, 39, 40, 41, 42, 43, 48, 49, 50, 51, 52, 53, 54, 55, 56, 57, 58, 59, 60, 61, 62, 63, 64, 65, 66, 71, 72, 73, 74, 75, 76, 77, 78, 79, 80, 81, 82, 83, 84, 85, 86, 87, 88, 89, 94, 95, 96, 97, 98, 99, 100]
      q=[2, 3, 4, 5, 6, 7, 8, 9, 10, 11, 12, 13, 14, 15, 16, 17, 18, 19, 20, 81, 82, 83, 84, 85, 86, 87, 88, 89, 90, 91, 92, 93, 94, 95, 96, 97, 98, 99]

CASE 10
  N = 1403
  p = 23
  q = 61
  L= 1 d= 1 p_match=False q_match=False
      p=[2, 25, 48, 71, 94]
      q=[2, 63]
  L= 2 d= 3 p_match=False q_match=False
      p=[2, 3, 4, 25, 26, 27, 48, 49, 50, 71, 72, 73, 94, 95, 96]
      q=[2, 3, 4, 63, 64, 65]
  L= 3 d= 5 p_match=False q_match=False
      p=[2, 3, 4, 5, 6, 25, 26, 27, 28, 29, 48, 49, 50, 51, 52, 71, 72, 73, 74, 75, 94, 95, 96, 97, 98]
      q=[2, 3, 4, 5, 6, 63, 64, 65, 66, 67]
  L= 4 d= 7 p_match=False q_match=False
      p=[2, 3, 4, 5, 6, 7, 8, 25, 26, 27, 28, 29, 30, 31, 48, 49, 50, 51, 52, 53, 54, 71, 72, 73, 74, 75, 76, 77, 94, 95, 96, 97, 98, 99, 100]
      q=[2, 3, 4, 5, 6, 7, 8, 63, 64, 65, 66, 67, 68, 69]
  L= 5 d= 9 p_match=False q_match=False
      p=[2, 3, 4, 5, 6, 7, 8, 9, 10, 25, 26, 27, 28, 29, 30, 31, 32, 33, 48, 49, 50, 51, 52, 53, 54, 55, 56, 71, 72, 73, 74, 75, 76, 77, 78, 79, 94, 95, 96, 97, 98, 99, 100]
      q=[2, 3, 4, 5, 6, 7, 8, 9, 10, 63, 64, 65, 66, 67, 68, 69, 70, 71]
  L= 6 d=11 p_match=False q_match=False
      p=[2, 3, 4, 5, 6, 7, 8, 9, 10, 11, 12, 25, 26, 27, 28, 29, 30, 31, 32, 33, 34, 35, 48, 49, 50, 51, 52, 53, 54, 55, 56, 57, 58, 71, 72, 73, 74, 75, 76, 77, 78, 79, 80, 81, 94, 95, 96, 97, 98, 99, 100]
      q=[2, 3, 4, 5, 6, 7, 8, 9, 10, 11, 12, 63, 64, 65, 66, 67, 68, 69, 70, 71, 72, 73]
  L= 7 d=13 p_match=False q_match=False
      p=[2, 3, 4, 5, 6, 7, 8, 9, 10, 11, 12, 13, 14, 25, 26, 27, 28, 29, 30, 31, 32, 33, 34, 35, 36, 37, 48, 49, 50, 51, 52, 53, 54, 55, 56, 57, 58, 59, 60, 71, 72, 73, 74, 75, 76, 77, 78, 79, 80, 81, 82, 83, 94, 95, 96, 97, 98, 99, 100]
      q=[2, 3, 4, 5, 6, 7, 8, 9, 10, 11, 12, 13, 14, 63, 64, 65, 66, 67, 68, 69, 70, 71, 72, 73, 74, 75]
  L= 8 d=15 p_match=False q_match=False
      p=[2, 3, 4, 5, 6, 7, 8, 9, 10, 11, 12, 13, 14, 15, 16, 25, 26, 27, 28, 29, 30, 31, 32, 33, 34, 35, 36, 37, 38, 39, 48, 49, 50, 51, 52, 53, 54, 55, 56, 57, 58, 59, 60, 61, 62, 71, 72, 73, 74, 75, 76, 77, 78, 79, 80, 81, 82, 83, 84, 85, 94, 95, 96, 97, 98, 99, 100]
      q=[2, 3, 4, 5, 6, 7, 8, 9, 10, 11, 12, 13, 14, 15, 16, 63, 64, 65, 66, 67, 68, 69, 70, 71, 72, 73, 74, 75, 76, 77]
  L= 9 d=17 p_match=False q_match=False
      p=[2, 3, 4, 5, 6, 7, 8, 9, 10, 11, 12, 13, 14, 15, 16, 17, 18, 25, 26, 27, 28, 29, 30, 31, 32, 33, 34, 35, 36, 37, 38, 39, 40, 41, 48, 49, 50, 51, 52, 53, 54, 55, 56, 57, 58, 59, 60, 61, 62, 63, 64, 71, 72, 73, 74, 75, 76, 77, 78, 79, 80, 81, 82, 83, 84, 85, 86, 87, 94, 95, 96, 97, 98, 99, 100]
      q=[2, 3, 4, 5, 6, 7, 8, 9, 10, 11, 12, 13, 14, 15, 16, 17, 18, 63, 64, 65, 66, 67, 68, 69, 70, 71, 72, 73, 74, 75, 76, 77, 78, 79]
  L=10 d=19 p_match=False q_match=False
      p=[2, 3, 4, 5, 6, 7, 8, 9, 10, 11, 12, 13, 14, 15, 16, 17, 18, 19, 20, 25, 26, 27, 28, 29, 30, 31, 32, 33, 34, 35, 36, 37, 38, 39, 40, 41, 42, 43, 48, 49, 50, 51, 52, 53, 54, 55, 56, 57, 58, 59, 60, 61, 62, 63, 64, 65, 66, 71, 72, 73, 74, 75, 76, 77, 78, 79, 80, 81, 82, 83, 84, 85, 86, 87, 88, 89, 94, 95, 96, 97, 98, 99, 100]
      q=[2, 3, 4, 5, 6, 7, 8, 9, 10, 11, 12, 13, 14, 15, 16, 17, 18, 19, 20, 63, 64, 65, 66, 67, 68, 69, 70, 71, 72, 73, 74, 75, 76, 77, 78, 79, 80, 81]

============================================================
SUMMARY
============================================================
VALID TESTS: 4395
p PREDICTION FAILURES: 4395
q PREDICTION FAILURES: 4395
BLOCK WIDTH FAILURES: 8790


============================================================
FINISHED EXPERIMENT 94
============================================================
