========================================================================================================================
EXPERIMENT 431 START
========================================================================================================================

PROGRESSIVE RESIDUE-WHEEL SIZE / COST-TRADEOFF AUDIT

QUESTION
  How many wheel primes should be pushed before
  exact f-candidate computation?

RULES
  exact integer arithmetic only
  no resultants
  no Groebner basis
  no symbolic factorization
  modular conditions are necessary only
  exact gap-square reconstruction is authoritative

CONFIGURATION
  instances = 8
  K bits    = [20, 24, 28, 32, 36, 40, 44, 48]
  primes    = [3, 5, 7, 11, 13, 17, 19, 23, 29, 31, 37, 41, 43, 47]
  wheel configurations =
    1: []
    2: [3]
    3: [3, 5]
    4: [3, 5, 7]
    5: [3, 5, 7, 11]
    6: [3, 5, 7, 11, 13]
    7: [3, 5, 7, 11, 13, 17]
    8: [3, 5, 7, 11, 13, 17, 19]

========================================================================================================================
COMPACT PROGRESSIVE-WHEEL SUMMARY
========================================================================================================================
 i   u   gap        interval f-cand w1 w2 w3 w4 w5 w6 w7 w8
------------------------------------------------------------------------------------------------------------------------
 1  20     232188         1      1    1    1    1    1    1    1    1    1
 1  24     232188         1      1    1    1    1    1    1    1    1    1
 1  28     232188         1      1    1    1    1    1    1    1    1    1
 1  32     232188         1      1    1    1    1    1    1    1    1    1
 1  36     232188         9      5    5    4    3    1    1    1    1    1
 1  40     232188       154     77   77   51   31   17   12    7    4    2
 1  44     232188      2470   1235 1235  823  493  282  152   70   27   17
 1  48     232188     39518  19759 19759 13173 7903 4516 2464 1134  542  266
 2  20       8996         1      1    1    1    1    1    1    1    1    1
 2  24       8996         4      2    2    1    1    1    1    1    1    1
 2  28       8996        53     26   26    9    4    3    2    2    1    1
 2  32       8996       849    424  424  142   57   33   15    7    2    2
 2  36       8996     13582   6791 6791 2264  906  517  234  126   55   26
 2  40       8996    216886 108443 108443 36148 14459 8262 3755 2030  968  444
 2  44       8996   4077253 SKIPPED
 2  48       8996  28591868 SKIPPED
 3  20     990024         1      1    1    1    1    1    1    1    1    1
 3  24     990024         1      1    1    1    1    1    1    1    1    1
 3  28     990024         1      1    1    1    1    1    1    1    1    1
 3  32     990024         1      1    1    1    1    1    1    1    1    1
 3  36     990024        13      6    6    4    1    1    1    1    1    1
 3  40     990024       220    110  110   73   29   17   10    4    2    2
 3  44     990024      3516   1758 1758 1172  470  268  118   58   30   14
 3  48     990024     56254  28127 28127 18751 7500 4285 1946  896  463  213
 4  20         28         1      1    1    1    1    1    1    1    1    1
 4  24         28         1      1    1    1    1    1    1    1    1    1
 4  28         28         6      3    3    1    1    1    1    1    1    1
 4  32         28        86     43   43   14    6    4    3    3    2    2
 4  36         28      1369    684  684  228   91   53   26   14   11    8
 4  40         28     21896  10948 10948 3650 1460  834  381  209   99   53
 4  44         28    350452 SKIPPED
 4  48         28   5720484 SKIPPED
 5  20         28         1      1    1    1    1    1    1    1    1    1
 5  24         28         1      1    1    1    1    1    1    1    1    1
 5  28         28         1      1    1    1    1    1    1    1    1    1
 5  32         28         3      1    1    1    1    1    1    1    1    1
 5  36         28        55     27   27    9    3    3    2    2    1    1
 5  40         28       879    439  439  147   58   34   17    9    4    2
 5  44         28     14054   7027 7027 2342  938  536  243  133   65   32
 5  48         28    224862 112431 112431 37477 14990 8566 3891 2099  988  477
 6  20         24         1      1    1    1    1    1    1    1    1    1
 6  24         24         1      1    1    1    1    1    1    1    1    1
 6  28         24         1      1    1    1    1    1    1    1    1    1
 6  32         24         1      1    1    1    1    1    1    1    1    1
 6  36         24        14      7    7    5    3    3    3    1    1    1
 6  40         24       220    110  110   74   30   16    9    3    3    3
 6  44         24      3516   1758 1758 1172  469  268  120   49   25   14
 6  48         24     56262  28131 28131 18754 7502 4287 1948  896  479  254
 7  20          8         1      1    1    1    1    1    1    1    1    1
 7  24          8         1      1    1    1    1    1    1    1    1    1
 7  28          8         1      1    1    1    1    1    1    1    1    1
 7  32          8         1      1    1    1    1    1    1    1    1    1
 7  36          8         3      1    1    1    1    1    1    1    1    1
 7  40          8        55     27   27    9    4    2    2    1    1    1
 7  44          8       880    440  440  147   58   33   14    8    4    3
 7  48          8     14072   7036 7036 2345  938  536  243  137   62   24
 8  20     599990         1      1    1    1    1    1    1    1    1    1
 8  24     599990         1      1    1    1    1    1    1    1    1    1
 8  28     599990         1      1    1    1    1    1    1    1    1    1
 8  32     599990         1      1    1    1    1    1    1    1    1    1
 8  36     599990         1      1    1    1    1    1    1    1    1    1
 8  40     599990         8      4    4    2    2    1    1    1    1    1
 8  44     599990       131     65   65   21   13    7    4    3    2    2
 8  48     599990      2084   1042 1042  348  208   89   47   25   13    7

========================================================================================================================
GLOBAL WHEEL COST SUMMARY
========================================================================================================================
 wheel primes                                modulus density      wheel-hits   f-ratio    reduction
------------------------------------------------------------------------------------------------------------------------
    1 []                                              1 1.00000000       674010 1.00000000 0.00000000
    2 [3]                                             3 0.66666667       278744 0.41356063 0.58643937
    3 [3, 5]                                         15 0.40000000       117293 0.17402264 0.82597736
    4 [3, 5, 7]                                     105 0.22857143        66969 0.09935906 0.90064094
    5 [3, 5, 7, 11]                                1155 0.12467532        31365 0.04653492 0.95346508
    6 [3, 5, 7, 11, 13]                           15015 0.05754246        15887 0.02357087 0.97642913
    7 [3, 5, 7, 11, 13, 17]                      255255 0.02707880         7699 0.01142268 0.98857732
    8 [3, 5, 7, 11, 13, 17, 19]                 4849845 0.01282680         3689 0.00547321 0.99452679

========================================================================================================================
WHEEL QUALITY
========================================================================================================================
  wheel= 1 primes=[]                               modulus=       1 admissible-residues=       1 density=1.00000000
  wheel= 2 primes=[3]                              modulus=       3 admissible-residues=       2 density=0.66666667
  wheel= 3 primes=[3, 5]                           modulus=      15 admissible-residues=       6 density=0.40000000
  wheel= 4 primes=[3, 5, 7]                        modulus=     105 admissible-residues=      24 density=0.22857143
  wheel= 5 primes=[3, 5, 7, 11]                    modulus=    1155 admissible-residues=     144 density=0.12467532
  wheel= 6 primes=[3, 5, 7, 11, 13]                modulus=   15015 admissible-residues=     864 density=0.05754246
  wheel= 7 primes=[3, 5, 7, 11, 13, 17]            modulus=  255255 admissible-residues=    6912 density=0.02707880
  wheel= 8 primes=[3, 5, 7, 11, 13, 17, 19]        modulus= 4849845 admissible-residues=   62208 density=0.01282680

========================================================================================================================
PER-TEST BEST WHEEL
========================================================================================================================
 i   u   gap        interval f-cand best-wheel best-f reduction exact
------------------------------------------------------------------------------------------------------------------------
 1  20     232188         1      1          1        1  0.000000     1
 1  24     232188         1      1          1        1  0.000000     1
 1  28     232188         1      1          1        1  0.000000     1
 1  32     232188         1      1          1        1  0.000000     1
 1  36     232188         9      5          8        1  0.888889     1
 1  40     232188       154     77          8        2  0.987013     1
 1  44     232188      2470   1235          8       27  0.989069     1
 1  48     232188     39518  19759          8      515  0.986968     1
 2  20       8996         1      1          1        1  0.000000     1
 2  24       8996         4      2          6        1  0.750000     1
 2  28       8996        53     26          7        1  0.981132     1
 2  32       8996       849    424          8        2  0.997644     1
 2  36       8996     13582   6791          8       49  0.996392     1
 2  40       8996    216886 108443          8      884  0.995924     1
 3  20     990024         1      1          1        1  0.000000     1
 3  24     990024         1      1          1        1  0.000000     1
 3  28     990024         1      1          1        1  0.000000     1
 3  32     990024         1      1          1        1  0.000000     1
 3  36     990024        13      6          5        1  0.923077     1
 3  40     990024       220    110          8        2  0.990909     1
 3  44     990024      3516   1758          8       26  0.992605     1
 3  48     990024     56254  28127          8      439  0.992196     1
 4  20         28         1      1          1        1  0.000000     1
 4  24         28         1      1          1        1  0.000000     1
 4  28         28         6      3          3        1  0.833333     1
 4  32         28        86     43          7        2  0.976744     1
 4  36         28      1369    684          8        8  0.994156     1
 4  40         28     21896  10948          8       96  0.995616     1
 5  20         28         1      1          1        1  0.000000     1
 5  24         28         1      1          1        1  0.000000     1
 5  28         28         1      1          1        1  0.000000     1
 5  32         28         3      1          2        1  0.666667     1
 5  36         28        55     27          7        1  0.981818     1
 5  40         28       879    439          8        5  0.994312     1
 5  44         28     14054   7027          8       59  0.995802     1
 5  48         28    224862 112431          8      932  0.995855     1
 6  20         24         1      1          1        1  0.000000     1
 6  24         24         1      1          1        1  0.000000     1
 6  28         24         1      1          1        1  0.000000     1
 6  32         24         1      1          1        1  0.000000     1
 6  36         24        14      7          7        1  0.928571     1
 6  40         24       220    110          8        4  0.981818     1
 6  44         24      3516   1758          8       30  0.991468     1
 6  48         24     56262  28131          8      494  0.991220     1
 7  20          8         1      1          1        1  0.000000     1
 7  24          8         1      1          1        1  0.000000     1
 7  28          8         1      1          1        1  0.000000     1
 7  32          8         1      1          1        1  0.000000     1
 7  36          8         3      1          2        1  0.666667     1
 7  40          8        55     27          8        1  0.981818     1
 7  44          8       880    440          8        5  0.994318     1
 7  48          8     14072   7036          8       53  0.996234     1
 8  20     599990         1      1          1        1  0.000000     1
 8  24     599990         1      1          1        1  0.000000     1
 8  28     599990         1      1          1        1  0.000000     1
 8  32     599990         1      1          1        1  0.000000     1
 8  36     599990         1      1          1        1  0.000000     1
 8  40     599990         8      4          4        1  0.875000     1
 8  44     599990       131     65          7        2  0.984733     1
 8  48     599990      2084   1042          8       15  0.992802     1

========================================================================================================================
BEST-WHEEL DISTRIBUTION
========================================================================================================================
  wheel 1: []                                       best on 27 tests
  wheel 2: [3]                                      best on 2 tests
  wheel 3: [3, 5]                                   best on 1 tests
  wheel 4: [3, 5, 7]                                best on 1 tests
  wheel 5: [3, 5, 7, 11]                            best on 1 tests
  wheel 6: [3, 5, 7, 11, 13]                        best on 1 tests
  wheel 7: [3, 5, 7, 11, 13, 17]                    best on 5 tests
  wheel 8: [3, 5, 7, 11, 13, 17, 19]                best on 22 tests

========================================================================================================================
STRONGEST WHEEL REDUCTIONS
========================================================================================================================
  instance= 2 u=32 interval=     849 wheel=8 primes=[3, 5, 7, 11, 13, 17, 19] wheel-f=       2 ratio=0.00235571
  instance= 2 u=36 interval=   13582 wheel=8 primes=[3, 5, 7, 11, 13, 17, 19] wheel-f=      49 ratio=0.00360772
  instance= 7 u=48 interval=   14072 wheel=8 primes=[3, 5, 7, 11, 13, 17, 19] wheel-f=      53 ratio=0.00376634
  instance= 2 u=40 interval=  216886 wheel=8 primes=[3, 5, 7, 11, 13, 17, 19] wheel-f=     884 ratio=0.00407587
  instance= 5 u=48 interval=  224862 wheel=8 primes=[3, 5, 7, 11, 13, 17, 19] wheel-f=     932 ratio=0.00414476
  instance= 5 u=44 interval=   14054 wheel=8 primes=[3, 5, 7, 11, 13, 17, 19] wheel-f=      59 ratio=0.00419809
  instance= 4 u=40 interval=   21896 wheel=8 primes=[3, 5, 7, 11, 13, 17, 19] wheel-f=      96 ratio=0.00438436
  instance= 7 u=44 interval=     880 wheel=8 primes=[3, 5, 7, 11, 13, 17, 19] wheel-f=       5 ratio=0.00568182
  instance= 5 u=40 interval=     879 wheel=8 primes=[3, 5, 7, 11, 13, 17, 19] wheel-f=       5 ratio=0.00568828
  instance= 4 u=36 interval=    1369 wheel=8 primes=[3, 5, 7, 11, 13, 17, 19] wheel-f=       8 ratio=0.00584368
  instance= 8 u=48 interval=    2084 wheel=8 primes=[3, 5, 7, 11, 13, 17, 19] wheel-f=      15 ratio=0.00719770
  instance= 3 u=44 interval=    3516 wheel=8 primes=[3, 5, 7, 11, 13, 17, 19] wheel-f=      26 ratio=0.00739477
  instance= 3 u=48 interval=   56254 wheel=8 primes=[3, 5, 7, 11, 13, 17, 19] wheel-f=     439 ratio=0.00780389
  instance= 6 u=44 interval=    3516 wheel=8 primes=[3, 5, 7, 11, 13, 17, 19] wheel-f=      30 ratio=0.00853242
  instance= 6 u=48 interval=   56262 wheel=8 primes=[3, 5, 7, 11, 13, 17, 19] wheel-f=     494 ratio=0.00878035
  instance= 3 u=40 interval=     220 wheel=8 primes=[3, 5, 7, 11, 13, 17, 19] wheel-f=       2 ratio=0.00909091
  instance= 1 u=44 interval=    2470 wheel=8 primes=[3, 5, 7, 11, 13, 17, 19] wheel-f=      27 ratio=0.01093117
  instance= 1 u=40 interval=     154 wheel=8 primes=[3, 5, 7, 11, 13, 17, 19] wheel-f=       2 ratio=0.01298701
  instance= 1 u=48 interval=   39518 wheel=8 primes=[3, 5, 7, 11, 13, 17, 19] wheel-f=     515 ratio=0.01303204
  instance= 8 u=44 interval=     131 wheel=7 primes=[3, 5, 7, 11, 13, 17] wheel-f=       2 ratio=0.01526718

========================================================================================================================
INTERPRETATION
========================================================================================================================
  Experiment 430 showed that a small residue wheel
  can reject most d-values before evaluating f.

  Experiment 431 varies the number of wheel primes
  to measure the trade-off between wheel density
  and the number of d-values reaching f.

  For every wheel:
    wheel_d_set = all interval d-values satisfying
                   the modular necessary conditions.
    wheel_f_set = wheel_d_set intersected with
                  the exact f relation.

  The wheel cannot reject the true d because every
  wheel predicate is a necessary consequence of
  the exact gap-square identity.

  Increasing the wheel should lower the f-evaluation
  population, but larger wheels also require larger
  residue tables and wheel moduli.

  This remains a candidate-generation optimization.
  It does not establish a factorization theorem.

========================================================================================================================
EXPERIMENT 431 FINAL STATUS
========================================================================================================================
  ENUMERATED TESTS = 60
  SKIPPED TESTS = 4
  TOTAL INTERVAL D-VALUES = 674010
  TOTAL STANDARD F-CANDIDATES = 337014
  ALL TRUE-D SURVIVAL CHECKS = True
  ALL EXACT RECONSTRUCTION CHECKS = True
  ALL WHEEL/F SET RELATION CHECKS = True
  ALL INTERNAL EXACT CHECKS = True
========================================================================================================================
EXPERIMENT 431 FINISHED
========================================================================================================================
