====================================================================================================
THREE-MODULUS DIRECT CRT FACTOR SEARCH — OPTIMIZED
====================================================================================================
M                    = 111,546,435
factor range         = 10,000 - 100,000
anchors              = 300
modulus prime range  = 300 - 3,000
close ratio           = 20%
seed                 = 1,511,464,998

====================================================================================================
BUILDING PRIME POOLS
====================================================================================================
factor primes        = 8,363
modulus primes       = 368
actual anchors       = 300

====================================================================================================
SELECTING MAXIMUM-PRODUCT CLOSE PRIME TRIPLES
====================================================================================================
anchor  25/300
anchor  50/300
anchor  75/300
anchor 100/300
anchor 125/300
anchor 150/300
anchor 175/300
anchor 200/300
anchor 225/300
anchor 250/300
anchor 275/300
anchor 300/300

====================================================================================================
PREPARING CRT COORDINATES
====================================================================================================

====================================================================================================
C-FIRST + DIRECT CRT SEARCH
====================================================================================================
anchor  25/300
anchor  50/300
anchor  75/300
anchor 100/300
anchor 125/300
anchor 150/300
anchor 175/300
anchor 200/300
anchor 225/300
anchor 250/300
anchor 275/300
anchor 300/300

====================================================================================================
SUMMARY
====================================================================================================
average base p candidates       = 8,363.00
average CRT-compatible q        = 2.340000
average exact candidates        = 1.000000
maximum CRT-compatible q        = 8
maximum exact candidates        = 1

====================================================================================================
SEARCH REDUCTION
====================================================================================================
CRT reduction       = 99.972020%
exact reduction     = 99.988043%

====================================================================================================
RECOVERY
====================================================================================================
correctly recovered        = 300/300
unique CRT candidate       = 0/300
unique final factor pair  = 300/300

====================================================================================================
C-FIRST BRANCH SURVIVAL
====================================================================================================
('11',)                     59
('11', '13/31')             13
('11', '13/31', '33')        3
('11', '33')                 1
('13/31',)                 137
('13/31', '33')             27
('33',)                     60

====================================================================================================
CRT CANDIDATE DISTRIBUTION
====================================================================================================
CRT candidates =    2 anchors =  238
CRT candidates =    3 anchors =   38
CRT candidates =    4 anchors =   14
CRT candidates =    5 anchors =    6
CRT candidates =    6 anchors =    3
CRT candidates =    8 anchors =    1

====================================================================================================
ANCHOR RESULTS
====================================================================================================
 ID        p        q      r1     r2     r3       R/n   BASE   CRT   EXACT   BRANCH
----------------------------------------------------------------------------------------------------
  1   14,821   45,491    827    887    919 0.9998657  8,363     2      1 13/31
  2   92,987   97,673  1,951  2,081  2,237 0.9999967  8,363     2      1 13/31
  3   30,293   44,483  1,039  1,087  1,193 0.9998830  8,363     2      1 13/31
  4   67,819   83,417  1,723  1,753  1,873 0.9999977  8,363     2      1 13/31
  5   11,161   77,591    911    967    983 0.9999630  8,363     3      1 13/31
  6   61,583   92,893  1,723  1,741  1,907 0.9999791  8,363     2      1 13/31
  7   61,603   92,893  1,597  1,879  1,907 0.9999943  8,363     2      1 13/31
  8   70,607   95,773  1,783  1,871  2,027 0.9999724  8,363     2      1 13/31
  9   18,121   83,233  1,087  1,129  1,229 0.9999946  8,363     2      1 11
 10   51,853   70,459  1,433  1,567  1,627 0.9999824  8,363     2      1 13/31
 11   12,401   17,569    557    599    653 0.9999803  8,363     4      1 11
 12   59,219   89,527  1,601  1,753  1,889 0.9999772  8,363     2      1 33
 13   49,549   78,317  1,499  1,597  1,621 0.9999968  8,363     2      1 11
 14   46,831   55,901  1,259  1,433  1,451 0.9999685  8,363     2      1 13/31
 15   38,861   38,959  1,093  1,109  1,249 0.9999824  8,363     3      1 13/31
 16   25,057   98,479  1,217  1,409  1,439 0.9999762  8,363     2      1 13/31
 17   54,101   98,893  1,669  1,697  1,889 0.9999984  8,363     2      1 11
 18   13,451   81,649    983  1,051  1,063 0.9999633  8,363     2      1 13/31
 19   51,797   82,153  1,511  1,601  1,759 0.9999853  8,363     2      1 11
 20   13,913   26,393    691    719    739 0.9998661  8,363     4      1 11
 21   52,387   65,353  1,429  1,489  1,609 0.9999860  8,363     2      1 13/31
 22   32,141   63,211  1,153  1,289  1,367 0.9999970  8,363     2      1 13/31
 23   17,393   98,899  1,151  1,187  1,259 0.9999663  8,363     2      1 13/31
 24   67,493   69,911  1,613  1,663  1,759 0.9999729  8,363     2      1 13/31
 25   20,327   57,587  1,019  1,051  1,093 0.9999984  8,363     2      1 33
 26   75,553   83,443  1,753  1,783  2,017 0.9999943  8,363     2      1 13/31
 27   44,021   64,969  1,307  1,409  1,553 0.9999815  8,363     2      1 11
 28   49,139   63,617  1,367  1,423  1,607 0.9999765  8,363     2      1 13/31
 29   34,327   76,651  1,231  1,453  1,471 0.9999601  8,363     2      1 33
 30   11,897   33,049    673    733    797 0.9999576  8,363     4      1 11
 31   53,939   55,817  1,399  1,453  1,481 0.9999286  8,363     2      1 13/31
 32   84,299   99,347  1,873  1,997  2,239 0.9999833  8,363     2      1 33
 33   17,093   99,611  1,097  1,193  1,301 0.9999972  8,363     2      1 13/31
 34   25,747   39,227    941  1,033  1,039 0.9999856  8,363     3      1 33
 35   61,129   98,729  1,723  1,831  1,913 0.9999921  8,363     2      1 11
 36   46,103   60,271  1,279  1,459  1,489 0.9999607  8,363     2      1 33
 37   12,497   47,791    811    857    859 0.9996384  8,363     3      1 13/31
 38   69,911   95,239  1,697  1,951  2,011 0.9999789  8,363     2      1 33
 39   38,713   51,203  1,213  1,237  1,321 0.9999564  8,363     2      1 13/31
 40   14,821   32,411    727    797    829 0.9999478  8,363     3      1 13/31
 41   51,197   92,369  1,571  1,723  1,747 0.9999623  8,363     2      1 11
 42   42,227   43,411  1,153  1,163  1,367 0.9999713  8,363     2      1 33
 43   25,013   46,819  1,009  1,039  1,117 0.9999355  8,363     2      1 13/31
 44   36,677   37,871  1,033  1,087  1,237 0.9999977  8,363     2      1 13/31
 45   30,517   30,977    937    971  1,039 0.9999843  8,363     3      1 11
 46   16,607   65,843    941  1,069  1,087 0.9999910  8,363     3      1 33
 47   15,803   69,029    941  1,051  1,103 0.9999925  8,363     2      1 13/31
 48   16,619   86,311  1,039  1,163  1,187 0.9999423  8,363     2      1 33
 49   96,221   97,499  2,039  2,137  2,153 0.9999902  8,363     2      1 13/31
 50   22,171   89,513  1,187  1,223  1,367 0.9999408  8,363     2      1 13/31
 51   15,959   16,931    593    673    677 0.9999313  8,363     5      1 33
 52   23,549   55,163  1,031  1,049  1,201 0.9999006  8,363     2      1 13/31
 53   55,373   81,931  1,609  1,627  1,733 0.9999904  8,363     2      1 13/31
 54   14,867   99,349  1,031  1,181  1,213 0.9999598  8,363     2      1 13/31
 55   35,729   51,199  1,153  1,201  1,321 0.9999834  8,363     2      1 13/31
 56   55,291   66,383  1,409  1,607  1,621 0.9999967  8,363     2      1 33
 57   24,877   96,731  1,223  1,373  1,433 0.9999528  8,363     2      1 13/31
 58   22,567   31,277    811    919    947 0.9999710  8,363     4      1 13/31
 59   21,193   22,679    701    827    829 0.9999119  8,363     4      1 13/31
 60   79,111   93,553  1,811  1,907  2,143 0.9999925  8,363     2      1 13/31
 61   12,941   96,461  1,033  1,039  1,163 0.9999447  8,363     2      1 11
 62   29,567   47,123  1,039  1,153  1,163 0.9999640  8,363     2      1 33
 63   56,477   57,713  1,399  1,483  1,571 0.9999765  8,363     2      1 11
 64   46,441   91,753  1,459  1,697  1,721 0.9999912  8,363     2      1 11
 65   13,619   92,413  1,031  1,087  1,123 0.9999762  8,363     2      1 13/31
 66   57,329   97,373  1,663  1,777  1,889 0.9999970  8,363     2      1 11
 67   47,713   53,591  1,223  1,433  1,459 0.9999985  8,363     3      1 13/31
 68   35,423   83,227  1,307  1,481  1,523 0.9999562  8,363     2      1 33
 69   62,921   67,579  1,489  1,607  1,777 0.9999784  8,363     2      1 13/31
 70   56,671   95,483  1,699  1,747  1,823 0.9999678  8,363     2      1 33
 71   51,869   82,997  1,489  1,627  1,777 0.9999986  8,363     2      1 11
 72   62,971   82,009  1,609  1,699  1,889 0.9999523  8,363     2      1 13/31
 73   66,523   74,149  1,627  1,663  1,823 0.9999755  8,363     2      1 13/31
 74   17,477   48,649    907    929  1,009 0.9999387  8,363     2      1 11
 75   15,541   95,471  1,069  1,129  1,229 0.9997078  8,363     2      1 13/31
 76   54,083   79,039  1,543  1,559  1,777 0.9999937  8,363     2      1 33
 77   54,829   56,957  1,367  1,471  1,553 0.9999890  8,363     2      1 11
 78   19,603   96,517  1,123  1,289  1,307 0.9999583  8,363     2      1 13/31
 79   14,251   65,129    947    983    997 0.9999514  8,363     2      1 13/31
 80   10,799   17,987    541    569    631 0.9999922  8,363     6      1 33
 81   27,689   91,733  1,249  1,423  1,429 0.9999233  8,363     2      1 11
 82   33,191   35,027    991  1,039  1,129 0.9999076  8,363     2      1 33
 83   49,207   61,409  1,367  1,427  1,549 0.9999654  8,363     2      1 13/31
 84   56,179   66,377  1,511  1,559  1,583 0.9999997  8,363     2      1 13/31
 85   66,457   71,429  1,567  1,699  1,783 0.9999964  8,363     2      1 11
 86   38,821   46,807  1,153  1,193  1,321 0.9999886  8,363     2      1 13/31
 87   70,877   73,613  1,663  1,721  1,823 0.9999999  8,363     2      1 11
 88   29,663   77,477  1,289  1,291  1,381 0.9999654  8,363     2      1 13/31
 89   51,133   76,081  1,499  1,601  1,621 0.9999965  8,363     2      1 11
 90   10,223   55,339    769    811    907 0.9998729  8,363     3      1 33
 91   65,789   85,627  1,709  1,723  1,913 0.9999500  8,363     2      1 13/31
 92   35,597   48,353  1,151  1,171  1,277 0.9999684  8,363     2      1 11
 93   16,573   17,029    619    643    709 0.9999023  8,363     2      1 11
 94   48,527   84,443  1,481  1,619  1,709 0.9999928  8,363     2      1 33
 95   27,239   93,529  1,277  1,373  1,453 0.9999760  8,363     2      1 13/31
 96   11,149   62,053    829    863    967 0.9999841  8,363     6      1 11
 97   21,841   83,591  1,087  1,289  1,303 0.9999881  8,363     2      1 13/31
 98   10,687   79,319    887    911  1,049 0.9999642  8,363     3      1 33
 99   42,397   78,049  1,423  1,447  1,607 0.9999697  8,363     2      1 11
100   31,489   40,973  1,009  1,109  1,153 0.9999894  8,363     2      1 11
101   20,963   51,287    983    997  1,097 0.9999875  8,363     4      1 33
102   18,671   51,197    877  1,039  1,049 0.9999506  8,363     3      1 13/31
103   15,581   82,567  1,019  1,069  1,181 0.9999999  8,363     2      1 13/31
104   52,567   83,719  1,543  1,627  1,753 0.9999958  8,363     2      1 33
105   35,899   38,603    997  1,171  1,187 0.9999985  8,363     3      1 33
106   55,631   95,191  1,597  1,811  1,831 0.9999976  8,363     2      1 33
107   25,471   58,909  1,093  1,117  1,229 0.9999944  8,363     3      1 13/31
108   23,473   23,833    739    863    877 0.9997871  8,363     2      1 11
109   18,253   35,759    839    881    883 0.9999515  8,363     3      1 13/31
110   30,809   77,359  1,231  1,327  1,459 0.9999904  8,363     2      1 13/31
111   26,161   54,631  1,039  1,153  1,193 0.9999811  8,363     2      1 13/31
112   64,037   92,009  1,663  1,783  1,987 0.9999543  8,363     2      1 11
113   38,873   42,953  1,109  1,223  1,231 0.9999413  8,363     2      1 11
114   55,903   82,207  1,543  1,699  1,753 0.9999938  8,363     2      1 33
115   42,697   99,787  1,447  1,699  1,733 0.9999750  8,363     2      1 13/31
116   17,971   36,007    821    827    953 0.9999594  8,363     4      1 33
117   95,923   99,131  1,987  2,039  2,347 0.9999907  8,363     2      1 33
118   40,487   85,049  1,427  1,451  1,663 0.9999973  8,363     2      1 13/31
119   47,981   69,427  1,361  1,523  1,607 0.9999452  8,363     2      1 13/31
120   42,641   45,959  1,213  1,223  1,321 0.9999819  8,363     2      1 13/31
121   77,213   96,851  1,931  1,949  1,987 0.9999941  8,363     2      1 13/31
122   65,557   96,827  1,741  1,747  2,087 0.9999967  8,363     2      1 13/31
123   55,079   55,829  1,429  1,451  1,483 0.9999882  8,363     2      1 13/31
124   40,529   60,889  1,291  1,321  1,447 0.9999836  8,363     2      1 11
125   59,119   68,683  1,553  1,607  1,627 0.9999967  8,363     2      1 33
126   50,423   74,017  1,499  1,559  1,597 0.9999827  8,363     2      1 13/31
127   26,641   34,231    887    967  1,063 0.9998003  8,363     3      1 13/31
128   79,537   92,357  1,811  1,877  2,161 0.9999965  8,363     2      1 11
129   26,863   37,201    911  1,009  1,087 0.9998387  8,363     3      1 13/31
130   70,921   88,969  1,777  1,787  1,987 0.9999915  8,363     2      1 11
131   46,757   74,279  1,367  1,579  1,609 0.9999862  8,363     2      1 13/31
132   53,507   85,447  1,511  1,697  1,783 0.9999775  8,363     2      1 33
133   27,997   72,889  1,193  1,289  1,327 0.9999788  8,363     2      1 11
134   55,217   75,217  1,487  1,621  1,723 0.9999780  8,363     2      1 11
135   72,719   76,753  1,621  1,783  1,931 0.9999387  8,363     2      1 13/31
136   16,063   45,137    823    911    967 0.9999662  8,363     3      1 13/31
137   33,997   94,811  1,381  1,447  1,613 0.9999937  8,363     2      1 13/31
138   11,353   17,977    547    571    653 0.9993296  8,363     3      1 11
139   14,197   31,513    719    769    809 0.9998099  8,363     2      1 11
140   10,163   88,663    907    947  1,049 0.9999273  8,363     2      1 33
141   40,241   45,659  1,163  1,237  1,277 0.9998737  8,363     2      1 13/31
142   41,117   54,907  1,229  1,259  1,459 0.9999626  8,363     2      1 13/31
143   44,959   76,943  1,439  1,483  1,621 0.9999982  8,363     2      1 33
144   52,453   67,049  1,381  1,571  1,621 0.9999775  8,363     2      1 11
145   83,639   94,723  1,879  1,973  2,137 0.9999864  8,363     2      1 33
146   18,661   83,023  1,109  1,171  1,193 0.9999898  8,363     3      1 13/31
147   56,773   67,213  1,433  1,607  1,657 0.9999757  8,363     2      1 11
148   33,713   67,931  1,259  1,291  1,409 0.9999944  8,363     2      1 13/31
149   88,007   95,987  1,907  2,069  2,141 0.9999959  8,363     2      1 33
150   43,487   71,993  1,427  1,433  1,531 0.9999899  8,363     2      1 13/31
151   65,993   71,341  1,613  1,637  1,783 0.9999938  8,363     2      1 11
152   37,277   75,767  1,279  1,483  1,489 0.9999663  8,363     2      1 13/31
153   59,467   83,269  1,619  1,721  1,777 0.9998982  8,363     2      1 13/31
154   27,809   41,513    937  1,103  1,117 0.9999972  8,363     4      1 11
155   33,563   93,371  1,423  1,481  1,487 0.9999957  8,363     2      1 33
156   15,823   79,621  1,061  1,063  1,117 0.9999663  8,363     2      1 13/31
157   23,339   96,269  1,223  1,291  1,423 0.9999744  8,363     2      1 13/31
158   39,979   53,773  1,249  1,297  1,327 0.9999474  8,363     2      1 13/31
159   32,531   82,613  1,249  1,447  1,487 0.9999911  8,363     2      1 13/31
160   16,447   47,791    887    907    977 0.9999831  8,363     5      1 33
161   21,317   49,367    983  1,009  1,061 0.9999937  8,363     2      1 13/31
162   22,129   50,087    947  1,061  1,103 0.9998942  8,363     2      1 13/31
163   20,771   41,399    929    953    971 0.9997251  8,363     2      1 33
164   37,987   73,037  1,327  1,433  1,459 0.9999873  8,363     2      1 13/31
165   36,467   44,701  1,097  1,151  1,291 0.9999791  8,363     2      1 13/31
166   28,597   40,829    967  1,049  1,151 0.9999725  8,363     2      1 11
167   13,177   70,729    877  1,013  1,049 0.9999320  8,363     3      1 11
168   50,647   72,101  1,493  1,549  1,579 0.9999962  8,363     2      1 13/31
169   63,559   66,541  1,549  1,607  1,699 0.9999869  8,363     2      1 13/31
170   22,921   29,401    811    883    941 0.9999436  8,363     3      1 11
171   43,481   90,281  1,451  1,583  1,709 0.9999873  8,363     2      1 11
172   17,209   19,867    631    733    739 0.9997464  8,363     2      1 13/31
173   38,699   77,347  1,303  1,483  1,549 0.9999857  8,363     2      1 33
174   26,683   59,453  1,091  1,181  1,231 0.9998256  8,363     2      1 13/31
175   12,157   27,809    659    683    751 0.9998487  8,363     5      1 11
176   39,703   90,659  1,429  1,511  1,667 0.9999955  8,363     2      1 33
177   42,293   55,313  1,249  1,307  1,433 0.9999735  8,363     2      1 11
178   26,891   81,553  1,223  1,229  1,459 0.9999695  8,363     2      1 13/31
179   43,063   90,697  1,511  1,579  1,637 0.9999956  8,363     2      1 13/31
180   14,891   39,079    821    827    857 0.9999129  8,363     4      1 33
181   78,101   93,427  1,823  1,873  2,137 0.9999999  8,363     2      1 13/31
182   22,643   31,319    859    881    937 0.9999236  8,363     2      1 33
183   59,233   99,767  1,627  1,879  1,933 0.9999897  8,363     2      1 13/31
184   19,013   21,841    719    751    769 0.9999355  8,363     6      1 11
185   33,889   50,333  1,087  1,223  1,283 0.9999334  8,363     2      1 11
186   12,149   29,077    647    727    751 0.9999735  8,363     2      1 11
187   62,563   73,951  1,553  1,627  1,831 0.9999672  8,363     2      1 33
188   21,283   24,043    761    811    829 0.9998585  8,363     2      1 33
189   36,109   67,927  1,279  1,361  1,409 0.9999580  8,363     2      1 13/31
190   67,807   83,003  1,709  1,783  1,847 0.9999815  8,363     2      1 33
191   10,781   20,899    557    631    641 0.9999034  8,363     8      1 13/31
192   63,211   80,779  1,579  1,721  1,879 0.9999969  8,363     2      1 33
193   90,997   94,477  1,973  2,039  2,137 0.9999900  8,363     2      1 11
194   93,811   98,573  1,873  2,207  2,237 0.9999870  8,363     2      1 13/31
195   30,203   45,247  1,033  1,087  1,217 0.9999553  8,363     2      1 33
196   44,851   95,203  1,619  1,621  1,627 0.9999877  8,363     2      1 33
197   16,231   21,787    673    683    769 0.9995842  8,363     4      1 33
198   21,599   37,049    881    911    997 0.9999524  8,363     2      1 13/31
199   37,889   82,469  1,367  1,493  1,531 0.9999992  8,363     2      1 11
200   28,627   46,901  1,049  1,093  1,171 0.9999876  8,363     2      1 13/31
201   33,997   46,691  1,063  1,213  1,231 0.9999501  8,363     2      1 13/31
202   64,271   72,797  1,531  1,669  1,831 0.9999800  8,363     2      1 13/31
203   27,527   54,497  1,061  1,123  1,259 0.9999756  8,363     2      1 13/31
204   13,259   67,579    887    997  1,013 0.9997829  8,363     2      1 33
205   63,841   72,649  1,531  1,699  1,783 0.9999783  8,363     2      1 11
206   11,497   99,371    991  1,021  1,129 0.9998829  8,363     3      1 13/31
207   47,111   97,327  1,571  1,601  1,823 0.9999966  8,363     2      1 33
208   11,717   72,019    883    911  1,049 0.9999794  8,363     3      1 13/31
209   28,513   84,131  1,213  1,361  1,453 0.9999668  8,363     2      1 13/31
210   62,563   99,929  1,747  1,801  1,987 0.9999894  8,363     2      1 13/31
211   11,839   75,329    883    997  1,013 0.9999726  8,363     2      1 13/31
212   22,391   68,111  1,049  1,181  1,231 0.9999832  8,363     2      1 33
213   58,367   97,463  1,669  1,747  1,951 0.9999985  8,363     2      1 33
214   26,591   32,647    881    967  1,019 0.9999968  8,363     2      1 33
215   91,801   94,351  1,973  2,039  2,153 0.9999872  8,363     2      1 13/31
216   39,097   46,867  1,123  1,237  1,319 0.9999624  8,363     2      1 13/31
217   29,429   67,619  1,213  1,259  1,303 0.9999694  8,363     3      1 13/31
218   46,451   56,081  1,303  1,399  1,429 0.9999621  8,363     2      1 13/31
219   49,393   77,081  1,483  1,511  1,699 0.9999683  8,363     2      1 11
220   44,983   90,397  1,493  1,559  1,747 0.9999917  8,363     2      1 13/31
221   58,099   86,467  1,607  1,669  1,873 0.9999791  8,363     2      1 33
222   29,147   33,317    911    977  1,091 0.9999492  8,363     3      1 13/31
223   24,197   60,631  1,087  1,109  1,217 0.9999894  8,363     2      1 13/31
224   17,851   61,297    971  1,031  1,093 0.9999915  8,363     4      1 13/31
225   25,579   31,601    881    883  1,039 0.9999258  8,363     3      1 13/31
226   43,391   99,733  1,583  1,609  1,699 0.9999811  8,363     2      1 13/31
227   12,979   20,743    613    643    683 0.9999525  8,363     2      1 33
228   10,007   50,951    733    829    839 0.9999168  8,363     5      1 33
229   10,159   13,907    499    523    541 0.9993442  8,363     5      1 33
230   38,377   40,949  1,109  1,153  1,229 0.9999963  8,363     2      1 11
231   32,003   53,551  1,087  1,223  1,289 0.9998864  8,363     2      1 33
232   53,089   54,287  1,297  1,459  1,523 0.9999880  8,363     2      1 13/31
233   31,567   61,843  1,129  1,303  1,327 0.9999664  8,363     2      1 33
234   25,033   36,793    907    983  1,033 0.9999609  8,363     3      1 11
235   41,641   52,379  1,249  1,283  1,361 0.9999283  8,363     2      1 13/31
236   20,809   41,467    929    937    991 0.9997125  8,363     3      1 13/31
237   30,187   63,743  1,187  1,229  1,319 0.9999884  8,363     3      1 33
238   69,557   85,597  1,667  1,867  1,913 0.9999896  8,363     2      1 11
239   64,157   94,273  1,777  1,823  1,867 0.9999702  8,363     2      1 11
240   43,271   78,179  1,459  1,493  1,553 0.9999989  8,363     2      1 33
241   15,739   80,329  1,021  1,031  1,201 0.9999492  8,363     2      1 13/31
242   20,297   70,157  1,069  1,109  1,201 0.9998835  8,363     2      1 11
243   27,253   45,281    991  1,049  1,187 0.9999299  8,363     2      1 11
244   26,893   77,447  1,181  1,277  1,381 0.9999784  8,363     2      1 13/31
245   14,843   40,699    821    839    877 0.9999984  8,363     2      1 33
246   33,113   70,537  1,213  1,327  1,451 0.9999623  8,363     2      1 11
247   65,729   84,421  1,597  1,861  1,867 0.9999726  8,363     2      1 11
248   71,719   89,839  1,783  1,889  1,913 0.9999980  8,363     2      1 33
249   55,721   67,901  1,499  1,559  1,619 0.9999989  8,363     2      1 11
250   45,763   89,917  1,523  1,559  1,733 0.9999730  8,363     2      1 13/31
251   52,631   99,551  1,609  1,733  1,879 0.9999865  8,363     2      1 33
252   39,119   61,211  1,279  1,301  1,439 0.9999802  8,363     2      1 33
253   35,363   44,201  1,049  1,193  1,249 0.9999935  8,363     2      1 13/31
254   42,793   74,527  1,319  1,543  1,567 0.9999847  8,363     2      1 13/31
255   26,423   86,743  1,283  1,301  1,373 0.9999031  8,363     2      1 33
256   35,449   45,083  1,097  1,201  1,213 0.9999854  8,363     2      1 13/31
257   33,533   62,459  1,249  1,283  1,307 0.9999937  8,363     3      1 13/31
258   10,723   81,041    887    967  1,013 0.9998583  8,363     2      1 13/31
259   32,429   37,889    997  1,033  1,193 0.9999752  8,363     2      1 11
260   18,077   36,523    821    823    977 0.9998728  8,363     5      1 13/31
261   14,767   59,183    911    947  1,013 0.9999736  8,363     3      1 33
262   46,099   72,937  1,361  1,543  1,601 0.9999447  8,363     2      1 13/31
263   12,011   90,071    977  1,013  1,093 0.9999079  8,363     3      1 33
264   77,383   80,669  1,669  1,871  1,999 0.9999785  8,363     2      1 13/31
265   70,901   86,851  1,753  1,759  1,997 0.9999969  8,363     2      1 13/31
266   28,099   47,087  1,013  1,123  1,163 0.9999471  8,363     2      1 33
267   10,007   46,877    743    769    821 0.9999876  8,363     4      1 13/31
268   29,867   38,959    953  1,093  1,117 0.9999236  8,363     2      1 33
269   37,907   86,753  1,429  1,511  1,523 0.9999831  8,363     2      1 13/31
270   86,539   96,757  1,933  2,027  2,137 0.9999905  8,363     2      1 13/31
271   31,963   84,719  1,279  1,451  1,459 0.9999192  8,363     2      1 33
272   57,397   66,071  1,439  1,579  1,669 0.9999981  8,363     2      1 13/31
273   32,969   95,429  1,433  1,453  1,511 0.9999773  8,363     2      1 11
274   46,691   81,971  1,423  1,583  1,699 0.9999673  8,363     2      1 33
275   85,009   98,981  1,879  2,029  2,207 0.9999871  8,363     2      1 11
276   19,403   39,971    859    911    991 0.9999339  8,363     3      1 33
277   50,773   96,337  1,567  1,663  1,877 0.9999990  8,363     2      1 11
278   43,801   55,207  1,229  1,373  1,433 0.9999780  8,363     2      1 13/31
279   28,573   81,041  1,237  1,283  1,459 0.9999793  8,363     2      1 11
280   58,789   78,887  1,549  1,621  1,847 0.9999996  8,363     2      1 13/31
281   13,331   52,541    857    863    947 0.9999552  8,363     2      1 13/31
282   62,873   95,857  1,759  1,831  1,871 0.9998618  8,363     2      1 11
283   21,503   54,907  1,039  1,063  1,069 0.9999994  8,363     3      1 33
284   17,077   66,037    971  1,009  1,151 0.9999696  8,363     2      1 11
285   21,341   97,283  1,201  1,259  1,373 0.9999713  8,363     3      1 13/31
286   15,017   32,497    743    761    863 0.9999029  8,363     4      1 11
287   19,211   34,267    821    863    929 0.9998702  8,363     3      1 33
288   55,829   65,239  1,381  1,621  1,627 0.9999933  8,363     2      1 13/31
289   45,307   56,857  1,289  1,381  1,447 0.9999214  8,363     2      1 13/31
290   24,767   52,501  1,063  1,103  1,109 0.9999985  8,363     3      1 13/31
291   63,211   65,579  1,511  1,583  1,733 0.9999689  8,363     2      1 33
292   69,467   91,943  1,811  1,867  1,889 0.9999943  8,363     2      1 33
293   30,427   93,059  1,327  1,433  1,489 0.9999869  8,363     2      1 33
294   29,123   82,487  1,193  1,409  1,429 0.9999126  8,363     3      1 33
295   37,441   81,223  1,367  1,453  1,531 0.9999605  8,363     2      1 13/31
296   33,343   36,341    983  1,069  1,153 0.9999056  8,363     2      1 13/31
297   83,389   95,891  1,931  2,017  2,053 0.9999781  8,363     2      1 13/31
298   26,987   51,043    991  1,171  1,187 0.9999781  8,363     2      1 33
299   18,269   33,521    797    827    929 0.9998798  8,363     4      1 11
300   26,111   91,639  1,291  1,297  1,429 0.9999876  8,363     2      1 33

====================================================================================================
MOST AGGRESSIVE CRT COLLAPSES
====================================================================================================
n=674,222,111 p=14,821 q=45,491 mods=(827,887,919) R=674,131,531 R/n=0.9998656526 CRT=2 exact=1 pairs=[(14821, 45491)]
n=9,082,319,251 p=92,987 q=97,673 mods=(1951,2081,2237) R=9,082,289,347 R/n=0.9999967074 CRT=2 exact=1 pairs=[(92987, 97673)]
n=1,347,523,519 p=30,293 q=44,483 mods=(1039,1087,1193) R=1,347,365,849 R/n=0.9998829928 CRT=2 exact=1 pairs=[(30293, 44483)]
n=5,657,257,523 p=67,819 q=83,417 mods=(1723,1753,1873) R=5,657,244,787 R/n=0.9999977487 CRT=2 exact=1 pairs=[(67819, 83417)]
n=5,720,629,619 p=61,583 q=92,893 mods=(1723,1741,1907) R=5,720,509,901 R/n=0.9999790726 CRT=2 exact=1 pairs=[(61583, 92893)]
n=5,722,487,479 p=61,603 q=92,893 mods=(1597,1879,1907) R=5,722,455,041 R/n=0.9999943315 CRT=2 exact=1 pairs=[(61603, 92893)]
n=6,762,244,211 p=70,607 q=95,773 mods=(1783,1871,2027) R=6,762,057,811 R/n=0.9999724352 CRT=2 exact=1 pairs=[(70607, 95773)]
n=1,508,265,193 p=18,121 q=83,233 mods=(1087,1129,1229) R=1,508,257,067 R/n=0.9999946124 CRT=2 exact=1 pairs=[(18121, 83233)]
n=3,653,510,527 p=51,853 q=70,459 mods=(1433,1567,1627) R=3,653,446,397 R/n=0.9999824470 CRT=2 exact=1 pairs=[(51853, 70459)]
n=5,301,699,413 p=59,219 q=89,527 mods=(1601,1753,1889) R=5,301,578,617 R/n=0.9999772156 CRT=2 exact=1 pairs=[(59219, 89527)]
n=3,880,529,033 p=49,549 q=78,317 mods=(1499,1597,1621) R=3,880,516,763 R/n=0.9999968381 CRT=2 exact=1 pairs=[(49549, 78317)]
n=2,617,899,731 p=46,831 q=55,901 mods=(1259,1433,1451) R=2,617,817,297 R/n=0.9999685114 CRT=2 exact=1 pairs=[(46831, 55901)]
n=2,467,588,303 p=25,057 q=98,479 mods=(1217,1409,1439) R=2,467,529,567 R/n=0.9999761970 CRT=2 exact=1 pairs=[(25057, 98479)]
n=5,350,210,193 p=54,101 q=98,893 mods=(1669,1697,1889) R=5,350,201,477 R/n=0.9999983709 CRT=2 exact=1 pairs=[(54101, 98893)]
n=1,098,260,699 p=13,451 q=81,649 mods=(983,1051,1063) R=1,098,220,379 R/n=0.9999632874 CRT=2 exact=1 pairs=[(13451, 81649)]
n=4,255,278,941 p=51,797 q=82,153 mods=(1511,1601,1759) R=4,255,216,249 R/n=0.9999852672 CRT=2 exact=1 pairs=[(51797, 82153)]
n=3,423,647,611 p=52,387 q=65,353 mods=(1429,1489,1609) R=3,423,599,629 R/n=0.9999859851 CRT=2 exact=1 pairs=[(52387, 65353)]
n=2,031,664,751 p=32,141 q=63,211 mods=(1153,1289,1367) R=2,031,658,639 R/n=0.9999969916 CRT=2 exact=1 pairs=[(32141, 63211)]
n=1,720,150,307 p=17,393 q=98,899 mods=(1151,1187,1259) R=1,720,092,383 R/n=0.9999663262 CRT=2 exact=1 pairs=[(17393, 98899)]
n=4,718,503,123 p=67,493 q=69,911 mods=(1613,1663,1759) R=4,718,375,021 R/n=0.9999728511 CRT=2 exact=1 pairs=[(67493, 69911)]

====================================================================================================
ACTUAL FACTOR RESIDUE CHECK
====================================================================================================
identity failures = 0

====================================================================================================
TIMING
====================================================================================================
CRT search time = 4.180 seconds
total runtime   = 7.177 seconds

====================================================================================================
INTERPRETATION
====================================================================================================

This version tests the proposed exploitation directly.

For every candidate prime p in the factor interval we know:

    p*q == n (mod r_i)

so, because p is invertible modulo r_i,

    q == n * p^(-1) (mod r_i).

Therefore three moduli give three congruences for q:

    q == q1 (mod r1)
    q == q2 (mod r2)
    q == q3 (mod r3)

CRT produces:

    q == Q (mod R)

where

    R = r1*r2*r3.

The selected triples satisfy:

    R < n

but R is normally vastly larger than the factor interval.

Therefore there can be at most one q in:

    [10,000,100,000]

for each candidate p.

The search becomes:

    8,363 possible p
           |
           v
    compute 3 q residues
           |
           v
    one CRT reconstruction
           |
           v
    bounded q test
           |
           v
    exact p*q == n
           |
           v
    factor pair.

This is much closer to a genuine direct modular search than the
previous experiments because no list of all residue-pair combinations
is constructed.

The decisive number is:

    average CRT-compatible q candidates.

If this becomes close to 1, the three-modulus system is collapsing the
factor search strongly.

However, the remaining enumeration over p is still important:
the experiment is measuring whether modular information makes that
enumeration cheap, not claiming that the enumeration disappears.

The C-first branch information is also retained. For each surviving
(p,q) candidate we know whether the pair belongs to:

    11
    13/31
    33

modulo 4.

This lets us measure whether the branch constraint contributes
additional reduction before the exact multiplication test.


====================================================================================================
EXPERIMENT COMPLETE
====================================================================================================
