START EXPERIMENT 164

PHASE 1: COMPLETE BINARY WORDS

BINARY LENGTH 2

BINARY LENGTH 3
e=1 count=1
patterns=110

BINARY LENGTH 4
e=1 count=2
patterns=1010,1110
e=2 count=2
patterns=1100,1101

BINARY LENGTH 5
e=1 count=4
patterns=10010,10110,11010,11110
e=2 count=4
patterns=10100,10101,11100,11101
e=3 count=3
patterns=11000,11001,11011

BINARY LENGTH 6
e=1 count=8
patterns=100010,100110,101010,101110,110010,110110,111010,111110
e=2 count=8
patterns=100100,100101,101100,101101,110100,110101,111100,111101
e=3 count=6
patterns=101000,101001,101011,111000,111001,111011
e=4 count=4
patterns=110000,110001,110011,110111

BINARY LENGTH 7
e=1 count=16
patterns=1000010,1000110,1001010,1001110,1010010,1010110,1011010,1011110,1100010,1100110,1101010,1101110,1110010,1110110,1111010,1111110
e=2 count=16
patterns=1000100,1000101,1001100,1001101,1010100,1010101,1011100,1011101,1100100,1100101,1101100,1101101,1110100,1110101,1111100,1111101
e=3 count=12
patterns=1001000,1001001,1001011,1011000,1011001,1011011,1101000,1101001,1101011,1111000,1111001,1111011
e=4 count=8
patterns=1010000,1010001,1010011,1010111,1110000,1110001,1110011,1110111
e=5 count=5
patterns=1100000,1100001,1100011,1100111,1101111

BINARY LENGTH 8
e=1 count=32
patterns=10000010,10000110,10001010,10001110,10010010,10010110,10011010,10011110,10100010,10100110,10101010,10101110,10110010,10110110,10111010,10111110,11000010,11000110,11001010,11001110,11010010,11010110,11011010,11011110,11100010,11100110,11101010,11101110,11110010,11110110,11111010,11111110
e=2 count=32
patterns=10000100,10000101,10001100,10001101,10010100,10010101,10011100,10011101,10100100,10100101,10101100,10101101,10110100,10110101,10111100,10111101,11000100,11000101,11001100,11001101,11010100,11010101,11011100,11011101,11100100,11100101,11101100,11101101,11110100,11110101,11111100,11111101
e=3 count=24
patterns=10001000,10001001,10001011,10011000,10011001,10011011,10101000,10101001,10101011,10111000,10111001,10111011,11001000,11001001,11001011,11011000,11011001,11011011,11101000,11101001,11101011,11111000,11111001,11111011
e=4 count=16
patterns=10010000,10010001,10010011,10010111,10110000,10110001,10110011,10110111,11010000,11010001,11010011,11010111,11110000,11110001,11110011,11110111
e=5 count=10
patterns=10100000,10100001,10100011,10100111,10101111,11100000,11100001,11100011,11100111,11101111
e=6 count=6
patterns=11000000,11000001,11000011,11000111,11001111,11011111

BINARY LENGTH 9
e=1 count=64
patterns=100000010,100000110,100001010,100001110,100010010,100010110,100011010,100011110,100100010,100100110,100101010,100101110,100110010,100110110,100111010,100111110,101000010,101000110,101001010,101001110,101010010,101010110,101011010,101011110,101100010,101100110,101101010,101101110,101110010,101110110,101111010,101111110,110000010,110000110,110001010,110001110,110010010,110010110,110011010,110011110,110100010,110100110,110101010,110101110,110110010,110110110,110111010,110111110,111000010,111000110,111001010,111001110,111010010,111010110,111011010,111011110,111100010,111100110,111101010,111101110,111110010,111110110,111111010,111111110
e=2 count=64
patterns=100000100,100000101,100001100,100001101,100010100,100010101,100011100,100011101,100100100,100100101,100101100,100101101,100110100,100110101,100111100,100111101,101000100,101000101,101001100,101001101,101010100,101010101,101011100,101011101,101100100,101100101,101101100,101101101,101110100,101110101,101111100,101111101,110000100,110000101,110001100,110001101,110010100,110010101,110011100,110011101,110100100,110100101,110101100,110101101,110110100,110110101,110111100,110111101,111000100,111000101,111001100,111001101,111010100,111010101,111011100,111011101,111100100,111100101,111101100,111101101,111110100,111110101,111111100,111111101
e=3 count=48
patterns=100001000,100001001,100001011,100011000,100011001,100011011,100101000,100101001,100101011,100111000,100111001,100111011,101001000,101001001,101001011,101011000,101011001,101011011,101101000,101101001,101101011,101111000,101111001,101111011,110001000,110001001,110001011,110011000,110011001,110011011,110101000,110101001,110101011,110111000,110111001,110111011,111001000,111001001,111001011,111011000,111011001,111011011,111101000,111101001,111101011,111111000,111111001,111111011
e=4 count=32
patterns=100010000,100010001,100010011,100010111,100110000,100110001,100110011,100110111,101010000,101010001,101010011,101010111,101110000,101110001,101110011,101110111,110010000,110010001,110010011,110010111,110110000,110110001,110110011,110110111,111010000,111010001,111010011,111010111,111110000,111110001,111110011,111110111
e=5 count=20
patterns=100100000,100100001,100100011,100100111,100101111,101100000,101100001,101100011,101100111,101101111,110100000,110100001,110100011,110100111,110101111,111100000,111100001,111100011,111100111,111101111
e=6 count=12
patterns=101000000,101000001,101000011,101000111,101001111,101011111,111000000,111000001,111000011,111000111,111001111,111011111
e=7 count=7
patterns=110000000,110000001,110000011,110000111,110001111,110011111,110111111

PHASE 2: COMPLETE TERNARY WORDS

TERNARY LENGTH 2
e=1 count=2
patterns=20,21

TERNARY LENGTH 3
e=1 count=8
patterns=110,111,120,121,210,211,220,221
e=2 count=4
patterns=200,201,202,212

TERNARY LENGTH 4
e=1 count=24
patterns=1010,1011,1020,1021,1110,1111,1120,1121,1210,1211,1220,1221,2010,2011,2020,2021,2110,2111,2120,2121,2210,2211,2220,2221
e=2 count=16
patterns=1100,1101,1102,1112,1200,1201,1202,1212,2100,2101,2102,2112,2200,2201,2202,2212
e=3 count=6
patterns=2000,2001,2002,2012,2022,2122

TERNARY LENGTH 5
e=1 count=72
patterns=10010,10011,10020,10021,10110,10111,10120,10121,10210,10211,10220,10221,11010,11011,11020,11021,11110,11111,11120,11121,11210,11211,11220,11221,12010,12011,12020,12021,12110,12111,12120,12121,12210,12211,12220,12221,20010,20011,20020,20021,20110,20111,20120,20121,20210,20211,20220,20221,21010,21011,21020,21021,21110,21111,21120,21121,21210,21211,21220,21221,22010,22011,22020,22021,22110,22111,22120,22121,22210,22211,22220,22221
e=2 count=48
patterns=10100,10101,10102,10112,10200,10201,10202,10212,11100,11101,11102,11112,11200,11201,11202,11212,12100,12101,12102,12112,12200,12201,12202,12212,20100,20101,20102,20112,20200,20201,20202,20212,21100,21101,21102,21112,21200,21201,21202,21212,22100,22101,22102,22112,22200,22201,22202,22212
e=3 count=24
patterns=11000,11001,11002,11012,11022,11122,12000,12001,12002,12012,12022,12122,21000,21001,21002,21012,21022,21122,22000,22001,22002,22012,22022,22122
e=4 count=8
patterns=20000,20001,20002,20012,20022,20122,20222,21222

TERNARY LENGTH 6
e=1 count=216
patterns=100010,100011,100020,100021,100110,100111,100120,100121,100210,100211,100220,100221,101010,101011,101020,101021,101110,101111,101120,101121,101210,101211,101220,101221,102010,102011,102020,102021,102110,102111,102120,102121,102210,102211,102220,102221,110010,110011,110020,110021,110110,110111,110120,110121,110210,110211,110220,110221,111010,111011,111020,111021,111110,111111,111120,111121,111210,111211,111220,111221,112010,112011,112020,112021,112110,112111,112120,112121,112210,112211,112220,112221,120010,120011,120020,120021,120110,120111,120120,120121,120210,120211,120220,120221,121010,121011,121020,121021,121110,121111,121120,121121,121210,121211,121220,121221,122010,122011,122020,122021,...
e=2 count=144
patterns=100100,100101,100102,100112,100200,100201,100202,100212,101100,101101,101102,101112,101200,101201,101202,101212,102100,102101,102102,102112,102200,102201,102202,102212,110100,110101,110102,110112,110200,110201,110202,110212,111100,111101,111102,111112,111200,111201,111202,111212,112100,112101,112102,112112,112200,112201,112202,112212,120100,120101,120102,120112,120200,120201,120202,120212,121100,121101,121102,121112,121200,121201,121202,121212,122100,122101,122102,122112,122200,122201,122202,122212,200100,200101,200102,200112,200200,200201,200202,200212,201100,201101,201102,201112,201200,201201,201202,201212,202100,202101,202102,202112,202200,202201,202202,202212,210100,210101,210102,210112,...
e=3 count=72
patterns=101000,101001,101002,101012,101022,101122,102000,102001,102002,102012,102022,102122,111000,111001,111002,111012,111022,111122,112000,112001,112002,112012,112022,112122,121000,121001,121002,121012,121022,121122,122000,122001,122002,122012,122022,122122,201000,201001,201002,201012,201022,201122,202000,202001,202002,202012,202022,202122,211000,211001,211002,211012,211022,211122,212000,212001,212002,212012,212022,212122,221000,221001,221002,221012,221022,221122,222000,222001,222002,222012,222022,222122
e=4 count=32
patterns=110000,110001,110002,110012,110022,110122,110222,111222,120000,120001,120002,120012,120022,120122,120222,121222,210000,210001,210002,210012,210022,210122,210222,211222,220000,220001,220002,220012,220022,220122,220222,221222
e=5 count=10
patterns=200000,200001,200002,200012,200022,200122,200222,201222,202222,212222

PHASE 3: DIGIT-STATISTIC CORRELATION

STATISTICS p=2
multi_interval_cases=2924
first_zero_to_nonzero_exact=2924/2924
trailing_zeroes_exact=1489/2924
last_non_pminus1_exact=165/2924
first_change_exact=1489/2924

STATISTICS p=3
multi_interval_cases=2931
first_zero_to_nonzero_exact=1941/2931
trailing_zeroes_exact=993/2931
last_non_pminus1_exact=112/2931
first_change_exact=1326/2931

STATISTICS p=5
multi_interval_cases=2941
first_zero_to_nonzero_exact=1156/2941
trailing_zeroes_exact=596/2941
last_non_pminus1_exact=57/2941
first_change_exact=1674/2941

PHASE 4: DIRECT EXAMPLES
p=2 m=6 digits=[0,1,1] intervals=3 G=2 e=1
starts=1,3,5
p=2 m=12 digits=[0,0,1,1] intervals=3 G=4 e=2
starts=1,5,9
p=2 m=13 digits=[1,0,1,1] intervals=3 G=4 e=2
starts=2,6,10
p=2 m=20 digits=[0,0,1,0,1] intervals=3 G=4 e=2
starts=1,5,17
p=2 m=24 digits=[0,0,0,1,1] intervals=3 G=8 e=3
starts=1,9,17
p=2 m=25 digits=[1,0,0,1,1] intervals=3 G=8 e=3
starts=2,10,18
p=2 m=27 digits=[1,1,0,1,1] intervals=3 G=8 e=3
starts=4,12,20
p=2 m=28 digits=[0,0,1,1,1] intervals=7 G=4 e=2
starts=1,5,9,13,17,21,25
p=2 m=40 digits=[0,0,0,1,0,1] intervals=3 G=8 e=3
starts=1,9,33
p=2 m=48 digits=[0,0,0,0,1,1] intervals=3 G=16 e=4
starts=1,17,33
p=2 m=96 digits=[0,0,0,0,0,1,1] intervals=3 G=32 e=5
starts=1,33,65
p=3 m=18 digits=[0,0,2] intervals=2 G=9 e=2
starts=1,10
p=3 m=23 digits=[2,1,2] intervals=2 G=9 e=2
starts=6,15
p=3 m=54 digits=[0,0,0,2] intervals=2 G=27 e=3
starts=1,28
p=5 m=50 digits=[0,0,2] intervals=2 G=25 e=2
starts=1,26
p=5 m=59 digits=[4,1,2] intervals=2 G=25 e=2
starts=10,35
p=5 m=75 digits=[0,0,3] intervals=3 G=25 e=2
starts=1,26,51
p=7 m=98 digits=[0,0,2] intervals=2 G=49 e=2
starts=1,50
p=11 m=242 digits=[0,0,2] intervals=2 G=121 e=2
starts=1,122

FINISHED EXPERIMENT 164
