START EXPERIMENT 10

PART 1: GENERAL CLOSED FORM
----------------------------------------------------------------------------------------------------
n	sigma	sigma3	M2_closed	M2_bruteforce	OK
2	3	9	0	0	True
3	4	28	1	1	True
4	7	73	3	3	True
5	6	126	9	9	True
6	12	252	15	15	True
7	8	344	30	30	True
8	15	585	45	45	True
9	13	757	67	67	True
10	18	1134	99	99	True
11	12	1332	135	135	True
12	28	2044	175	175	True
13	14	2198	231	231	True
14	24	3096	306	306	True
15	24	3528	354	354	True
16	31	4681	465	465	True
17	18	4914	540	540	True
18	39	6813	681	681	True
19	20	6860	765	765	True
20	42	9198	945	945	True
21	32	9632	1040	1040	True
22	36	11988	1305	1305	True
23	24	12168	1386	1386	True
24	60	16380	1695	1695	True
25	31	15751	1779	1779	True
26	42	19782	2205	2205	True
27	40	20440	2290	2290	True
28	56	25112	2754	2754	True
29	30	24390	2835	2835	True
30	72	31752	3438	3438	True
31	32	29792	3480	3480	True
32	63	37449	4185	4185	True
33	48	37296	4272	4272	True
34	54	44226	5076	5076	True
35	48	43344	5004	5004	True
36	91	55261	6100	6100	True
37	38	50654	5985	5985	True
38	60	61740	7155	7155	True
39	56	61544	7154	7154	True
40	90	73710	8325	8325	True
41	42	68922	8190	8190	True
42	96	86688	9840	9840	True
43	44	79508	9471	9471	True
44	84	97236	11241	11241	True
45	78	95382	11055	11055	True
46	72	109512	12870	12870	True
47	48	103824	12420	12420	True
48	124	131068	14911	14911	True
49	57	117993	14058	14058	True
50	93	141759	16569	16569	True
51	72	137592	16290	16290	True
52	98	160454	18795	18795	True
53	54	148878	17901	17901	True
54	120	183960	21390	21390	True
55	72	167832	19998	19998	True
56	120	201240	23490	23490	True
57	80	192080	22880	22880	True
58	90	219510	26145	26145	True
59	60	205380	24795	24795	True
60	168	257544	29694	29694	True
61	62	226982	27435	27435	True
62	96	268128	32040	32040	True
63	104	260408	30926	30926	True
64	127	299593	35433	35433	True
65	84	276948	33264	33264	True
66	144	335664	39600	39600	True
67	68	300764	36465	36465	True
68	126	358722	42714	42714	True
69	96	340704	40944	40944	True
70	144	390096	46260	46260	True
71	72	357912	43470	43470	True
72	195	442845	51870	51870	True
73	74	389018	47286	47286	True
74	114	455886	54891	54891	True
75	124	441028	52819	52819	True
76	140	500780	59955	59955	True
77	96	458208	55440	55440	True
78	168	553896	65982	65982	True
79	80	493040	60060	60060	True
80	186	589806	70029	70029	True
81	121	551881	66550	66550	True
82	126	620298	74970	74970	True
83	84	571788	69741	69741	True
84	224	703136	83216	83216	True
85	108	619164	75114	75114	True
86	132	715572	86625	86625	True
87	120	682920	82770	82770	True
88	180	779220	93465	93465	True
89	90	704970	86130	86130	True
90	234	858438	102069	102069	True
91	112	756112	91980	91980	True
92	168	888264	107190	107190	True
93	128	834176	101312	101312	True
94	144	934416	113436	113436	True
95	120	864360	105210	105210	True
96	252	1048572	125055	125055	True
97	98	912674	111720	111720	True
98	171	1061937	128574	128574	True
99	156	1008324	122199	122199	True
100	217	1149823	138330	138330	True

PART 2: SEMIPRIME SPECIALIZATION
------------------------------------------------------------------------------------------------------------------------
n	p	q	sigma_factorized	sigma3_factorized	M2_closed	M2_semiprime_formula	M2_match
731	17	43	792	390702312	48693150	48693150	True
893	19	47	960	712232640	88814880	88814880	True
1219	23	53	1296	1811547504	226048644	226048644	True
1711	29	59	1800	5009218200	625382550	625382550	True
2077	31	67	2176	8960361088	1118915520	1118915520	True
2627	37	71	2736	18129674448	2264412780	2264412780	True
2993	41	73	3108	26811898596	3349162152	3349162152	True
3397	43	79	3520	39200624320	4897089120	4897089120	True
3901	47	83	4032	59365317312	7416732960	7416732960	True
4717	53	89	4860	104954523660	13113584910	13113584910	True

PART 3: DIRECT DIVISOR COMPUTATION
----------------------------------------------------------------------------------------------------
n	sigma_direct	sigma3_direct	M2_closed	M2_bruteforce	OK
731	792	390702312	48693150	48693150	True
893	960	712232640	88814880	88814880	True
1219	1296	1811547504	226048644	226048644	True
1711	1800	5009218200	625382550	625382550	True
2077	2176	8960361088	1118915520	1118915520	True
2627	2736	18129674448	2264412780	2264412780	True
2993	3108	26811898596	3349162152	3349162152	True
3397	3520	39200624320	4897089120	4897089120	True
3901	4032	59365317312	7416732960	7416732960	True
