==============================================================================
START EXPERIMENT 214
EXHAUSTIVE 1/2/3-PRIME EXTENSION SEARCH
==============================================================================

Prime pool:
(2, 3, 5, 7, 11, 13, 17, 19, 23, 29, 31, 37, 41, 43, 47, 53, 59, 61, 67, 71, 73, 79, 83, 89, 97, 101, 103, 107, 109, 113, 127, 131, 137, 139, 149, 151, 157, 163, 167, 173, 179, 181, 191, 193, 197, 199)
Prime count = 46

##############################################################################
# 48-BIT INSTANCE
##############################################################################

Building QR masks for primes <= 199
  prime=2   build=0.032198s
  prime=3   build=0.025750s
  prime=5   build=0.016739s
  prime=7   build=0.015992s
  prime=11  build=0.014687s
  prime=13  build=0.015813s
  prime=17  build=0.018757s
  prime=19  build=0.017754s
  prime=23  build=0.018948s
  prime=29  build=0.015634s
  prime=31  build=0.021102s
  prime=37  build=0.014748s
  prime=41  build=0.015186s
  prime=43  build=0.015770s
  prime=47  build=0.015492s
  prime=53  build=0.014565s
  prime=59  build=0.014884s
  prime=61  build=0.014837s
  prime=67  build=0.015711s
  prime=71  build=0.015089s
  prime=73  build=0.015028s
  prime=79  build=0.015958s
  prime=83  build=0.015584s
  prime=89  build=0.015073s
  prime=97  build=0.015613s
  prime=101 build=0.015053s
  prime=103 build=0.014812s
  prime=107 build=0.014765s
  prime=109 build=0.016502s
  prime=113 build=0.016745s
  prime=127 build=0.015102s
  prime=131 build=0.016025s
  prime=137 build=0.015718s
  prime=139 build=0.015419s
  prime=149 build=0.014940s
  prime=151 build=0.015755s
  prime=157 build=0.015162s
  prime=163 build=0.014806s
  prime=167 build=0.014832s
  prime=173 build=0.015218s
  prime=179 build=0.015663s
  prime=181 build=0.014466s
  prime=191 build=0.014794s
  prime=193 build=0.015136s
  prime=197 build=0.015227s
  prime=199 build=0.015006s

Representation = bool

==============================================================================
BASE INSTANCE - 48 BIT
==============================================================================
Base subset:
(7, 11, 17, 29, 31, 37, 41, 47, 53, 59, 71, 73)
Base survivors = 694

Available additional primes:
(2, 3, 5, 13, 19, 23, 43, 61, 67, 79, 83, 89, 97, 101, 103, 107, 109, 113, 127, 131, 137, 139, 149, 151, 157, 163, 167, 173, 179, 181, 191, 193, 197, 199)

SEARCHING 1-PRIME EXTENSIONS (34 candidates)
  evaluated = 34
  time      = 0.014176s

SEARCHING 2-PRIME EXTENSIONS (561 candidates)
  evaluated = 561
  time      = 0.349734s

SEARCHING 3-PRIME EXTENSIONS (5984 candidates)
  evaluated = 5984
  time      = 4.781778s

==============================================================================
LOWEST-SURVIVOR EXTENSIONS
==============================================================================
 1. survivors=58      added=(67, 97, 193) k=15 subset=(7, 11, 17, 29, 31, 37, 41, 47, 53, 59, 67, 71, 73, 97, 193)
 2. survivors=61      added=(67, 97, 157) k=15 subset=(7, 11, 17, 29, 31, 37, 41, 47, 53, 59, 67, 71, 73, 97, 157)
 3. survivors=62      added=(67, 97, 103) k=15 subset=(7, 11, 17, 29, 31, 37, 41, 47, 53, 59, 67, 71, 73, 97, 103)
 4. survivors=62      added=(97, 139, 157) k=15 subset=(7, 11, 17, 29, 31, 37, 41, 47, 53, 59, 71, 73, 97, 139, 157)
 5. survivors=62      added=(109, 139, 157) k=15 subset=(7, 11, 17, 29, 31, 37, 41, 47, 53, 59, 71, 73, 109, 139, 157)
 6. survivors=62      added=(139, 157, 181) k=15 subset=(7, 11, 17, 29, 31, 37, 41, 47, 53, 59, 71, 73, 139, 157, 181)
 7. survivors=63      added=(139, 157, 179) k=15 subset=(7, 11, 17, 29, 31, 37, 41, 47, 53, 59, 71, 73, 139, 157, 179)
 8. survivors=64      added=(43, 67, 97) k=15 subset=(7, 11, 17, 29, 31, 37, 41, 43, 47, 53, 59, 67, 71, 73, 97)
 9. survivors=64      added=(67, 89, 97) k=15 subset=(7, 11, 17, 29, 31, 37, 41, 47, 53, 59, 67, 71, 73, 89, 97)
10. survivors=64      added=(67, 97, 149) k=15 subset=(7, 11, 17, 29, 31, 37, 41, 47, 53, 59, 67, 71, 73, 97, 149)
11. survivors=64      added=(67, 97, 191) k=15 subset=(7, 11, 17, 29, 31, 37, 41, 47, 53, 59, 67, 71, 73, 97, 191)
12. survivors=65      added=(67, 97, 151) k=15 subset=(7, 11, 17, 29, 31, 37, 41, 47, 53, 59, 67, 71, 73, 97, 151)
13. survivors=65      added=(97, 149, 193) k=15 subset=(7, 11, 17, 29, 31, 37, 41, 47, 53, 59, 71, 73, 97, 149, 193)
14. survivors=65      added=(139, 157, 173) k=15 subset=(7, 11, 17, 29, 31, 37, 41, 47, 53, 59, 71, 73, 139, 157, 173)
15. survivors=66      added=(43, 97, 139) k=15 subset=(7, 11, 17, 29, 31, 37, 41, 43, 47, 53, 59, 71, 73, 97, 139)
16. survivors=66      added=(97, 139, 181) k=15 subset=(7, 11, 17, 29, 31, 37, 41, 47, 53, 59, 71, 73, 97, 139, 181)
17. survivors=66      added=(97, 139, 193) k=15 subset=(7, 11, 17, 29, 31, 37, 41, 47, 53, 59, 71, 73, 97, 139, 193)
18. survivors=66      added=(137, 157, 163) k=15 subset=(7, 11, 17, 29, 31, 37, 41, 47, 53, 59, 71, 73, 137, 157, 163)
19. survivors=66      added=(139, 157, 167) k=15 subset=(7, 11, 17, 29, 31, 37, 41, 47, 53, 59, 71, 73, 139, 157, 167)
20. survivors=67      added=(97, 139, 179) k=15 subset=(7, 11, 17, 29, 31, 37, 41, 47, 53, 59, 71, 73, 97, 139, 179)
21. survivors=67      added=(107, 139, 163) k=15 subset=(7, 11, 17, 29, 31, 37, 41, 47, 53, 59, 71, 73, 107, 139, 163)
22. survivors=67      added=(109, 127, 139) k=15 subset=(7, 11, 17, 29, 31, 37, 41, 47, 53, 59, 71, 73, 109, 127, 139)
23. survivors=67      added=(109, 137, 163) k=15 subset=(7, 11, 17, 29, 31, 37, 41, 47, 53, 59, 71, 73, 109, 137, 163)
24. survivors=67      added=(131, 139, 173) k=15 subset=(7, 11, 17, 29, 31, 37, 41, 47, 53, 59, 71, 73, 131, 139, 173)
25. survivors=67      added=(137, 163, 181) k=15 subset=(7, 11, 17, 29, 31, 37, 41, 47, 53, 59, 71, 73, 137, 163, 181)
26. survivors=67      added=(139, 167, 173) k=15 subset=(7, 11, 17, 29, 31, 37, 41, 47, 53, 59, 71, 73, 139, 167, 173)
27. survivors=68      added=(13, 97, 149) k=15 subset=(7, 11, 13, 17, 29, 31, 37, 41, 47, 53, 59, 71, 73, 97, 149)
28. survivors=68      added=(43, 139, 167) k=15 subset=(7, 11, 17, 29, 31, 37, 41, 43, 47, 53, 59, 71, 73, 139, 167)
29. survivors=68      added=(67, 83, 97) k=15 subset=(7, 11, 17, 29, 31, 37, 41, 47, 53, 59, 67, 71, 73, 83, 97)
30. survivors=68      added=(67, 97, 163) k=15 subset=(7, 11, 17, 29, 31, 37, 41, 47, 53, 59, 67, 71, 73, 97, 163)

==============================================================================
END-TO-END BENCHMARK TOP 40
==============================================================================
runtime=0.008400224s survivors=58      added=(67, 97, 193) k=15 subset=(7, 11, 17, 29, 31, 37, 41, 47, 53, 59, 67, 71, 73, 97, 193)
runtime=0.006869603s survivors=61      added=(67, 97, 157) k=15 subset=(7, 11, 17, 29, 31, 37, 41, 47, 53, 59, 67, 71, 73, 97, 157)
runtime=0.006794911s survivors=62      added=(67, 97, 103) k=15 subset=(7, 11, 17, 29, 31, 37, 41, 47, 53, 59, 67, 71, 73, 97, 103)
runtime=0.005071343s survivors=62      added=(97, 139, 157) k=15 subset=(7, 11, 17, 29, 31, 37, 41, 47, 53, 59, 71, 73, 97, 139, 157)
runtime=0.008854387s survivors=62      added=(109, 139, 157) k=15 subset=(7, 11, 17, 29, 31, 37, 41, 47, 53, 59, 71, 73, 109, 139, 157)
runtime=0.005708473s survivors=62      added=(139, 157, 181) k=15 subset=(7, 11, 17, 29, 31, 37, 41, 47, 53, 59, 71, 73, 139, 157, 181)
runtime=0.006762884s survivors=63      added=(139, 157, 179) k=15 subset=(7, 11, 17, 29, 31, 37, 41, 47, 53, 59, 71, 73, 139, 157, 179)
runtime=0.003263561s survivors=64      added=(43, 67, 97) k=15 subset=(7, 11, 17, 29, 31, 37, 41, 43, 47, 53, 59, 67, 71, 73, 97)
runtime=0.003464242s survivors=64      added=(67, 89, 97) k=15 subset=(7, 11, 17, 29, 31, 37, 41, 47, 53, 59, 67, 71, 73, 89, 97)
runtime=0.004319662s survivors=64      added=(67, 97, 149) k=15 subset=(7, 11, 17, 29, 31, 37, 41, 47, 53, 59, 67, 71, 73, 97, 149)
runtime=0.004060652s survivors=64      added=(67, 97, 191) k=15 subset=(7, 11, 17, 29, 31, 37, 41, 47, 53, 59, 67, 71, 73, 97, 191)
runtime=0.004597542s survivors=65      added=(67, 97, 151) k=15 subset=(7, 11, 17, 29, 31, 37, 41, 47, 53, 59, 67, 71, 73, 97, 151)
runtime=0.004645523s survivors=65      added=(97, 149, 193) k=15 subset=(7, 11, 17, 29, 31, 37, 41, 47, 53, 59, 71, 73, 97, 149, 193)
runtime=0.004389062s survivors=65      added=(139, 157, 173) k=15 subset=(7, 11, 17, 29, 31, 37, 41, 47, 53, 59, 71, 73, 139, 157, 173)
runtime=0.004546692s survivors=66      added=(43, 97, 139) k=15 subset=(7, 11, 17, 29, 31, 37, 41, 43, 47, 53, 59, 71, 73, 97, 139)
runtime=0.003648082s survivors=66      added=(97, 139, 181) k=15 subset=(7, 11, 17, 29, 31, 37, 41, 47, 53, 59, 71, 73, 97, 139, 181)
runtime=0.003361852s survivors=66      added=(97, 139, 193) k=15 subset=(7, 11, 17, 29, 31, 37, 41, 47, 53, 59, 71, 73, 97, 139, 193)
runtime=0.003399192s survivors=66      added=(137, 157, 163) k=15 subset=(7, 11, 17, 29, 31, 37, 41, 47, 53, 59, 71, 73, 137, 157, 163)
runtime=0.003050781s survivors=66      added=(139, 157, 167) k=15 subset=(7, 11, 17, 29, 31, 37, 41, 47, 53, 59, 71, 73, 139, 157, 167)
runtime=0.003016612s survivors=67      added=(97, 139, 179) k=15 subset=(7, 11, 17, 29, 31, 37, 41, 47, 53, 59, 71, 73, 97, 139, 179)
runtime=0.003107342s survivors=67      added=(107, 139, 163) k=15 subset=(7, 11, 17, 29, 31, 37, 41, 47, 53, 59, 71, 73, 107, 139, 163)
runtime=0.003162751s survivors=67      added=(109, 127, 139) k=15 subset=(7, 11, 17, 29, 31, 37, 41, 47, 53, 59, 71, 73, 109, 127, 139)
runtime=0.003115392s survivors=67      added=(109, 137, 163) k=15 subset=(7, 11, 17, 29, 31, 37, 41, 47, 53, 59, 71, 73, 109, 137, 163)
runtime=0.003031252s survivors=67      added=(131, 139, 173) k=15 subset=(7, 11, 17, 29, 31, 37, 41, 47, 53, 59, 71, 73, 131, 139, 173)
runtime=0.003129171s survivors=67      added=(137, 163, 181) k=15 subset=(7, 11, 17, 29, 31, 37, 41, 47, 53, 59, 71, 73, 137, 163, 181)
runtime=0.003109032s survivors=67      added=(139, 167, 173) k=15 subset=(7, 11, 17, 29, 31, 37, 41, 47, 53, 59, 71, 73, 139, 167, 173)
runtime=0.002958192s survivors=68      added=(13, 97, 149) k=15 subset=(7, 11, 13, 17, 29, 31, 37, 41, 47, 53, 59, 71, 73, 97, 149)
runtime=0.003286431s survivors=68      added=(43, 139, 167) k=15 subset=(7, 11, 17, 29, 31, 37, 41, 43, 47, 53, 59, 71, 73, 139, 167)
runtime=0.003265862s survivors=68      added=(67, 83, 97) k=15 subset=(7, 11, 17, 29, 31, 37, 41, 47, 53, 59, 67, 71, 73, 83, 97)
runtime=0.003215401s survivors=68      added=(67, 97, 163) k=15 subset=(7, 11, 17, 29, 31, 37, 41, 47, 53, 59, 67, 71, 73, 97, 163)
runtime=0.003239832s survivors=68      added=(83, 139, 157) k=15 subset=(7, 11, 17, 29, 31, 37, 41, 47, 53, 59, 71, 73, 83, 139, 157)
runtime=0.003179752s survivors=68      added=(83, 157, 179) k=15 subset=(7, 11, 17, 29, 31, 37, 41, 47, 53, 59, 71, 73, 83, 157, 179)
runtime=0.003021571s survivors=68      added=(83, 157, 191) k=15 subset=(7, 11, 17, 29, 31, 37, 41, 47, 53, 59, 71, 73, 83, 157, 191)
runtime=0.003097072s survivors=68      added=(97, 149, 163) k=15 subset=(7, 11, 17, 29, 31, 37, 41, 47, 53, 59, 71, 73, 97, 149, 163)
runtime=0.003222381s survivors=68      added=(97, 157, 179) k=15 subset=(7, 11, 17, 29, 31, 37, 41, 47, 53, 59, 71, 73, 97, 157, 179)
runtime=0.002956961s survivors=68      added=(97, 163, 193) k=15 subset=(7, 11, 17, 29, 31, 37, 41, 47, 53, 59, 71, 73, 97, 163, 193)
runtime=0.003271841s survivors=68      added=(103, 139, 157) k=15 subset=(7, 11, 17, 29, 31, 37, 41, 47, 53, 59, 71, 73, 103, 139, 157)
runtime=0.003102002s survivors=68      added=(113, 163, 181) k=15 subset=(7, 11, 17, 29, 31, 37, 41, 47, 53, 59, 71, 73, 113, 163, 181)
runtime=0.003267053s survivors=68      added=(131, 139, 157) k=15 subset=(7, 11, 17, 29, 31, 37, 41, 47, 53, 59, 71, 73, 131, 139, 157)
runtime=0.003123922s survivors=68      added=(137, 157, 173) k=15 subset=(7, 11, 17, 29, 31, 37, 41, 47, 53, 59, 71, 73, 137, 157, 173)

==============================================================================
ACTUAL RUNTIME RANKING
==============================================================================
 1. runtime=0.002956961s survivors=68      added=(97, 163, 193) k=15 subset=(7, 11, 17, 29, 31, 37, 41, 47, 53, 59, 71, 73, 97, 163, 193)
 2. runtime=0.002958192s survivors=68      added=(13, 97, 149) k=15 subset=(7, 11, 13, 17, 29, 31, 37, 41, 47, 53, 59, 71, 73, 97, 149)
 3. runtime=0.003016612s survivors=67      added=(97, 139, 179) k=15 subset=(7, 11, 17, 29, 31, 37, 41, 47, 53, 59, 71, 73, 97, 139, 179)
 4. runtime=0.003021571s survivors=68      added=(83, 157, 191) k=15 subset=(7, 11, 17, 29, 31, 37, 41, 47, 53, 59, 71, 73, 83, 157, 191)
 5. runtime=0.003031252s survivors=67      added=(131, 139, 173) k=15 subset=(7, 11, 17, 29, 31, 37, 41, 47, 53, 59, 71, 73, 131, 139, 173)
 6. runtime=0.003050781s survivors=66      added=(139, 157, 167) k=15 subset=(7, 11, 17, 29, 31, 37, 41, 47, 53, 59, 71, 73, 139, 157, 167)
 7. runtime=0.003097072s survivors=68      added=(97, 149, 163) k=15 subset=(7, 11, 17, 29, 31, 37, 41, 47, 53, 59, 71, 73, 97, 149, 163)
 8. runtime=0.003102002s survivors=68      added=(113, 163, 181) k=15 subset=(7, 11, 17, 29, 31, 37, 41, 47, 53, 59, 71, 73, 113, 163, 181)
 9. runtime=0.003107342s survivors=67      added=(107, 139, 163) k=15 subset=(7, 11, 17, 29, 31, 37, 41, 47, 53, 59, 71, 73, 107, 139, 163)
10. runtime=0.003109032s survivors=67      added=(139, 167, 173) k=15 subset=(7, 11, 17, 29, 31, 37, 41, 47, 53, 59, 71, 73, 139, 167, 173)
11. runtime=0.003115392s survivors=67      added=(109, 137, 163) k=15 subset=(7, 11, 17, 29, 31, 37, 41, 47, 53, 59, 71, 73, 109, 137, 163)
12. runtime=0.003123922s survivors=68      added=(137, 157, 173) k=15 subset=(7, 11, 17, 29, 31, 37, 41, 47, 53, 59, 71, 73, 137, 157, 173)
13. runtime=0.003129171s survivors=67      added=(137, 163, 181) k=15 subset=(7, 11, 17, 29, 31, 37, 41, 47, 53, 59, 71, 73, 137, 163, 181)
14. runtime=0.003162751s survivors=67      added=(109, 127, 139) k=15 subset=(7, 11, 17, 29, 31, 37, 41, 47, 53, 59, 71, 73, 109, 127, 139)
15. runtime=0.003179752s survivors=68      added=(83, 157, 179) k=15 subset=(7, 11, 17, 29, 31, 37, 41, 47, 53, 59, 71, 73, 83, 157, 179)
16. runtime=0.003215401s survivors=68      added=(67, 97, 163) k=15 subset=(7, 11, 17, 29, 31, 37, 41, 47, 53, 59, 67, 71, 73, 97, 163)
17. runtime=0.003222381s survivors=68      added=(97, 157, 179) k=15 subset=(7, 11, 17, 29, 31, 37, 41, 47, 53, 59, 71, 73, 97, 157, 179)
18. runtime=0.003239832s survivors=68      added=(83, 139, 157) k=15 subset=(7, 11, 17, 29, 31, 37, 41, 47, 53, 59, 71, 73, 83, 139, 157)
19. runtime=0.003263561s survivors=64      added=(43, 67, 97) k=15 subset=(7, 11, 17, 29, 31, 37, 41, 43, 47, 53, 59, 67, 71, 73, 97)
20. runtime=0.003265862s survivors=68      added=(67, 83, 97) k=15 subset=(7, 11, 17, 29, 31, 37, 41, 47, 53, 59, 67, 71, 73, 83, 97)

==============================================================================
FINAL WINNER CONFIRMATION
==============================================================================
Winner:
(7, 11, 17, 29, 31, 37, 41, 47, 53, 59, 71, 73, 97, 163, 193)
size      = 15
survivors = 68
median    = 0.004373426s
mean      = 0.004694642s
min       = 0.002939052s
max       = 0.009517320s
factor    = (8390069, 33547589)
found x   = 20968829
true x    = 20968829
vs Exp205 = 282.000x

##############################################################################
# 54-BIT INSTANCE
##############################################################################

Building QR masks for primes <= 199
  prime=2   build=0.001243s
  prime=3   build=0.001113s
  prime=5   build=0.000949s
  prime=7   build=0.000950s
  prime=11  build=0.000945s
  prime=13  build=0.000966s
  prime=17  build=0.001056s
  prime=19  build=0.000931s
  prime=23  build=0.001001s
  prime=29  build=0.000934s
  prime=31  build=0.000937s
  prime=37  build=0.000953s
  prime=41  build=0.000929s
  prime=43  build=0.000956s
  prime=47  build=0.000948s
  prime=53  build=0.000929s
  prime=59  build=0.000951s
  prime=61  build=0.000966s
  prime=67  build=0.001051s
  prime=71  build=0.001040s
  prime=73  build=0.000975s
  prime=79  build=0.000975s
  prime=83  build=0.001095s
  prime=89  build=0.000998s
  prime=97  build=0.001014s
  prime=101 build=0.000969s
  prime=103 build=0.000978s
  prime=107 build=0.000971s
  prime=109 build=0.000958s
  prime=113 build=0.000959s
  prime=127 build=0.000983s
  prime=131 build=0.000992s
  prime=137 build=0.000996s
  prime=139 build=0.000987s
  prime=149 build=0.000987s
  prime=151 build=0.000981s
  prime=157 build=0.001180s
  prime=163 build=0.001029s
  prime=167 build=0.001073s
  prime=173 build=0.001018s
  prime=179 build=0.001023s
  prime=181 build=0.001014s
  prime=191 build=0.001026s
  prime=193 build=0.001019s
  prime=197 build=0.001033s
  prime=199 build=0.001042s

Representation = bool

==============================================================================
BASE INSTANCE - 54 BIT
==============================================================================
Base subset:
(3, 5, 7, 17, 19, 23, 29, 37, 41, 43, 47, 61, 67)
Base survivors = 20

Available additional primes:
(2, 11, 13, 31, 53, 59, 71, 73, 79, 83, 89, 97, 101, 103, 107, 109, 113, 127, 131, 137, 139, 149, 151, 157, 163, 167, 173, 179, 181, 191, 193, 197, 199)

SEARCHING 1-PRIME EXTENSIONS (33 candidates)
  evaluated = 33
  time      = 0.001381s

SEARCHING 2-PRIME EXTENSIONS (528 candidates)
  evaluated = 528
  time      = 0.023684s

SEARCHING 3-PRIME EXTENSIONS (5456 candidates)
  evaluated = 5456
  time      = 0.271722s

==============================================================================
LOWEST-SURVIVOR EXTENSIONS
==============================================================================
 1. survivors=1       added=(11, 13, 83) k=16 subset=(3, 5, 7, 11, 13, 17, 19, 23, 29, 37, 41, 43, 47, 61, 67, 83)
 2. survivors=1       added=(11, 13, 113) k=16 subset=(3, 5, 7, 11, 13, 17, 19, 23, 29, 37, 41, 43, 47, 61, 67, 113)
 3. survivors=1       added=(11, 13, 139) k=16 subset=(3, 5, 7, 11, 13, 17, 19, 23, 29, 37, 41, 43, 47, 61, 67, 139)
 4. survivors=1       added=(11, 13, 167) k=16 subset=(3, 5, 7, 11, 13, 17, 19, 23, 29, 37, 41, 43, 47, 61, 67, 167)
 5. survivors=1       added=(11, 79, 97) k=16 subset=(3, 5, 7, 11, 17, 19, 23, 29, 37, 41, 43, 47, 61, 67, 79, 97)
 6. survivors=1       added=(11, 79, 191) k=16 subset=(3, 5, 7, 11, 17, 19, 23, 29, 37, 41, 43, 47, 61, 67, 79, 191)
 7. survivors=1       added=(11, 83, 97) k=16 subset=(3, 5, 7, 11, 17, 19, 23, 29, 37, 41, 43, 47, 61, 67, 83, 97)
 8. survivors=1       added=(11, 83, 191) k=16 subset=(3, 5, 7, 11, 17, 19, 23, 29, 37, 41, 43, 47, 61, 67, 83, 191)
 9. survivors=1       added=(11, 97, 107) k=16 subset=(3, 5, 7, 11, 17, 19, 23, 29, 37, 41, 43, 47, 61, 67, 97, 107)
10. survivors=1       added=(11, 97, 109) k=16 subset=(3, 5, 7, 11, 17, 19, 23, 29, 37, 41, 43, 47, 61, 67, 97, 109)
11. survivors=1       added=(11, 97, 113) k=16 subset=(3, 5, 7, 11, 17, 19, 23, 29, 37, 41, 43, 47, 61, 67, 97, 113)
12. survivors=1       added=(11, 97, 139) k=16 subset=(3, 5, 7, 11, 17, 19, 23, 29, 37, 41, 43, 47, 61, 67, 97, 139)
13. survivors=1       added=(11, 97, 167) k=16 subset=(3, 5, 7, 11, 17, 19, 23, 29, 37, 41, 43, 47, 61, 67, 97, 167)
14. survivors=1       added=(11, 107, 191) k=16 subset=(3, 5, 7, 11, 17, 19, 23, 29, 37, 41, 43, 47, 61, 67, 107, 191)
15. survivors=1       added=(11, 109, 191) k=16 subset=(3, 5, 7, 11, 17, 19, 23, 29, 37, 41, 43, 47, 61, 67, 109, 191)
16. survivors=1       added=(11, 113, 173) k=16 subset=(3, 5, 7, 11, 17, 19, 23, 29, 37, 41, 43, 47, 61, 67, 113, 173)
17. survivors=1       added=(11, 113, 191) k=16 subset=(3, 5, 7, 11, 17, 19, 23, 29, 37, 41, 43, 47, 61, 67, 113, 191)
18. survivors=1       added=(11, 127, 139) k=16 subset=(3, 5, 7, 11, 17, 19, 23, 29, 37, 41, 43, 47, 61, 67, 127, 139)
19. survivors=1       added=(11, 139, 173) k=16 subset=(3, 5, 7, 11, 17, 19, 23, 29, 37, 41, 43, 47, 61, 67, 139, 173)
20. survivors=1       added=(11, 139, 179) k=16 subset=(3, 5, 7, 11, 17, 19, 23, 29, 37, 41, 43, 47, 61, 67, 139, 179)
21. survivors=1       added=(11, 139, 191) k=16 subset=(3, 5, 7, 11, 17, 19, 23, 29, 37, 41, 43, 47, 61, 67, 139, 191)
22. survivors=1       added=(11, 149, 173) k=16 subset=(3, 5, 7, 11, 17, 19, 23, 29, 37, 41, 43, 47, 61, 67, 149, 173)
23. survivors=1       added=(11, 163, 179) k=16 subset=(3, 5, 7, 11, 17, 19, 23, 29, 37, 41, 43, 47, 61, 67, 163, 179)
24. survivors=1       added=(11, 163, 191) k=16 subset=(3, 5, 7, 11, 17, 19, 23, 29, 37, 41, 43, 47, 61, 67, 163, 191)
25. survivors=1       added=(11, 167, 191) k=16 subset=(3, 5, 7, 11, 17, 19, 23, 29, 37, 41, 43, 47, 61, 67, 167, 191)
26. survivors=1       added=(11, 173, 191) k=16 subset=(3, 5, 7, 11, 17, 19, 23, 29, 37, 41, 43, 47, 61, 67, 173, 191)
27. survivors=1       added=(11, 173, 193) k=16 subset=(3, 5, 7, 11, 17, 19, 23, 29, 37, 41, 43, 47, 61, 67, 173, 193)
28. survivors=1       added=(13, 31, 83) k=16 subset=(3, 5, 7, 13, 17, 19, 23, 29, 31, 37, 41, 43, 47, 61, 67, 83)
29. survivors=1       added=(13, 53, 83) k=16 subset=(3, 5, 7, 13, 17, 19, 23, 29, 37, 41, 43, 47, 53, 61, 67, 83)
30. survivors=1       added=(13, 59, 113) k=16 subset=(3, 5, 7, 13, 17, 19, 23, 29, 37, 41, 43, 47, 59, 61, 67, 113)

==============================================================================
END-TO-END BENCHMARK TOP 40
==============================================================================
runtime=0.000372810s survivors=1       added=(11, 13, 83) k=16 subset=(3, 5, 7, 11, 13, 17, 19, 23, 29, 37, 41, 43, 47, 61, 67, 83)
runtime=0.000274131s survivors=1       added=(11, 13, 113) k=16 subset=(3, 5, 7, 11, 13, 17, 19, 23, 29, 37, 41, 43, 47, 61, 67, 113)
runtime=0.000200020s survivors=1       added=(11, 13, 139) k=16 subset=(3, 5, 7, 11, 13, 17, 19, 23, 29, 37, 41, 43, 47, 61, 67, 139)
runtime=0.000203090s survivors=1       added=(11, 13, 167) k=16 subset=(3, 5, 7, 11, 13, 17, 19, 23, 29, 37, 41, 43, 47, 61, 67, 167)
runtime=0.000202550s survivors=1       added=(11, 79, 97) k=16 subset=(3, 5, 7, 11, 17, 19, 23, 29, 37, 41, 43, 47, 61, 67, 79, 97)
runtime=0.000184600s survivors=1       added=(11, 79, 191) k=16 subset=(3, 5, 7, 11, 17, 19, 23, 29, 37, 41, 43, 47, 61, 67, 79, 191)
runtime=0.000192970s survivors=1       added=(11, 83, 97) k=16 subset=(3, 5, 7, 11, 17, 19, 23, 29, 37, 41, 43, 47, 61, 67, 83, 97)
runtime=0.000182380s survivors=1       added=(11, 83, 191) k=16 subset=(3, 5, 7, 11, 17, 19, 23, 29, 37, 41, 43, 47, 61, 67, 83, 191)
runtime=0.000195210s survivors=1       added=(11, 97, 107) k=16 subset=(3, 5, 7, 11, 17, 19, 23, 29, 37, 41, 43, 47, 61, 67, 97, 107)
runtime=0.000196850s survivors=1       added=(11, 97, 109) k=16 subset=(3, 5, 7, 11, 17, 19, 23, 29, 37, 41, 43, 47, 61, 67, 97, 109)
runtime=0.000215841s survivors=1       added=(11, 97, 113) k=16 subset=(3, 5, 7, 11, 17, 19, 23, 29, 37, 41, 43, 47, 61, 67, 97, 113)
runtime=0.000190660s survivors=1       added=(11, 97, 139) k=16 subset=(3, 5, 7, 11, 17, 19, 23, 29, 37, 41, 43, 47, 61, 67, 97, 139)
runtime=0.000187260s survivors=1       added=(11, 97, 167) k=16 subset=(3, 5, 7, 11, 17, 19, 23, 29, 37, 41, 43, 47, 61, 67, 97, 167)
runtime=0.000190480s survivors=1       added=(11, 107, 191) k=16 subset=(3, 5, 7, 11, 17, 19, 23, 29, 37, 41, 43, 47, 61, 67, 107, 191)
runtime=0.000182240s survivors=1       added=(11, 109, 191) k=16 subset=(3, 5, 7, 11, 17, 19, 23, 29, 37, 41, 43, 47, 61, 67, 109, 191)
runtime=0.000202780s survivors=1       added=(11, 113, 173) k=16 subset=(3, 5, 7, 11, 17, 19, 23, 29, 37, 41, 43, 47, 61, 67, 113, 173)
runtime=0.000179910s survivors=1       added=(11, 113, 191) k=16 subset=(3, 5, 7, 11, 17, 19, 23, 29, 37, 41, 43, 47, 61, 67, 113, 191)
runtime=0.000204040s survivors=1       added=(11, 127, 139) k=16 subset=(3, 5, 7, 11, 17, 19, 23, 29, 37, 41, 43, 47, 61, 67, 127, 139)
runtime=0.000178710s survivors=1       added=(11, 139, 173) k=16 subset=(3, 5, 7, 11, 17, 19, 23, 29, 37, 41, 43, 47, 61, 67, 139, 173)
runtime=0.000186560s survivors=1       added=(11, 139, 179) k=16 subset=(3, 5, 7, 11, 17, 19, 23, 29, 37, 41, 43, 47, 61, 67, 139, 179)
runtime=0.000182350s survivors=1       added=(11, 139, 191) k=16 subset=(3, 5, 7, 11, 17, 19, 23, 29, 37, 41, 43, 47, 61, 67, 139, 191)
runtime=0.000204570s survivors=1       added=(11, 149, 173) k=16 subset=(3, 5, 7, 11, 17, 19, 23, 29, 37, 41, 43, 47, 61, 67, 149, 173)
runtime=0.000199860s survivors=1       added=(11, 163, 179) k=16 subset=(3, 5, 7, 11, 17, 19, 23, 29, 37, 41, 43, 47, 61, 67, 163, 179)
runtime=0.000180261s survivors=1       added=(11, 163, 191) k=16 subset=(3, 5, 7, 11, 17, 19, 23, 29, 37, 41, 43, 47, 61, 67, 163, 191)
runtime=0.000185110s survivors=1       added=(11, 167, 191) k=16 subset=(3, 5, 7, 11, 17, 19, 23, 29, 37, 41, 43, 47, 61, 67, 167, 191)
runtime=0.000176650s survivors=1       added=(11, 173, 191) k=16 subset=(3, 5, 7, 11, 17, 19, 23, 29, 37, 41, 43, 47, 61, 67, 173, 191)
runtime=0.000206640s survivors=1       added=(11, 173, 193) k=16 subset=(3, 5, 7, 11, 17, 19, 23, 29, 37, 41, 43, 47, 61, 67, 173, 193)
runtime=0.000237120s survivors=1       added=(13, 31, 83) k=16 subset=(3, 5, 7, 13, 17, 19, 23, 29, 31, 37, 41, 43, 47, 61, 67, 83)
runtime=0.000198760s survivors=1       added=(13, 53, 83) k=16 subset=(3, 5, 7, 13, 17, 19, 23, 29, 37, 41, 43, 47, 53, 61, 67, 83)
runtime=0.000183320s survivors=1       added=(13, 59, 113) k=16 subset=(3, 5, 7, 13, 17, 19, 23, 29, 37, 41, 43, 47, 59, 61, 67, 113)
runtime=0.000207530s survivors=1       added=(13, 83, 89) k=16 subset=(3, 5, 7, 13, 17, 19, 23, 29, 37, 41, 43, 47, 61, 67, 83, 89)
runtime=0.000187430s survivors=1       added=(13, 83, 97) k=16 subset=(3, 5, 7, 13, 17, 19, 23, 29, 37, 41, 43, 47, 61, 67, 83, 97)
runtime=0.000191030s survivors=1       added=(13, 83, 103) k=16 subset=(3, 5, 7, 13, 17, 19, 23, 29, 37, 41, 43, 47, 61, 67, 83, 103)
runtime=0.000211470s survivors=1       added=(13, 83, 109) k=16 subset=(3, 5, 7, 13, 17, 19, 23, 29, 37, 41, 43, 47, 61, 67, 83, 109)
runtime=0.000177660s survivors=1       added=(13, 83, 113) k=16 subset=(3, 5, 7, 13, 17, 19, 23, 29, 37, 41, 43, 47, 61, 67, 83, 113)
runtime=0.000204150s survivors=1       added=(13, 83, 131) k=16 subset=(3, 5, 7, 13, 17, 19, 23, 29, 37, 41, 43, 47, 61, 67, 83, 131)
runtime=0.000185550s survivors=1       added=(13, 83, 137) k=16 subset=(3, 5, 7, 13, 17, 19, 23, 29, 37, 41, 43, 47, 61, 67, 83, 137)
runtime=0.000193900s survivors=1       added=(13, 83, 151) k=16 subset=(3, 5, 7, 13, 17, 19, 23, 29, 37, 41, 43, 47, 61, 67, 83, 151)
runtime=0.000187320s survivors=1       added=(13, 83, 157) k=16 subset=(3, 5, 7, 13, 17, 19, 23, 29, 37, 41, 43, 47, 61, 67, 83, 157)
runtime=0.000184170s survivors=1       added=(13, 83, 181) k=16 subset=(3, 5, 7, 13, 17, 19, 23, 29, 37, 41, 43, 47, 61, 67, 83, 181)

==============================================================================
ACTUAL RUNTIME RANKING
==============================================================================
 1. runtime=0.000176650s survivors=1       added=(11, 173, 191) k=16 subset=(3, 5, 7, 11, 17, 19, 23, 29, 37, 41, 43, 47, 61, 67, 173, 191)
 2. runtime=0.000177660s survivors=1       added=(13, 83, 113) k=16 subset=(3, 5, 7, 13, 17, 19, 23, 29, 37, 41, 43, 47, 61, 67, 83, 113)
 3. runtime=0.000178710s survivors=1       added=(11, 139, 173) k=16 subset=(3, 5, 7, 11, 17, 19, 23, 29, 37, 41, 43, 47, 61, 67, 139, 173)
 4. runtime=0.000179910s survivors=1       added=(11, 113, 191) k=16 subset=(3, 5, 7, 11, 17, 19, 23, 29, 37, 41, 43, 47, 61, 67, 113, 191)
 5. runtime=0.000180261s survivors=1       added=(11, 163, 191) k=16 subset=(3, 5, 7, 11, 17, 19, 23, 29, 37, 41, 43, 47, 61, 67, 163, 191)
 6. runtime=0.000182240s survivors=1       added=(11, 109, 191) k=16 subset=(3, 5, 7, 11, 17, 19, 23, 29, 37, 41, 43, 47, 61, 67, 109, 191)
 7. runtime=0.000182350s survivors=1       added=(11, 139, 191) k=16 subset=(3, 5, 7, 11, 17, 19, 23, 29, 37, 41, 43, 47, 61, 67, 139, 191)
 8. runtime=0.000182380s survivors=1       added=(11, 83, 191) k=16 subset=(3, 5, 7, 11, 17, 19, 23, 29, 37, 41, 43, 47, 61, 67, 83, 191)
 9. runtime=0.000183320s survivors=1       added=(13, 59, 113) k=16 subset=(3, 5, 7, 13, 17, 19, 23, 29, 37, 41, 43, 47, 59, 61, 67, 113)
10. runtime=0.000184170s survivors=1       added=(13, 83, 181) k=16 subset=(3, 5, 7, 13, 17, 19, 23, 29, 37, 41, 43, 47, 61, 67, 83, 181)
11. runtime=0.000184600s survivors=1       added=(11, 79, 191) k=16 subset=(3, 5, 7, 11, 17, 19, 23, 29, 37, 41, 43, 47, 61, 67, 79, 191)
12. runtime=0.000185110s survivors=1       added=(11, 167, 191) k=16 subset=(3, 5, 7, 11, 17, 19, 23, 29, 37, 41, 43, 47, 61, 67, 167, 191)
13. runtime=0.000185550s survivors=1       added=(13, 83, 137) k=16 subset=(3, 5, 7, 13, 17, 19, 23, 29, 37, 41, 43, 47, 61, 67, 83, 137)
14. runtime=0.000186560s survivors=1       added=(11, 139, 179) k=16 subset=(3, 5, 7, 11, 17, 19, 23, 29, 37, 41, 43, 47, 61, 67, 139, 179)
15. runtime=0.000187260s survivors=1       added=(11, 97, 167) k=16 subset=(3, 5, 7, 11, 17, 19, 23, 29, 37, 41, 43, 47, 61, 67, 97, 167)
16. runtime=0.000187320s survivors=1       added=(13, 83, 157) k=16 subset=(3, 5, 7, 13, 17, 19, 23, 29, 37, 41, 43, 47, 61, 67, 83, 157)
17. runtime=0.000187430s survivors=1       added=(13, 83, 97) k=16 subset=(3, 5, 7, 13, 17, 19, 23, 29, 37, 41, 43, 47, 61, 67, 83, 97)
18. runtime=0.000190480s survivors=1       added=(11, 107, 191) k=16 subset=(3, 5, 7, 11, 17, 19, 23, 29, 37, 41, 43, 47, 61, 67, 107, 191)
19. runtime=0.000190660s survivors=1       added=(11, 97, 139) k=16 subset=(3, 5, 7, 11, 17, 19, 23, 29, 37, 41, 43, 47, 61, 67, 97, 139)
20. runtime=0.000191030s survivors=1       added=(13, 83, 103) k=16 subset=(3, 5, 7, 13, 17, 19, 23, 29, 37, 41, 43, 47, 61, 67, 83, 103)

==============================================================================
FINAL WINNER CONFIRMATION
==============================================================================
Winner:
(3, 5, 7, 11, 17, 19, 23, 29, 37, 41, 43, 47, 61, 67, 173, 191)
size      = 16
survivors = 1
median    = 0.000194080s
mean      = 0.000199008s
min       = 0.000176890s
max       = 0.000255830s
factor    = (124517461, 144517463)
found x   = 134517462
true x    = 134517462
vs Exp205 = 546.238x

##############################################################################
# 60-BIT INSTANCE
##############################################################################

Building QR masks for primes <= 199
  prime=2   build=0.000364s
  prime=3   build=0.000370s
  prime=5   build=0.000311s
  prime=7   build=0.000271s
  prime=11  build=0.000335s
  prime=13  build=0.000273s
  prime=17  build=0.000303s
  prime=19  build=0.000302s
  prime=23  build=0.000294s
  prime=29  build=0.000298s
  prime=31  build=0.000278s
  prime=37  build=0.000299s
  prime=41  build=0.000297s
  prime=43  build=0.000302s
  prime=47  build=0.000312s
  prime=53  build=0.000285s
  prime=59  build=0.000304s
  prime=61  build=0.000286s
  prime=67  build=0.000317s
  prime=71  build=0.000314s
  prime=73  build=0.000288s
  prime=79  build=0.000329s
  prime=83  build=0.000294s
  prime=89  build=0.000320s
  prime=97  build=0.000331s
  prime=101 build=0.000300s
  prime=103 build=0.000317s
  prime=107 build=0.000302s
  prime=109 build=0.000341s
  prime=113 build=0.000327s
  prime=127 build=0.000313s
  prime=131 build=0.000354s
  prime=137 build=0.000333s
  prime=139 build=0.000311s
  prime=149 build=0.000388s
  prime=151 build=0.000348s
  prime=157 build=0.000466s
  prime=163 build=0.000366s
  prime=167 build=0.000448s
  prime=173 build=0.000399s
  prime=179 build=0.000409s
  prime=181 build=0.000374s
  prime=191 build=0.000405s
  prime=193 build=0.000573s
  prime=197 build=0.000504s
  prime=199 build=0.000441s

Representation = int

==============================================================================
BASE INSTANCE - 60 BIT
==============================================================================
Base subset:
(5, 7, 11, 13, 17, 19, 23, 41, 47, 53, 59, 73)
Base survivors = 8

Available additional primes:
(2, 3, 29, 31, 37, 43, 61, 67, 71, 79, 83, 89, 97, 101, 103, 107, 109, 113, 127, 131, 137, 139, 149, 151, 157, 163, 167, 173, 179, 181, 191, 193, 197, 199)

SEARCHING 1-PRIME EXTENSIONS (34 candidates)
  evaluated = 34
  time      = 0.000277s

SEARCHING 2-PRIME EXTENSIONS (561 candidates)
  evaluated = 561
  time      = 0.005028s

SEARCHING 3-PRIME EXTENSIONS (5984 candidates)
  evaluated = 5984
  time      = 0.062044s

==============================================================================
LOWEST-SURVIVOR EXTENSIONS
==============================================================================
 1. survivors=1       added=(31, 71) k=14 subset=(5, 7, 11, 13, 17, 19, 23, 31, 41, 47, 53, 59, 71, 73)
 2. survivors=1       added=(31, 89) k=14 subset=(5, 7, 11, 13, 17, 19, 23, 31, 41, 47, 53, 59, 73, 89)
 3. survivors=1       added=(31, 101) k=14 subset=(5, 7, 11, 13, 17, 19, 23, 31, 41, 47, 53, 59, 73, 101)
 4. survivors=1       added=(31, 107) k=14 subset=(5, 7, 11, 13, 17, 19, 23, 31, 41, 47, 53, 59, 73, 107)
 5. survivors=1       added=(31, 149) k=14 subset=(5, 7, 11, 13, 17, 19, 23, 31, 41, 47, 53, 59, 73, 149)
 6. survivors=1       added=(31, 157) k=14 subset=(5, 7, 11, 13, 17, 19, 23, 31, 41, 47, 53, 59, 73, 157)
 7. survivors=1       added=(31, 163) k=14 subset=(5, 7, 11, 13, 17, 19, 23, 31, 41, 47, 53, 59, 73, 163)
 8. survivors=1       added=(31, 179) k=14 subset=(5, 7, 11, 13, 17, 19, 23, 31, 41, 47, 53, 59, 73, 179)
 9. survivors=1       added=(31, 193) k=14 subset=(5, 7, 11, 13, 17, 19, 23, 31, 41, 47, 53, 59, 73, 193)
10. survivors=1       added=(31, 199) k=14 subset=(5, 7, 11, 13, 17, 19, 23, 31, 41, 47, 53, 59, 73, 199)
11. survivors=1       added=(37, 101) k=14 subset=(5, 7, 11, 13, 17, 19, 23, 37, 41, 47, 53, 59, 73, 101)
12. survivors=1       added=(37, 193) k=14 subset=(5, 7, 11, 13, 17, 19, 23, 37, 41, 47, 53, 59, 73, 193)
13. survivors=1       added=(43, 71) k=14 subset=(5, 7, 11, 13, 17, 19, 23, 41, 43, 47, 53, 59, 71, 73)
14. survivors=1       added=(67, 71) k=14 subset=(5, 7, 11, 13, 17, 19, 23, 41, 47, 53, 59, 67, 71, 73)
15. survivors=1       added=(67, 89) k=14 subset=(5, 7, 11, 13, 17, 19, 23, 41, 47, 53, 59, 67, 73, 89)
16. survivors=1       added=(67, 107) k=14 subset=(5, 7, 11, 13, 17, 19, 23, 41, 47, 53, 59, 67, 73, 107)
17. survivors=1       added=(67, 179) k=14 subset=(5, 7, 11, 13, 17, 19, 23, 41, 47, 53, 59, 67, 73, 179)
18. survivors=1       added=(71, 83) k=14 subset=(5, 7, 11, 13, 17, 19, 23, 41, 47, 53, 59, 71, 73, 83)
19. survivors=1       added=(71, 101) k=14 subset=(5, 7, 11, 13, 17, 19, 23, 41, 47, 53, 59, 71, 73, 101)
20. survivors=1       added=(71, 103) k=14 subset=(5, 7, 11, 13, 17, 19, 23, 41, 47, 53, 59, 71, 73, 103)
21. survivors=1       added=(71, 113) k=14 subset=(5, 7, 11, 13, 17, 19, 23, 41, 47, 53, 59, 71, 73, 113)
22. survivors=1       added=(71, 127) k=14 subset=(5, 7, 11, 13, 17, 19, 23, 41, 47, 53, 59, 71, 73, 127)
23. survivors=1       added=(71, 137) k=14 subset=(5, 7, 11, 13, 17, 19, 23, 41, 47, 53, 59, 71, 73, 137)
24. survivors=1       added=(71, 163) k=14 subset=(5, 7, 11, 13, 17, 19, 23, 41, 47, 53, 59, 71, 73, 163)
25. survivors=1       added=(71, 167) k=14 subset=(5, 7, 11, 13, 17, 19, 23, 41, 47, 53, 59, 71, 73, 167)
26. survivors=1       added=(71, 193) k=14 subset=(5, 7, 11, 13, 17, 19, 23, 41, 47, 53, 59, 71, 73, 193)
27. survivors=1       added=(71, 199) k=14 subset=(5, 7, 11, 13, 17, 19, 23, 41, 47, 53, 59, 71, 73, 199)
28. survivors=1       added=(79, 89) k=14 subset=(5, 7, 11, 13, 17, 19, 23, 41, 47, 53, 59, 73, 79, 89)
29. survivors=1       added=(79, 103) k=14 subset=(5, 7, 11, 13, 17, 19, 23, 41, 47, 53, 59, 73, 79, 103)
30. survivors=1       added=(79, 127) k=14 subset=(5, 7, 11, 13, 17, 19, 23, 41, 47, 53, 59, 73, 79, 127)

==============================================================================
END-TO-END BENCHMARK TOP 40
==============================================================================
runtime=0.000635470s survivors=1       added=(31, 71) k=14 subset=(5, 7, 11, 13, 17, 19, 23, 31, 41, 47, 53, 59, 71, 73)
runtime=0.000591690s survivors=1       added=(31, 89) k=14 subset=(5, 7, 11, 13, 17, 19, 23, 31, 41, 47, 53, 59, 73, 89)
runtime=0.000600071s survivors=1       added=(31, 101) k=14 subset=(5, 7, 11, 13, 17, 19, 23, 31, 41, 47, 53, 59, 73, 101)
runtime=0.000621430s survivors=1       added=(31, 107) k=14 subset=(5, 7, 11, 13, 17, 19, 23, 31, 41, 47, 53, 59, 73, 107)
runtime=0.000585320s survivors=1       added=(31, 149) k=14 subset=(5, 7, 11, 13, 17, 19, 23, 31, 41, 47, 53, 59, 73, 149)
runtime=0.000598170s survivors=1       added=(31, 157) k=14 subset=(5, 7, 11, 13, 17, 19, 23, 31, 41, 47, 53, 59, 73, 157)
runtime=0.000599420s survivors=1       added=(31, 163) k=14 subset=(5, 7, 11, 13, 17, 19, 23, 31, 41, 47, 53, 59, 73, 163)
runtime=0.000598651s survivors=1       added=(31, 179) k=14 subset=(5, 7, 11, 13, 17, 19, 23, 31, 41, 47, 53, 59, 73, 179)
runtime=0.000611811s survivors=1       added=(31, 193) k=14 subset=(5, 7, 11, 13, 17, 19, 23, 31, 41, 47, 53, 59, 73, 193)
runtime=0.000589610s survivors=1       added=(31, 199) k=14 subset=(5, 7, 11, 13, 17, 19, 23, 31, 41, 47, 53, 59, 73, 199)
runtime=0.000603610s survivors=1       added=(37, 101) k=14 subset=(5, 7, 11, 13, 17, 19, 23, 37, 41, 47, 53, 59, 73, 101)
runtime=0.000599240s survivors=1       added=(37, 193) k=14 subset=(5, 7, 11, 13, 17, 19, 23, 37, 41, 47, 53, 59, 73, 193)
runtime=0.000602850s survivors=1       added=(43, 71) k=14 subset=(5, 7, 11, 13, 17, 19, 23, 41, 43, 47, 53, 59, 71, 73)
runtime=0.000585870s survivors=1       added=(67, 71) k=14 subset=(5, 7, 11, 13, 17, 19, 23, 41, 47, 53, 59, 67, 71, 73)
runtime=0.000595711s survivors=1       added=(67, 89) k=14 subset=(5, 7, 11, 13, 17, 19, 23, 41, 47, 53, 59, 67, 73, 89)
runtime=0.000593890s survivors=1       added=(67, 107) k=14 subset=(5, 7, 11, 13, 17, 19, 23, 41, 47, 53, 59, 67, 73, 107)
runtime=0.000601111s survivors=1       added=(67, 179) k=14 subset=(5, 7, 11, 13, 17, 19, 23, 41, 47, 53, 59, 67, 73, 179)
runtime=0.000617781s survivors=1       added=(71, 83) k=14 subset=(5, 7, 11, 13, 17, 19, 23, 41, 47, 53, 59, 71, 73, 83)
runtime=0.000610950s survivors=1       added=(71, 101) k=14 subset=(5, 7, 11, 13, 17, 19, 23, 41, 47, 53, 59, 71, 73, 101)
runtime=0.000605391s survivors=1       added=(71, 103) k=14 subset=(5, 7, 11, 13, 17, 19, 23, 41, 47, 53, 59, 71, 73, 103)
runtime=0.000596911s survivors=1       added=(71, 113) k=14 subset=(5, 7, 11, 13, 17, 19, 23, 41, 47, 53, 59, 71, 73, 113)
runtime=0.000622521s survivors=1       added=(71, 127) k=14 subset=(5, 7, 11, 13, 17, 19, 23, 41, 47, 53, 59, 71, 73, 127)
runtime=0.000635180s survivors=1       added=(71, 137) k=14 subset=(5, 7, 11, 13, 17, 19, 23, 41, 47, 53, 59, 71, 73, 137)
runtime=0.000703780s survivors=1       added=(71, 163) k=14 subset=(5, 7, 11, 13, 17, 19, 23, 41, 47, 53, 59, 71, 73, 163)
runtime=0.000674430s survivors=1       added=(71, 167) k=14 subset=(5, 7, 11, 13, 17, 19, 23, 41, 47, 53, 59, 71, 73, 167)
runtime=0.000635160s survivors=1       added=(71, 193) k=14 subset=(5, 7, 11, 13, 17, 19, 23, 41, 47, 53, 59, 71, 73, 193)
runtime=0.000618240s survivors=1       added=(71, 199) k=14 subset=(5, 7, 11, 13, 17, 19, 23, 41, 47, 53, 59, 71, 73, 199)
runtime=0.000604530s survivors=1       added=(79, 89) k=14 subset=(5, 7, 11, 13, 17, 19, 23, 41, 47, 53, 59, 73, 79, 89)
runtime=0.000605650s survivors=1       added=(79, 103) k=14 subset=(5, 7, 11, 13, 17, 19, 23, 41, 47, 53, 59, 73, 79, 103)
runtime=0.000603671s survivors=1       added=(79, 127) k=14 subset=(5, 7, 11, 13, 17, 19, 23, 41, 47, 53, 59, 73, 79, 127)
runtime=0.000633098s survivors=1       added=(83, 89) k=14 subset=(5, 7, 11, 13, 17, 19, 23, 41, 47, 53, 59, 73, 83, 89)
runtime=0.000623348s survivors=1       added=(83, 107) k=14 subset=(5, 7, 11, 13, 17, 19, 23, 41, 47, 53, 59, 73, 83, 107)
runtime=0.000626870s survivors=1       added=(83, 113) k=14 subset=(5, 7, 11, 13, 17, 19, 23, 41, 47, 53, 59, 73, 83, 113)
runtime=0.000601430s survivors=1       added=(83, 179) k=14 subset=(5, 7, 11, 13, 17, 19, 23, 41, 47, 53, 59, 73, 83, 179)
runtime=0.000608310s survivors=1       added=(89, 97) k=14 subset=(5, 7, 11, 13, 17, 19, 23, 41, 47, 53, 59, 73, 89, 97)
runtime=0.000617680s survivors=1       added=(89, 101) k=14 subset=(5, 7, 11, 13, 17, 19, 23, 41, 47, 53, 59, 73, 89, 101)
runtime=0.000607241s survivors=1       added=(89, 103) k=14 subset=(5, 7, 11, 13, 17, 19, 23, 41, 47, 53, 59, 73, 89, 103)
runtime=0.000600770s survivors=1       added=(89, 113) k=14 subset=(5, 7, 11, 13, 17, 19, 23, 41, 47, 53, 59, 73, 89, 113)
runtime=0.000601220s survivors=1       added=(89, 137) k=14 subset=(5, 7, 11, 13, 17, 19, 23, 41, 47, 53, 59, 73, 89, 137)
runtime=0.000601180s survivors=1       added=(89, 179) k=14 subset=(5, 7, 11, 13, 17, 19, 23, 41, 47, 53, 59, 73, 89, 179)

==============================================================================
ACTUAL RUNTIME RANKING
==============================================================================
 1. runtime=0.000585320s survivors=1       added=(31, 149) k=14 subset=(5, 7, 11, 13, 17, 19, 23, 31, 41, 47, 53, 59, 73, 149)
 2. runtime=0.000585870s survivors=1       added=(67, 71) k=14 subset=(5, 7, 11, 13, 17, 19, 23, 41, 47, 53, 59, 67, 71, 73)
 3. runtime=0.000589610s survivors=1       added=(31, 199) k=14 subset=(5, 7, 11, 13, 17, 19, 23, 31, 41, 47, 53, 59, 73, 199)
 4. runtime=0.000591690s survivors=1       added=(31, 89) k=14 subset=(5, 7, 11, 13, 17, 19, 23, 31, 41, 47, 53, 59, 73, 89)
 5. runtime=0.000593890s survivors=1       added=(67, 107) k=14 subset=(5, 7, 11, 13, 17, 19, 23, 41, 47, 53, 59, 67, 73, 107)
 6. runtime=0.000595711s survivors=1       added=(67, 89) k=14 subset=(5, 7, 11, 13, 17, 19, 23, 41, 47, 53, 59, 67, 73, 89)
 7. runtime=0.000596911s survivors=1       added=(71, 113) k=14 subset=(5, 7, 11, 13, 17, 19, 23, 41, 47, 53, 59, 71, 73, 113)
 8. runtime=0.000598170s survivors=1       added=(31, 157) k=14 subset=(5, 7, 11, 13, 17, 19, 23, 31, 41, 47, 53, 59, 73, 157)
 9. runtime=0.000598651s survivors=1       added=(31, 179) k=14 subset=(5, 7, 11, 13, 17, 19, 23, 31, 41, 47, 53, 59, 73, 179)
10. runtime=0.000599240s survivors=1       added=(37, 193) k=14 subset=(5, 7, 11, 13, 17, 19, 23, 37, 41, 47, 53, 59, 73, 193)
11. runtime=0.000599420s survivors=1       added=(31, 163) k=14 subset=(5, 7, 11, 13, 17, 19, 23, 31, 41, 47, 53, 59, 73, 163)
12. runtime=0.000600071s survivors=1       added=(31, 101) k=14 subset=(5, 7, 11, 13, 17, 19, 23, 31, 41, 47, 53, 59, 73, 101)
13. runtime=0.000600770s survivors=1       added=(89, 113) k=14 subset=(5, 7, 11, 13, 17, 19, 23, 41, 47, 53, 59, 73, 89, 113)
14. runtime=0.000601111s survivors=1       added=(67, 179) k=14 subset=(5, 7, 11, 13, 17, 19, 23, 41, 47, 53, 59, 67, 73, 179)
15. runtime=0.000601180s survivors=1       added=(89, 179) k=14 subset=(5, 7, 11, 13, 17, 19, 23, 41, 47, 53, 59, 73, 89, 179)
16. runtime=0.000601220s survivors=1       added=(89, 137) k=14 subset=(5, 7, 11, 13, 17, 19, 23, 41, 47, 53, 59, 73, 89, 137)
17. runtime=0.000601430s survivors=1       added=(83, 179) k=14 subset=(5, 7, 11, 13, 17, 19, 23, 41, 47, 53, 59, 73, 83, 179)
18. runtime=0.000602850s survivors=1       added=(43, 71) k=14 subset=(5, 7, 11, 13, 17, 19, 23, 41, 43, 47, 53, 59, 71, 73)
19. runtime=0.000603610s survivors=1       added=(37, 101) k=14 subset=(5, 7, 11, 13, 17, 19, 23, 37, 41, 47, 53, 59, 73, 101)
20. runtime=0.000603671s survivors=1       added=(79, 127) k=14 subset=(5, 7, 11, 13, 17, 19, 23, 41, 47, 53, 59, 73, 79, 127)

==============================================================================
FINAL WINNER CONFIRMATION
==============================================================================
Winner:
(5, 7, 11, 13, 17, 19, 23, 31, 41, 47, 53, 59, 73, 149)
size      = 14
survivors = 1
median    = 0.000679926s
mean      = 0.000680493s
min       = 0.000583750s
max       = 0.000882461s
factor    = (1058841403, 1088841421)
found x   = 1073841412
true x    = 1073841412
vs Exp205 = 49.831x

##############################################################################
# 66-BIT INSTANCE
##############################################################################

Building QR masks for primes <= 199
  prime=2   build=0.000135s
  prime=3   build=0.000139s
  prime=5   build=0.000098s
  prime=7   build=0.000086s
  prime=11  build=0.000085s
  prime=13  build=0.000087s
  prime=17  build=0.000110s
  prime=19  build=0.000074s
  prime=23  build=0.000074s
  prime=29  build=0.000077s
  prime=31  build=0.000124s
  prime=37  build=0.000102s
  prime=41  build=0.000082s
  prime=43  build=0.000087s
  prime=47  build=0.000082s
  prime=53  build=0.000099s
  prime=59  build=0.000084s
  prime=61  build=0.000106s
  prime=67  build=0.000088s
  prime=71  build=0.000089s
  prime=73  build=0.000089s
  prime=79  build=0.000121s
  prime=83  build=0.000126s
  prime=89  build=0.000117s
  prime=97  build=0.000100s
  prime=101 build=0.000100s
  prime=103 build=0.000101s
  prime=107 build=0.000109s
  prime=109 build=0.000103s
  prime=113 build=0.000104s
  prime=127 build=0.000109s
  prime=131 build=0.000147s
  prime=137 build=0.000115s
  prime=139 build=0.000115s
  prime=149 build=0.000118s
  prime=151 build=0.000145s
  prime=157 build=0.000122s
  prime=163 build=0.000134s
  prime=167 build=0.000123s
  prime=173 build=0.000158s
  prime=179 build=0.000128s
  prime=181 build=0.000132s
  prime=191 build=0.000136s
  prime=193 build=0.000156s
  prime=197 build=0.000156s
  prime=199 build=0.000138s

Representation = int

==============================================================================
BASE INSTANCE - 66 BIT
==============================================================================
Base subset:
(3, 5, 11, 17, 19, 31, 41, 43, 53, 59, 61)
Base survivors = 1

Available additional primes:
(2, 7, 13, 23, 29, 37, 47, 67, 71, 73, 79, 83, 89, 97, 101, 103, 107, 109, 113, 127, 131, 137, 139, 149, 151, 157, 163, 167, 173, 179, 181, 191, 193, 197, 199)

SEARCHING 1-PRIME EXTENSIONS (35 candidates)
  evaluated = 35
  time      = 0.000126s

SEARCHING 2-PRIME EXTENSIONS (595 candidates)
  evaluated = 595
  time      = 0.001722s

SEARCHING 3-PRIME EXTENSIONS (6545 candidates)
  evaluated = 6545
  time      = 0.022135s

==============================================================================
LOWEST-SURVIVOR EXTENSIONS
==============================================================================
 1. survivors=1       added=(2,) k=12 subset=(2, 3, 5, 11, 17, 19, 31, 41, 43, 53, 59, 61)
 2. survivors=1       added=(7,) k=12 subset=(3, 5, 7, 11, 17, 19, 31, 41, 43, 53, 59, 61)
 3. survivors=1       added=(13,) k=12 subset=(3, 5, 11, 13, 17, 19, 31, 41, 43, 53, 59, 61)
 4. survivors=1       added=(23,) k=12 subset=(3, 5, 11, 17, 19, 23, 31, 41, 43, 53, 59, 61)
 5. survivors=1       added=(29,) k=12 subset=(3, 5, 11, 17, 19, 29, 31, 41, 43, 53, 59, 61)
 6. survivors=1       added=(37,) k=12 subset=(3, 5, 11, 17, 19, 31, 37, 41, 43, 53, 59, 61)
 7. survivors=1       added=(47,) k=12 subset=(3, 5, 11, 17, 19, 31, 41, 43, 47, 53, 59, 61)
 8. survivors=1       added=(67,) k=12 subset=(3, 5, 11, 17, 19, 31, 41, 43, 53, 59, 61, 67)
 9. survivors=1       added=(71,) k=12 subset=(3, 5, 11, 17, 19, 31, 41, 43, 53, 59, 61, 71)
10. survivors=1       added=(73,) k=12 subset=(3, 5, 11, 17, 19, 31, 41, 43, 53, 59, 61, 73)
11. survivors=1       added=(79,) k=12 subset=(3, 5, 11, 17, 19, 31, 41, 43, 53, 59, 61, 79)
12. survivors=1       added=(83,) k=12 subset=(3, 5, 11, 17, 19, 31, 41, 43, 53, 59, 61, 83)
13. survivors=1       added=(89,) k=12 subset=(3, 5, 11, 17, 19, 31, 41, 43, 53, 59, 61, 89)
14. survivors=1       added=(97,) k=12 subset=(3, 5, 11, 17, 19, 31, 41, 43, 53, 59, 61, 97)
15. survivors=1       added=(101,) k=12 subset=(3, 5, 11, 17, 19, 31, 41, 43, 53, 59, 61, 101)
16. survivors=1       added=(103,) k=12 subset=(3, 5, 11, 17, 19, 31, 41, 43, 53, 59, 61, 103)
17. survivors=1       added=(107,) k=12 subset=(3, 5, 11, 17, 19, 31, 41, 43, 53, 59, 61, 107)
18. survivors=1       added=(109,) k=12 subset=(3, 5, 11, 17, 19, 31, 41, 43, 53, 59, 61, 109)
19. survivors=1       added=(113,) k=12 subset=(3, 5, 11, 17, 19, 31, 41, 43, 53, 59, 61, 113)
20. survivors=1       added=(127,) k=12 subset=(3, 5, 11, 17, 19, 31, 41, 43, 53, 59, 61, 127)
21. survivors=1       added=(131,) k=12 subset=(3, 5, 11, 17, 19, 31, 41, 43, 53, 59, 61, 131)
22. survivors=1       added=(137,) k=12 subset=(3, 5, 11, 17, 19, 31, 41, 43, 53, 59, 61, 137)
23. survivors=1       added=(139,) k=12 subset=(3, 5, 11, 17, 19, 31, 41, 43, 53, 59, 61, 139)
24. survivors=1       added=(149,) k=12 subset=(3, 5, 11, 17, 19, 31, 41, 43, 53, 59, 61, 149)
25. survivors=1       added=(151,) k=12 subset=(3, 5, 11, 17, 19, 31, 41, 43, 53, 59, 61, 151)
26. survivors=1       added=(157,) k=12 subset=(3, 5, 11, 17, 19, 31, 41, 43, 53, 59, 61, 157)
27. survivors=1       added=(163,) k=12 subset=(3, 5, 11, 17, 19, 31, 41, 43, 53, 59, 61, 163)
28. survivors=1       added=(167,) k=12 subset=(3, 5, 11, 17, 19, 31, 41, 43, 53, 59, 61, 167)
29. survivors=1       added=(173,) k=12 subset=(3, 5, 11, 17, 19, 31, 41, 43, 53, 59, 61, 173)
30. survivors=1       added=(179,) k=12 subset=(3, 5, 11, 17, 19, 31, 41, 43, 53, 59, 61, 179)

==============================================================================
END-TO-END BENCHMARK TOP 40
==============================================================================
runtime=0.000164130s survivors=1       added=(2,) k=12 subset=(2, 3, 5, 11, 17, 19, 31, 41, 43, 53, 59, 61)
runtime=0.000136851s survivors=1       added=(7,) k=12 subset=(3, 5, 7, 11, 17, 19, 31, 41, 43, 53, 59, 61)
runtime=0.000133930s survivors=1       added=(13,) k=12 subset=(3, 5, 11, 13, 17, 19, 31, 41, 43, 53, 59, 61)
runtime=0.000136810s survivors=1       added=(23,) k=12 subset=(3, 5, 11, 17, 19, 23, 31, 41, 43, 53, 59, 61)
runtime=0.000132060s survivors=1       added=(29,) k=12 subset=(3, 5, 11, 17, 19, 29, 31, 41, 43, 53, 59, 61)
runtime=0.000136210s survivors=1       added=(37,) k=12 subset=(3, 5, 11, 17, 19, 31, 37, 41, 43, 53, 59, 61)
runtime=0.000137070s survivors=1       added=(47,) k=12 subset=(3, 5, 11, 17, 19, 31, 41, 43, 47, 53, 59, 61)
runtime=0.000138430s survivors=1       added=(67,) k=12 subset=(3, 5, 11, 17, 19, 31, 41, 43, 53, 59, 61, 67)
runtime=0.000134460s survivors=1       added=(71,) k=12 subset=(3, 5, 11, 17, 19, 31, 41, 43, 53, 59, 61, 71)
runtime=0.000132951s survivors=1       added=(73,) k=12 subset=(3, 5, 11, 17, 19, 31, 41, 43, 53, 59, 61, 73)
runtime=0.000144980s survivors=1       added=(79,) k=12 subset=(3, 5, 11, 17, 19, 31, 41, 43, 53, 59, 61, 79)
runtime=0.000135180s survivors=1       added=(83,) k=12 subset=(3, 5, 11, 17, 19, 31, 41, 43, 53, 59, 61, 83)
runtime=0.000131220s survivors=1       added=(89,) k=12 subset=(3, 5, 11, 17, 19, 31, 41, 43, 53, 59, 61, 89)
runtime=0.000147540s survivors=1       added=(97,) k=12 subset=(3, 5, 11, 17, 19, 31, 41, 43, 53, 59, 61, 97)
runtime=0.000134470s survivors=1       added=(101,) k=12 subset=(3, 5, 11, 17, 19, 31, 41, 43, 53, 59, 61, 101)
runtime=0.000137230s survivors=1       added=(103,) k=12 subset=(3, 5, 11, 17, 19, 31, 41, 43, 53, 59, 61, 103)
runtime=0.000138000s survivors=1       added=(107,) k=12 subset=(3, 5, 11, 17, 19, 31, 41, 43, 53, 59, 61, 107)
runtime=0.000133080s survivors=1       added=(109,) k=12 subset=(3, 5, 11, 17, 19, 31, 41, 43, 53, 59, 61, 109)
runtime=0.000133430s survivors=1       added=(113,) k=12 subset=(3, 5, 11, 17, 19, 31, 41, 43, 53, 59, 61, 113)
runtime=0.000155490s survivors=1       added=(127,) k=12 subset=(3, 5, 11, 17, 19, 31, 41, 43, 53, 59, 61, 127)
runtime=0.000141760s survivors=1       added=(131,) k=12 subset=(3, 5, 11, 17, 19, 31, 41, 43, 53, 59, 61, 131)
runtime=0.000132310s survivors=1       added=(137,) k=12 subset=(3, 5, 11, 17, 19, 31, 41, 43, 53, 59, 61, 137)
runtime=0.000130670s survivors=1       added=(139,) k=12 subset=(3, 5, 11, 17, 19, 31, 41, 43, 53, 59, 61, 139)
runtime=0.000142170s survivors=1       added=(149,) k=12 subset=(3, 5, 11, 17, 19, 31, 41, 43, 53, 59, 61, 149)
runtime=0.000138650s survivors=1       added=(151,) k=12 subset=(3, 5, 11, 17, 19, 31, 41, 43, 53, 59, 61, 151)
runtime=0.000135570s survivors=1       added=(157,) k=12 subset=(3, 5, 11, 17, 19, 31, 41, 43, 53, 59, 61, 157)
runtime=0.000148110s survivors=1       added=(163,) k=12 subset=(3, 5, 11, 17, 19, 31, 41, 43, 53, 59, 61, 163)
runtime=0.000132490s survivors=1       added=(167,) k=12 subset=(3, 5, 11, 17, 19, 31, 41, 43, 53, 59, 61, 167)
runtime=0.000134190s survivors=1       added=(173,) k=12 subset=(3, 5, 11, 17, 19, 31, 41, 43, 53, 59, 61, 173)
runtime=0.000130550s survivors=1       added=(179,) k=12 subset=(3, 5, 11, 17, 19, 31, 41, 43, 53, 59, 61, 179)
runtime=0.000138380s survivors=1       added=(181,) k=12 subset=(3, 5, 11, 17, 19, 31, 41, 43, 53, 59, 61, 181)
runtime=0.000152190s survivors=1       added=(191,) k=12 subset=(3, 5, 11, 17, 19, 31, 41, 43, 53, 59, 61, 191)
runtime=0.000134611s survivors=1       added=(193,) k=12 subset=(3, 5, 11, 17, 19, 31, 41, 43, 53, 59, 61, 193)
runtime=0.000149490s survivors=1       added=(197,) k=12 subset=(3, 5, 11, 17, 19, 31, 41, 43, 53, 59, 61, 197)
runtime=0.000133420s survivors=1       added=(199,) k=12 subset=(3, 5, 11, 17, 19, 31, 41, 43, 53, 59, 61, 199)
runtime=0.000137150s survivors=1       added=(2, 7) k=13 subset=(2, 3, 5, 7, 11, 17, 19, 31, 41, 43, 53, 59, 61)
runtime=0.000132650s survivors=1       added=(2, 13) k=13 subset=(2, 3, 5, 11, 13, 17, 19, 31, 41, 43, 53, 59, 61)
runtime=0.000133330s survivors=1       added=(2, 23) k=13 subset=(2, 3, 5, 11, 17, 19, 23, 31, 41, 43, 53, 59, 61)
runtime=0.000136710s survivors=1       added=(2, 29) k=13 subset=(2, 3, 5, 11, 17, 19, 29, 31, 41, 43, 53, 59, 61)
runtime=0.000134580s survivors=1       added=(2, 37) k=13 subset=(2, 3, 5, 11, 17, 19, 31, 37, 41, 43, 53, 59, 61)

==============================================================================
ACTUAL RUNTIME RANKING
==============================================================================
 1. runtime=0.000130550s survivors=1       added=(179,) k=12 subset=(3, 5, 11, 17, 19, 31, 41, 43, 53, 59, 61, 179)
 2. runtime=0.000130670s survivors=1       added=(139,) k=12 subset=(3, 5, 11, 17, 19, 31, 41, 43, 53, 59, 61, 139)
 3. runtime=0.000131220s survivors=1       added=(89,) k=12 subset=(3, 5, 11, 17, 19, 31, 41, 43, 53, 59, 61, 89)
 4. runtime=0.000132060s survivors=1       added=(29,) k=12 subset=(3, 5, 11, 17, 19, 29, 31, 41, 43, 53, 59, 61)
 5. runtime=0.000132310s survivors=1       added=(137,) k=12 subset=(3, 5, 11, 17, 19, 31, 41, 43, 53, 59, 61, 137)
 6. runtime=0.000132490s survivors=1       added=(167,) k=12 subset=(3, 5, 11, 17, 19, 31, 41, 43, 53, 59, 61, 167)
 7. runtime=0.000132650s survivors=1       added=(2, 13) k=13 subset=(2, 3, 5, 11, 13, 17, 19, 31, 41, 43, 53, 59, 61)
 8. runtime=0.000132951s survivors=1       added=(73,) k=12 subset=(3, 5, 11, 17, 19, 31, 41, 43, 53, 59, 61, 73)
 9. runtime=0.000133080s survivors=1       added=(109,) k=12 subset=(3, 5, 11, 17, 19, 31, 41, 43, 53, 59, 61, 109)
10. runtime=0.000133330s survivors=1       added=(2, 23) k=13 subset=(2, 3, 5, 11, 17, 19, 23, 31, 41, 43, 53, 59, 61)
11. runtime=0.000133420s survivors=1       added=(199,) k=12 subset=(3, 5, 11, 17, 19, 31, 41, 43, 53, 59, 61, 199)
12. runtime=0.000133430s survivors=1       added=(113,) k=12 subset=(3, 5, 11, 17, 19, 31, 41, 43, 53, 59, 61, 113)
13. runtime=0.000133930s survivors=1       added=(13,) k=12 subset=(3, 5, 11, 13, 17, 19, 31, 41, 43, 53, 59, 61)
14. runtime=0.000134190s survivors=1       added=(173,) k=12 subset=(3, 5, 11, 17, 19, 31, 41, 43, 53, 59, 61, 173)
15. runtime=0.000134460s survivors=1       added=(71,) k=12 subset=(3, 5, 11, 17, 19, 31, 41, 43, 53, 59, 61, 71)
16. runtime=0.000134470s survivors=1       added=(101,) k=12 subset=(3, 5, 11, 17, 19, 31, 41, 43, 53, 59, 61, 101)
17. runtime=0.000134580s survivors=1       added=(2, 37) k=13 subset=(2, 3, 5, 11, 17, 19, 31, 37, 41, 43, 53, 59, 61)
18. runtime=0.000134611s survivors=1       added=(193,) k=12 subset=(3, 5, 11, 17, 19, 31, 41, 43, 53, 59, 61, 193)
19. runtime=0.000135180s survivors=1       added=(83,) k=12 subset=(3, 5, 11, 17, 19, 31, 41, 43, 53, 59, 61, 83)
20. runtime=0.000135570s survivors=1       added=(157,) k=12 subset=(3, 5, 11, 17, 19, 31, 41, 43, 53, 59, 61, 157)

==============================================================================
FINAL WINNER CONFIRMATION
==============================================================================
Winner:
(3, 5, 11, 17, 19, 31, 41, 43, 53, 59, 61, 179)
size      = 12
survivors = 1
median    = 0.000134115s
mean      = 0.000138554s
min       = 0.000130560s
max       = 0.000164621s
factor    = (8569934017, 8609934041)
found x   = 8589934029
true x    = 8589934029
vs Exp205 = 56.182x

==============================================================================
EXP 214 SUMMARY
==============================================================================

48-BIT
  winner    = (7, 11, 17, 29, 31, 37, 41, 47, 53, 59, 71, 73, 97, 163, 193)
  size      = 15
  survivors = 68
  median    = 0.004373426s
  vs Exp205 = 282.000x
  factor    = (8390069, 33547589)
  x         = 20968829

54-BIT
  winner    = (3, 5, 7, 11, 17, 19, 23, 29, 37, 41, 43, 47, 61, 67, 173, 191)
  size      = 16
  survivors = 1
  median    = 0.000194080s
  vs Exp205 = 546.238x
  factor    = (124517461, 144517463)
  x         = 134517462

60-BIT
  winner    = (5, 7, 11, 13, 17, 19, 23, 31, 41, 47, 53, 59, 73, 149)
  size      = 14
  survivors = 1
  median    = 0.000679926s
  vs Exp205 = 49.831x
  factor    = (1058841403, 1088841421)
  x         = 1073841412

66-BIT
  winner    = (3, 5, 11, 17, 19, 31, 41, 43, 53, 59, 61, 179)
  size      = 12
  survivors = 1
  median    = 0.000134115s
  vs Exp205 = 56.182x
  factor    = (8569934017, 8609934041)
  x         = 8589934029

==============================================================================
FINISHED EXPERIMENT 214
==============================================================================
