START EXPERIMENT 423
PRIME_LIMIT=5000
K_LIMIT=2000
M_MAX=32
PRIME_COUNT=669

TOTAL_EXCURSIONS=103
PROJECTED_PALINDROMES=103
TOTAL_MIRRORED_PAIRS=165
K_STRICTLY_INCREASES=165
K_NOT_STRICTLY_INCREASES=0
T_STRICTLY_DECREASES=165
T_NOT_STRICTLY_DECREASES=0
K_INCREASE_T_DECREASE=165

SQRT_SIDE_CLASSIFICATION
LEFT_LOWER_RIGHT_UPPER=158
LEFT_LOWER_RIGHT_NOT_UPPER=7
LEFT_NOT_LOWER_RIGHT_UPPER=0
NEITHER_SQRT_SIDE=0
LEFT_STRICT_LOWER_RIGHT_STRICT_UPPER=158
LEFT_EQUAL_SQRT=0
RIGHT_EQUAL_SQRT=0

ARITHMETIC_RELATION
SAME_VALUE_PAIRS=109
DIFFERENCE_TWO_PAIRS=56
OTHER_VALUE_DIFFERENCE=0
SAME_VALUE_K_ORDER_OK=109
DIFFERENCE_TWO_K_ORDER_OK=56

DIVISOR_PRODUCT_CHECK
DIVISOR_PRODUCT_CONSISTENT=165
DIVISOR_PRODUCT_INCONSISTENT=0

K_GAP_HISTOGRAM
16 3
18 3
28 2
34 1
36 1
38 1
42 2
46 3
52 1
53 1
57 1
58 2
60 3
66 1
69 2
72 5
74 2
78 3
82 6
86 2
87 1
88 3
90 2
94 1
96 1
100 3
102 5
105 1
106 3
108 3
112 1
114 1
115 1
118 1
121 1
126 2
130 3
134 1
136 3
138 2
143 1
147 2
148 3
150 6
156 3
160 1
162 3
166 1
172 2
178 3
180 1
182 1
184 1
186 1
192 1
196 1
198 1
214 1
220 1
232 1
234 1
240 2
248 1
250 1
252 1
268 1
270 1
272 1
276 1
280 1
286 1
292 1
306 1
310 2
316 1
324 1
344 1
346 2
347 1
348 1
361 1
370 1
372 1
374 1
378 1
408 1
432 1
448 2
466 1
476 1
532 1
556 1
568 1
570 2
573 1
606 1
612 1
616 1
708 1
726 1
786 1

T_GAP_HISTOGRAM
34 1
36 1
38 1
42 2
46 1
53 1
57 1
58 1
69 2
72 4
74 2
78 1
86 2
87 1
90 3
96 2
105 1
106 2
108 1
110 1
118 2
121 1
126 1
132 1
134 1
147 1
150 1
154 1
156 1
159 1
162 1
168 3
180 1
184 2
186 1
189 1
196 1
214 1
220 1
224 1
234 1
252 1
274 1
276 1
278 1
297 1
300 1
312 1
324 1
330 1
344 1
347 1
361 1
370 1
486 1
552 1
573 1
598 1
648 1
698 1
722 1
782 1
816 1
840 1
866 1
902 1
986 1
1058 1
1080 1
1150 1
1186 1
1202 1
1226 1
1272 1
1296 1
1406 1
1426 1
1440 1
1476 1
1512 1
1536 1
1560 2
1584 1
1632 1
1658 1
1778 1
1800 1
1862 1
2078 1
2088 1
2114 1
2146 1
2210 1
2368 1
2378 1
2400 1
2450 2
2486 1
2626 1
2652 1
2688 2
2722 1
2752 1
2770 1
2784 1
2786 1
2798 1
3000 1
3060 1
3134 1
3180 1
3240 1
3242 1
3302 1
3348 1
3360 2
3408 1
3442 1
3456 1
3506 1
3530 2
3562 1
3586 1
3600 1
3602 1
3638 1
3672 1
3722 1
3744 1
3792 1
3900 1
3984 1
4248 1
4274 1
4320 1
4358 1
4370 1
4450 1
4500 1
4536 1
4560 1
4648 1
4718 1
4898 1
4930 1

FIRST_K_ORDER_FAILURE NONE

FIRST_T_ORDER_FAILURE NONE

FIRST_SQRT_SIDE_FAILURE NONE

FINISHED EXPERIMENT 423
