====================================================================================================
THREE-CLOSE-PRIME GAP EXPLOITATION / R - N DEFECT EXPERIMENT
====================================================================================================
M                         = 111,546,435
factor range             = 10,000 - 100,000
anchors                  = 300
modulus prime range      = 300 - 3,000
close ratio              = 20%
seed                     = 1,511,464,998

====================================================================================================
BUILDING PRIME POOLS
====================================================================================================
factor primes             = 8,363
modulus primes            = 368

====================================================================================================
SELECTING MAXIMUM-PRODUCT CLOSE TRIPLES
====================================================================================================
anchor  25/300
anchor  50/300
anchor  75/300
anchor 100/300
anchor 125/300
anchor 150/300
anchor 175/300
anchor 200/300
anchor 225/300
anchor 250/300
anchor 275/300
anchor 300/300

usable anchors = 300

====================================================================================================
GAP STATISTICS
====================================================================================================
mean gap             = 72,624.773
median gap           = 51,166
minimum gap          = 136
maximum gap          = 833,202

====================================================================================================
GAP RESIDUE STRUCTURE
====================================================================================================
unique gap residue vectors = 300
largest repeated vector   = 1

====================================================================================================
RUNNING GAP EXPLOITATION
====================================================================================================
anchor  25/300
anchor  50/300
anchor  75/300
anchor 100/300
anchor 125/300
anchor 150/300
anchor 175/300
anchor 200/300
anchor 225/300
anchor 250/300
anchor 275/300
anchor 300/300

====================================================================================================
GAP VS FACTOR RELATIONSHIPS
====================================================================================================
corr(gap, p+q)       = 0.168625
corr(gap, |p-q|)     = 0.005080
corr(gap, p)         = 0.152491
corr(gap, q)         = 0.142265

====================================================================================================
GAP -> FACTOR DIFFERENCE TEST
====================================================================================================
simple exact hits           = 0/300
low-scale d²≈k·gap hits     = 0/300

====================================================================================================
MODULUS-OFFSET STRUCTURE
====================================================================================================
unique offset signatures = 900
largest repeated offset signature = 1

====================================================================================================
GAP DIVISOR SEARCH
====================================================================================================
total gap divisors examined = 6,229
direct factor/divisor hits   = 0

====================================================================================================
SMALLEST GAP CASES
====================================================================================================
n=1,286,476,427 p=15,581 q=82,567 mods=(1019,1069,1181) R=1,286,476,291 gap=136 R/n=0.999999894285 |p-q|=66,986
n=7,296,742,127 p=78,101 q=93,427 mods=(1823,1873,2137) R=7,296,741,623 gap=504 R/n=0.999999930928 |p-q|=15,326
n=5,217,468,601 p=70,877 q=73,613 mods=(1663,1721,1823) R=5,217,467,929 gap=672 R/n=0.999999871202 |p-q|=2,736
n=1,180,665,221 p=21,503 q=54,907 mods=(1039,1063,1069) R=1,180,664,533 gap=688 R/n=0.999999417278 |p-q|=33,404
n=604,095,257 p=14,843 q=40,699 mods=(821,839,877) R=604,094,263 gap=994 R/n=0.999998354564 |p-q|=25,856
n=3,728,993,483 p=56,179 q=66,377 mods=(1511,1559,1583) R=3,728,992,367 gap=1,116 R/n=0.999999700724 |p-q|=10,198
n=194,241,613 p=10,799 q=17,987 mods=(541,569,631) R=194,240,099 gap=1,514 R/n=0.999992205584 |p-q|=7,188
n=1,170,570,949 p=20,327 q=57,587 mods=(1019,1051,1093) R=1,170,569,117 gap=1,832 R/n=0.999998434952 |p-q|=37,260
n=1,300,292,267 p=24,767 q=52,501 mods=(1063,1103,1109) R=1,300,290,301 gap=1,966 R/n=0.999998488032 |p-q|=27,734
n=4,637,687,843 p=58,789 q=78,887 mods=(1549,1621,1847) R=4,637,685,863 gap=1,980 R/n=0.999999573063 |p-q|=20,098
n=1,385,809,097 p=35,899 q=38,603 mods=(997,1171,1187) R=1,385,807,069 gap=2,028 R/n=0.999998536595 |p-q|=2,704
n=3,124,667,941 p=37,889 q=82,469 mods=(1367,1493,1531) R=3,124,665,361 gap=2,580 R/n=0.999999174312 |p-q|=44,580
n=868,116,377 p=26,591 q=32,647 mods=(881,967,1019) R=868,113,613 gap=2,764 R/n=0.999996816095 |p-q|=6,056
n=1,154,435,017 p=27,809 q=41,513 mods=(937,1103,1117) R=1,154,431,787 gap=3,230 R/n=0.999997202095 |p-q|=13,704
n=1,388,994,667 p=36,677 q=37,871 mods=(1033,1087,1237) R=1,388,991,427 gap=3,240 R/n=0.999997667378 |p-q|=1,194
n=3,382,883,509 p=43,271 q=78,179 mods=(1459,1493,1553) R=3,382,879,711 gap=3,798 R/n=0.999998877289 |p-q|=34,908
n=2,556,987,383 p=47,713 q=53,591 mods=(1223,1433,1459) R=2,556,983,581 gap=3,802 R/n=0.999998513094 |p-q|=5,878
n=3,783,511,621 p=55,721 q=67,901 mods=(1499,1559,1619) R=3,783,507,479 gap=4,142 R/n=0.999998905250 |p-q|=12,180
n=217,873,169 p=12,401 q=17,569 mods=(557,599,653) R=217,868,879 gap=4,290 R/n=0.999980309645 |p-q|=5,168
n=4,891,318,501 p=50,773 q=96,337 mods=(1567,1663,1877) R=4,891,313,717 gap=4,784 R/n=0.999999021941 |p-q|=45,564
n=1,702,650,823 p=17,093 q=99,611 mods=(1097,1193,1301) R=1,702,646,021 gap=4,802 R/n=0.999997179692 |p-q|=82,518
n=1,571,499,773 p=38,377 q=40,949 mods=(1109,1153,1229) R=1,571,494,033 gap=5,740 R/n=0.999996347438 |p-q|=2,572
n=469,098,139 p=10,007 q=46,877 mods=(743,769,821) R=469,092,307 gap=5,832 R/n=0.999987567633 |p-q|=36,870
n=4,304,971,393 p=51,869 q=82,997 mods=(1489,1627,1777) R=4,304,965,531 gap=5,862 R/n=0.999998638318 |p-q|=31,128
n=2,031,664,751 p=32,141 q=63,211 mods=(1153,1289,1367) R=2,031,658,639 gap=6,112 R/n=0.999996991630 |p-q|=31,070

====================================================================================================
SMALLEST GAP RESIDUE DETAILS
====================================================================================================
n=1,286,476,427 gap=136 mods=(1019, 1069, 1181) p_res=(296, 615, 228) q_res=(28, 254, 1078) gap_mods=(136, 136, 136) gap_gcds=(1, 1, 1)
n=7,296,742,127 gap=504 mods=(1823, 1873, 2137) p_res=(1535, 1308, 1169) q_res=(454, 1650, 1536) gap_mods=(504, 504, 504) gap_gcds=(1, 1, 1)
n=5,217,468,601 gap=672 mods=(1663, 1721, 1823) p_res=(1031, 316, 1603) q_res=(441, 1331, 693) gap_mods=(672, 672, 672) gap_gcds=(1, 1, 1)
n=1,180,665,221 gap=688 mods=(1039, 1063, 1069) p_res=(723, 243, 123) q_res=(879, 694, 388) gap_mods=(688, 688, 688) gap_gcds=(1, 1, 1)
n=604,095,257 gap=994 mods=(821, 839, 877) p_res=(65, 580, 811) q_res=(470, 427, 357) gap_mods=(173, 155, 117) gap_gcds=(1, 1, 1)
n=3,728,993,483 gap=1,116 mods=(1511, 1559, 1583) p_res=(272, 55, 774) q_res=(1404, 899, 1474) gap_mods=(1116, 1116, 1116) gap_gcds=(1, 1, 1)
n=194,241,613 gap=1,514 mods=(541, 569, 631) p_res=(520, 557, 72) q_res=(134, 348, 319) gap_mods=(432, 376, 252) gap_gcds=(1, 1, 1)
n=1,170,570,949 gap=1,832 mods=(1019, 1051, 1093) p_res=(966, 358, 653) q_res=(523, 833, 751) gap_mods=(813, 781, 739) gap_gcds=(1, 1, 1)
n=1,300,292,267 gap=1,966 mods=(1063, 1103, 1109) p_res=(318, 501, 369) q_res=(414, 660, 378) gap_mods=(903, 863, 857) gap_gcds=(1, 1, 1)
n=4,637,687,843 gap=1,980 mods=(1549, 1621, 1847) p_res=(1476, 433, 1532) q_res=(1437, 1079, 1313) gap_mods=(431, 359, 133) gap_gcds=(1, 1, 1)
n=1,385,809,097 gap=2,028 mods=(997, 1171, 1187) p_res=(7, 769, 289) q_res=(717, 1131, 619) gap_mods=(34, 857, 841) gap_gcds=(1, 1, 1)
n=3,124,667,941 gap=2,580 mods=(1367, 1493, 1531) p_res=(980, 564, 1145) q_res=(449, 354, 1326) gap_mods=(1213, 1087, 1049) gap_gcds=(1, 1, 1)
n=868,116,377 gap=2,764 mods=(881, 967, 1019) p_res=(161, 482, 97) q_res=(50, 736, 39) gap_mods=(121, 830, 726) gap_gcds=(1, 1, 1)
n=1,154,435,017 gap=3,230 mods=(937, 1103, 1117) p_res=(636, 234, 1001) q_res=(285, 702, 184) gap_mods=(419, 1024, 996) gap_gcds=(1, 1, 1)
n=1,388,994,667 gap=3,240 mods=(1033, 1087, 1237) p_res=(522, 806, 804) q_res=(683, 913, 761) gap_mods=(141, 1066, 766) gap_gcds=(1, 1, 1)

====================================================================================================
ANCHOR SUMMARY
====================================================================================================
 ID        p        q       GAP       R/n       |p-q|      p+r       q+r
----------------------------------------------------------------------------------------------------
  1   14,821   45,491    90,580 0.9998657    30,670    15,648    46,410
  2   92,987   97,673    29,904 0.9999967     4,686    94,938    99,910
  3   30,293   44,483   157,670 0.9998830    14,190    31,332    45,676
  4   67,819   83,417    12,736 0.9999977    15,598    69,542    85,290
  5   11,161   77,591    32,080 0.9999630    66,430    12,072    78,574
  6   61,583   92,893   119,718 0.9999791    31,310    63,306    94,800
  7   61,603   92,893    32,438 0.9999943    31,290    63,200    94,800
  8   70,607   95,773   186,400 0.9999724    25,166    72,390    97,800
  9   18,121   83,233     8,126 0.9999946    65,112    19,208    84,462
 10   51,853   70,459    64,130 0.9999824    18,606    53,286    72,086
 11   12,401   17,569     4,290 0.9999803     5,168    12,958    18,222
 12   59,219   89,527   120,796 0.9999772    30,308    60,820    91,416
 13   49,549   78,317    12,270 0.9999968    28,768    51,048    79,938
 14   46,831   55,901    82,434 0.9999685     9,070    48,090    57,352
 15   38,861   38,959    26,586 0.9999824        98    39,954    40,208
 16   25,057   98,479    58,736 0.9999762    73,422    26,274    99,918
 17   54,101   98,893     8,716 0.9999984    44,792    55,770   100,782
 18   13,451   81,649    40,320 0.9999633    68,198    14,434    82,712
 19   51,797   82,153    62,692 0.9999853    30,356    53,308    83,912
 20   13,913   26,393    49,178 0.9998661    12,480    14,604    27,132
 21   52,387   65,353    47,982 0.9999860    12,966    53,816    66,962
 22   32,141   63,211     6,112 0.9999970    31,070    33,294    64,578
 23   17,393   98,899    57,924 0.9999663    81,506    18,544   100,158
 24   67,493   69,911   128,102 0.9999729     2,418    69,106    71,670
 25   20,327   57,587     1,832 0.9999984    37,260    21,346    58,680
 26   75,553   83,443    35,796 0.9999943     7,890    77,306    85,460
 27   44,021   64,969    53,010 0.9999815    20,948    45,328    66,522
 28   49,139   63,617    73,476 0.9999765    14,478    50,506    65,224
 29   34,327   76,651   105,024 0.9999601    42,324    35,558    78,122
 30   11,897   33,049    16,680 0.9999576    21,152    12,570    33,846
 31   53,939   55,817   214,856 0.9999286     1,878    55,338    57,298
 32   84,299   99,347   139,694 0.9999833    15,048    86,172   101,586
 33   17,093   99,611     4,802 0.9999972    82,518    18,190   100,912
 34   25,747   39,227    14,502 0.9999856    13,480    26,688    40,266
 35   61,129   98,729    47,772 0.9999921    37,600    62,852   100,642
 36   46,103   60,271   109,084 0.9999607    14,168    47,382    61,760
 37   12,497   47,791   215,934 0.9996384    35,294    13,308    48,650
 38   69,911   95,239   140,412 0.9999789    25,328    71,608    97,250
 39   38,713   51,203    86,338 0.9999564    12,490    39,926    52,524
 40   14,821   32,411    25,080 0.9999478    17,590    15,548    33,240
 41   51,197   92,369   178,442 0.9999623    41,172    52,768    94,116
 42   42,227   43,411    52,684 0.9999713     1,184    43,380    44,778
 43   25,013   46,819    75,580 0.9999355    21,806    26,022    47,936
 44   36,677   37,871     3,240 0.9999977     1,194    37,710    39,108
 45   30,517   30,977    14,856 0.9999843       460    31,454    32,016
 46   16,607   65,843     9,878 0.9999910    49,236    17,548    66,930
 47   15,803   69,029     8,214 0.9999925    53,226    16,744    70,132
 48   16,619   86,311    82,750 0.9999423    69,692    17,658    87,498
 49   96,221   97,499    91,800 0.9999902     1,278    98,260    99,652
 50   22,171   89,513   117,456 0.9999408    67,342    23,358    90,880
 51   15,959   16,931    18,576 0.9999313       972    16,552    17,608
 52   23,549   55,163   129,168 0.9999006    31,614    24,580    56,364
 53   55,373   81,931    43,344 0.9999904    26,558    56,982    83,664
 54   14,867   99,349    59,440 0.9999598    84,482    15,898   100,562
 55   35,729   51,199    30,358 0.9999834    15,470    36,882    52,520
 56   55,291   66,383    12,130 0.9999967    11,092    56,700    68,004
 57   24,877   96,731   113,580 0.9999528    71,854    26,100    98,164
 58   22,567   31,277    20,436 0.9999710     8,710    23,378    32,224
 59   21,193   22,679    42,364 0.9999119     1,486    21,894    23,508
 60   79,111   93,553    55,872 0.9999925    14,442    80,922    95,696
 61   12,941   96,461    69,020 0.9999447    83,520    13,974    97,624
 62   29,567   47,123    50,120 0.9999640    17,556    30,606    48,286
 63   56,477   57,713    76,694 0.9999765     1,236    57,876    59,284
 64   46,441   91,753    37,590 0.9999912    45,312    47,900    93,474
 65   13,619   92,413    29,916 0.9999762    78,794    14,650    93,536
 66   57,329   97,373    16,478 0.9999970    40,044    58,992    99,262
 67   47,713   53,591     3,802 0.9999985     5,878    48,936    55,050
 68   35,423   83,227   129,180 0.9999562    47,804    36,730    84,750
 69   62,921   67,579    91,788 0.9999784     4,658    64,410    69,356
 70   56,671   95,483   174,174 0.9999678    38,812    58,370    97,306
 71   51,869   82,997     5,862 0.9999986    31,128    53,358    84,774
 72   62,971   82,009   246,440 0.9999523    19,038    64,580    83,898
 73   66,523   74,149   121,004 0.9999755     7,626    68,150    75,972
 74   17,477   48,649    52,146 0.9999387    31,172    18,384    49,658
 75   15,541   95,471   433,482 0.9997078    79,930    16,610    96,700
 76   54,083   79,039    26,988 0.9999937    24,956    55,626    80,816
 77   54,829   56,957    34,432 0.9999890     2,128    56,196    58,510
 78   19,603   96,517    78,822 0.9999583    76,914    20,726    97,824
 79   14,251   65,129    45,082 0.9999514    50,878    15,198    66,126
 80   10,799   17,987     1,514 0.9999922     7,188    11,340    18,618
 81   27,689   91,733   194,754 0.9999233    64,044    28,938    93,162
 82   33,191   35,027   107,436 0.9999076     1,836    34,182    36,156
 83   49,207   61,409   104,422 0.9999654    12,202    50,574    62,958
 84   56,179   66,377     1,116 0.9999997    10,198    57,690    67,960
 85   66,457   71,429    17,314 0.9999964     4,972    68,024    73,212
 86   38,821   46,807    20,738 0.9999886     7,986    39,974    48,128
 87   70,877   73,613       672 0.9999999     2,736    72,540    75,436
 88   29,663   77,477    79,532 0.9999654    47,814    30,952    78,858
 89   51,133   76,081    13,494 0.9999965    24,948    52,632    77,702
 90   10,223   55,339    71,884 0.9998729    45,116    10,992    56,246
 91   65,789   85,627   281,512 0.9999500    19,838    67,498    87,540
 92   35,597   48,353    54,324 0.9999684    12,756    36,748    49,630
 93   16,573   17,029    27,564 0.9999023       456    17,192    17,738
 94   48,527   84,443    29,510 0.9999928    35,916    50,008    86,152
 95   27,239   93,529    61,018 0.9999760    66,290    28,516    94,982
 96   11,149   62,053    10,988 0.9999841    50,904    11,978    63,020
 97   21,841   83,591    21,702 0.9999881    61,750    22,928    84,894
 98   10,687   79,319    30,360 0.9999642    68,632    11,574    80,368
 99   42,397   78,049   100,286 0.9999697    35,652    43,820    79,656
100   31,489   40,973    13,704 0.9999894     9,484    32,498    42,126
101   20,963   51,287    13,434 0.9999875    30,324    21,946    52,384
102   18,671   51,197    47,240 0.9999506    32,526    19,548    52,246
103   15,581   82,567       136 0.9999999    66,986    16,600    83,748
104   52,567   83,719    18,540 0.9999958    31,152    54,110    85,472
105   35,899   38,603     2,028 0.9999985     2,704    36,896    39,790
106   55,631   95,191    12,744 0.9999976    39,560    57,228    97,022
107   25,471   58,909     8,390 0.9999944    33,438    26,564    60,138
108   23,473   23,833   119,120 0.9997871       360    24,212    24,710
109   18,253   35,759    31,630 0.9999515    17,506    19,092    36,642
110   30,809   77,359    22,948 0.9999904    46,550    32,040    78,818
111   26,161   54,631    26,960 0.9999811    28,470    27,200    55,824
112   64,037   92,009   269,010 0.9999543    27,972    65,700    93,996
113   38,873   42,953    98,052 0.9999413     4,080    39,982    44,184
114   55,903   82,207    28,500 0.9999938    26,304    57,446    83,960
115   42,697   99,787   106,490 0.9999750    57,090    44,144   101,520
116   17,971   36,007    26,246 0.9999594    18,036    18,792    36,960
117   95,923   99,131    88,842 0.9999907     3,208    97,910   101,478
118   40,487   85,049     9,312 0.9999973    44,562    41,914    86,712
119   47,981   69,427   182,466 0.9999452    21,446    49,342    71,034
120   42,641   45,959    35,540 0.9999819     3,318    43,854    47,280
121   77,213   96,851    44,010 0.9999941    19,638    79,144    98,838
122   65,557   96,827    20,790 0.9999967    31,270    67,298    98,914
123   55,079   55,829    36,134 0.9999882       750    56,508    57,312
124   40,529   60,889    40,564 0.9999836    20,360    41,820    62,336
125   59,119   68,683    13,560 0.9999967     9,564    60,672    70,310
126   50,423   74,017    64,414 0.9999827    23,594    51,922    75,614
127   26,641   34,231   182,144 0.9998003     7,590    27,528    35,294
128   79,537   92,357    25,942 0.9999965    12,820    81,348    94,518
129   26,863   37,201   161,150 0.9998387    10,338    27,774    38,288
130   70,921   88,969    53,936 0.9999915    18,048    72,698    90,956
131   46,757   74,279    47,966 0.9999862    27,522    48,124    75,888
132   53,507   85,447   102,868 0.9999775    31,940    55,018    87,230
133   27,997   72,889    43,254 0.9999788    44,892    29,190    74,216
134   55,217   75,217    91,368 0.9999780    20,000    56,704    76,940
135   72,719   76,753   342,174 0.9999387     4,034    74,340    78,684
136   16,063   45,137    24,480 0.9999662    29,074    16,886    46,104
137   33,997   94,811    20,376 0.9999937    60,814    35,378    96,424
138   11,353   17,977   136,820 0.9993296     6,624    11,900    18,630
139   14,197   31,513    85,062 0.9998099    17,316    14,916    32,322
140   10,163   88,663    65,548 0.9999273    78,500    11,070    89,712
141   40,241   45,659   232,032 0.9998737     5,418    41,404    46,936
142   41,117   54,907    84,370 0.9999626    13,790    42,346    56,366
143   44,959   76,943     6,360 0.9999982    31,984    46,398    78,564
144   52,453   67,049    79,026 0.9999775    14,596    53,834    68,670
145   83,639   94,723   107,418 0.9999864    11,084    85,518    96,860
146   18,661   83,023    15,876 0.9999898    64,362    19,770    84,216
147   56,773   67,213    92,682 0.9999757    10,440    58,206    68,870
148   33,713   67,931    12,882 0.9999944    34,218    34,972    69,340
149   88,007   95,987    34,706 0.9999959     7,980    89,914    98,128
150   43,487   71,993    31,470 0.9999899    28,506    44,914    73,524
151   65,993   71,341    28,990 0.9999938     5,348    67,606    73,124
152   37,277   75,767    95,286 0.9999663    38,490    38,556    77,256
153   59,467   83,269   504,300 0.9998982    23,802    61,086    85,046
154   27,809   41,513     3,230 0.9999972    13,704    28,746    42,630
155   33,563   93,371    13,392 0.9999957    59,808    34,986    94,858
156   15,823   79,621    42,452 0.9999663    63,798    16,884    80,738
157   23,339   96,269    57,452 0.9999744    72,930    24,562    97,692
158   39,979   53,773   113,136 0.9999474    13,794    41,228    55,100
159   32,531   82,613    23,942 0.9999911    50,082    33,780    84,100
160   16,447   47,791    13,284 0.9999831    31,344    17,334    48,768
161   21,317   49,367     6,672 0.9999937    28,050    22,300    50,428
162   22,129   50,087   117,222 0.9998942    27,958    23,076    51,190
163   20,771   41,399   236,402 0.9997251    20,628    21,700    42,370
164   37,987   73,037    35,250 0.9999873    35,050    39,314    74,496
165   36,467   44,701    34,090 0.9999791     8,234    37,564    45,992
166   28,597   40,829    32,080 0.9999725    12,232    29,564    41,980
167   13,177   70,729    63,384 0.9999320    57,552    14,054    71,778
168   50,647   72,101    13,944 0.9999962    21,454    52,140    73,680
169   63,559   66,541    55,562 0.9999869     2,982    65,108    68,240
170   22,921   29,401    37,988 0.9999436     6,480    23,732    30,342
171   43,481   90,281    49,664 0.9999873    46,800    44,932    91,990
172   17,209   19,867    86,706 0.9997464     2,658    17,840    20,606
173   38,699   77,347    42,952 0.9999857    38,648    40,002    78,896
174   26,683   59,453   276,598 0.9998256    32,770    27,774    60,684
175   12,157   27,809    51,166 0.9998487    15,652    12,816    28,560
176   39,703   90,659    16,204 0.9999955    50,956    41,132    92,326
177   42,293   55,313    61,890 0.9999735    13,020    43,542    56,746
178   26,891   81,553    66,970 0.9999695    54,662    28,114    83,012
179   43,063   90,697    17,358 0.9999956    47,634    44,574    92,334
180   14,891   39,079    50,670 0.9999129    24,188    15,712    39,936
181   78,101   93,427       504 0.9999999    15,326    79,924    95,564
182   22,643   31,319    54,194 0.9999236     8,676    23,502    32,256
183   59,233   99,767    60,622 0.9999897    40,534    60,860   101,700
184   19,013   21,841    26,772 0.9999355     2,828    19,732    22,610
185   33,889   50,333   113,554 0.9999334    16,444    34,976    51,616
186   12,149   29,077     9,354 0.9999735    16,928    12,796    29,828
187   62,563   73,951   151,952 0.9999672    11,388    64,116    75,782
188   21,283   24,043    72,410 0.9998585     2,760    22,044    24,872
189   36,109   67,927   102,972 0.9999580    31,818    37,388    69,336
190   67,807   83,003   103,912 0.9999815    15,196    69,516    84,850
191   10,781   20,899    21,772 0.9999034    10,118    11,338    21,540
192   63,211   80,779    15,908 0.9999969    17,568    64,790    82,658
193   90,997   94,477    85,830 0.9999900     3,480    92,970    96,614
194   93,811   98,573   120,196 0.9999870     4,762    95,684   100,810
195   30,203   45,247    61,134 0.9999553    15,044    31,236    46,464
196   44,851   95,203    52,580 0.9999877    50,352    46,470    96,830
197   16,231   21,787   147,026 0.9995842     5,556    16,904    22,556
198   21,599   37,049    38,124 0.9999524    15,450    22,480    38,046
199   37,889   82,469     2,580 0.9999992    44,580    39,256    84,000
200   28,627   46,901    16,680 0.9999876    18,274    29,676    48,072
201   33,997   46,691    79,138 0.9999501    12,694    35,060    47,922
202   64,271   72,797    93,378 0.9999800     8,526    65,802    74,628
203   27,527   54,497    36,642 0.9999756    26,970    28,588    55,756
204   13,259   67,579   194,554 0.9997829    54,320    14,146    68,592
205   63,841   72,649   100,482 0.9999783     8,808    65,372    74,432
206   11,497   99,371   133,768 0.9998829    87,874    12,488   100,500
207   47,111   97,327    15,564 0.9999966    50,216    48,682    99,150
208   11,717   72,019    17,386 0.9999794    60,302    12,600    73,068
209   28,513   84,131    79,674 0.9999668    55,618    29,726    85,584
210   62,563   99,929    66,538 0.9999894    37,366    64,310   101,916
211   11,839   75,329    24,468 0.9999726    63,490    12,722    76,342
212   22,391   68,111    25,662 0.9999832    45,720    23,440    69,342
213   58,367   97,463     8,328 0.9999985    39,096    60,036    99,414
214   26,591   32,647     2,764 0.9999968     6,056    27,472    33,666
215   91,801   94,351   111,260 0.9999872     2,550    93,774    96,504
216   39,097   46,867    68,930 0.9999624     7,770    40,220    48,186
217   29,429   67,619    60,950 0.9999694    38,190    30,642    68,922
218   46,451   56,081    98,718 0.9999621     9,630    47,754    57,510
219   49,393   77,081   120,546 0.9999683    27,688    50,876    78,780
220   44,983   90,397    33,762 0.9999917    45,414    46,476    92,144
221   58,099   86,467   104,774 0.9999791    28,368    59,706    88,340
222   29,147   33,317    49,322 0.9999492     4,170    30,058    34,408
223   24,197   60,631    15,496 0.9999894    36,434    25,284    61,848
224   17,851   61,297     9,354 0.9999915    43,446    18,822    62,390
225   25,579   31,601    59,982 0.9999258     6,022    26,460    32,640
226   43,391   99,733    81,750 0.9999811    56,342    44,974   101,432
227   12,979   20,743    12,800 0.9999525     7,764    13,592    21,426
228   10,007   50,951    42,434 0.9999168    40,944    10,740    51,790
229   10,159   13,907    92,656 0.9993442     3,748    10,658    14,448
230   38,377   40,949     5,740 0.9999963     2,572    39,486    42,178
231   32,003   53,551   194,764 0.9998864    21,548    33,090    54,840
232   53,089   54,287    34,614 0.9999880     1,198    54,386    55,810
233   31,567   61,843    65,532 0.9999664    30,276    32,696    63,170
234   25,033   36,793    35,996 0.9999609    11,760    25,940    37,826
235   41,641   52,379   156,352 0.9999283    10,738    42,890    53,740
236   20,809   41,467   248,060 0.9997125    20,658    21,738    42,458
237   30,187   63,743    22,404 0.9999884    33,556    31,374    65,062
238   69,557   85,597    61,672 0.9999896    16,040    71,224    87,510
239   64,157   94,273   180,504 0.9999702    30,116    65,934    96,140
240   43,271   78,179     3,798 0.9999989    34,908    44,730    79,732
241   15,739   80,329    64,280 0.9999492    64,590    16,760    81,530
242   20,297   70,157   165,908 0.9998835    49,860    21,366    71,358
243   27,253   45,281    86,560 0.9999299    18,028    28,244    46,468
244   26,893   77,447    44,974 0.9999784    50,554    28,074    78,828
245   14,843   40,699       994 0.9999984    25,856    15,664    41,576
246   33,113   70,537    88,080 0.9999623    37,424    34,326    71,988
247   65,729   84,421   152,170 0.9999726    18,692    67,326    86,288
248   71,719   89,839    12,810 0.9999980    18,120    73,502    91,752
249   55,721   67,901     4,142 0.9999989    12,180    57,220    69,520
250   45,763   89,917   110,990 0.9999730    44,154    47,286    91,650
251   52,631   99,551    70,718 0.9999865    46,920    54,240   101,430
252   39,119   61,211    47,328 0.9999802    22,092    40,398    62,650
253   35,363   44,201    10,170 0.9999935     8,838    36,412    45,450
254   42,793   74,527    48,872 0.9999847    31,734    44,112    76,094
255   26,423   86,743   222,030 0.9999031    60,320    27,706    88,116
256   35,449   45,083    23,406 0.9999854     9,634    36,546    46,296
257   33,533   62,459    13,278 0.9999937    28,926    34,782    63,766
258   10,723   81,041   123,166 0.9998583    70,318    11,610    82,054
259   32,429   37,889    30,488 0.9999752     5,460    33,426    39,082
260   18,077   36,523    83,980 0.9998728    18,446    18,898    37,500
261   14,767   59,183    23,040 0.9999736    44,416    15,678    60,196
262   46,099   72,937   185,940 0.9999447    26,838    47,460    74,538
263   12,011   90,071    99,588 0.9999079    78,060    12,988    91,164
264   77,383   80,669   133,926 0.9999785     3,286    79,052    82,668
265   70,901   86,851    19,332 0.9999969    15,950    72,654    88,848
266   28,099   47,087    69,976 0.9999471    18,988    29,112    48,250
267   10,007   46,877     5,832 0.9999876    36,870    10,750    47,698
268   29,867   38,959    88,860 0.9999236     9,092    30,820    40,076
269   37,907   86,753    55,434 0.9999831    48,846    39,336    88,276
270   86,539   96,757    79,856 0.9999905    10,218    88,472    98,894
271   31,963   84,719   218,886 0.9999192    52,756    33,242    86,178
272   57,397   66,071     7,098 0.9999981     8,674    58,836    67,740
273   32,969   95,429    71,562 0.9999773    62,460    34,402    96,940
274   46,691   81,971   125,270 0.9999673    35,280    48,114    83,670
275   85,009   98,981   108,192 0.9999871    13,972    86,888   101,188
276   19,403   39,971    51,254 0.9999339    20,568    20,262    40,962
277   50,773   96,337     4,784 0.9999990    45,564    52,340    98,214
278   43,801   55,207    53,246 0.9999780    11,406    45,030    56,640
279   28,573   81,041    47,904 0.9999793    52,468    29,810    82,500
280   58,789   78,887     1,980 0.9999996    20,098    60,338    80,734
281   13,331   52,541    31,394 0.9999552    39,210    14,188    53,488
282   62,873   95,857   833,202 0.9998618    32,984    64,632    97,728
283   21,503   54,907       688 0.9999994    33,404    22,542    55,976
284   17,077   66,037    34,260 0.9999696    48,960    18,048    67,188
285   21,341   97,283    59,496 0.9999713    75,942    22,542    98,656
286   15,017   32,497    47,400 0.9999029    17,480    15,760    33,360
287   19,211   34,267    85,470 0.9998702    15,056    20,032    35,196
288   55,829   65,239    24,304 0.9999933     9,410    57,210    66,866
289   45,307   56,857   202,376 0.9999214    11,550    46,596    58,304
290   24,767   52,501     1,966 0.9999985    27,734    25,830    53,610
291   63,211   65,579   128,940 0.9999689     2,368    64,722    67,312
292   69,467   91,943    36,588 0.9999943    22,476    71,278    93,832
293   30,427   93,059    37,194 0.9999869    62,632    31,754    94,548
294   29,123   82,487   209,928 0.9999126    53,364    30,316    83,916
295   37,441   81,223   120,062 0.9999605    43,782    38,808    82,754
296   33,343   36,341   114,432 0.9999056     2,998    34,326    37,494
297   83,389   95,891   174,768 0.9999781    12,502    85,320    97,944
298   26,987   51,043    30,234 0.9999781    24,056    27,978    52,230
299   18,269   33,521    73,598 0.9998798    15,252    19,066    34,450
300   26,111   91,639    29,746 0.9999876    65,528    27,402    93,068

====================================================================================================
FINAL EXPLOITATION TEST
====================================================================================================

Known:

    n = R + g

Therefore:

    p*q = R + g

and hence:

    p*q - R = g

The experiment searched for direct arithmetic relationships between g and:

    p
    q
    p+q
    |p-q|
    p mod r_i
    q mod r_i
    quotient coordinates
    divisors of g

The decisive outcome is whether any of these quantities produces a substantially smaller search space than the 8,363-prime baseline.

====================================================================================================
MOST IMPORTANT ALGEBRAIC OBSERVATION
====================================================================================================

Because R < n:

    n mod R = n - R = g

But also:

    p*q mod R = g

So the entire factorization problem can be viewed as:

    find p,q in the factor interval such that

        p*q ≡ g (mod R)

    AND

        p*q = R+g

The next step is therefore NOT another generic fingerprint experiment. It is to investigate whether the congruence

    p*q ≡ g (mod r1*r2*r3)

can be decomposed into a smaller bilinear search using the fact that r1,r2,r3 are close and R is just below n.

====================================================================================================
TIMING
====================================================================================================
total runtime = 20.979 seconds

====================================================================================================
EXPERIMENT COMPLETE
====================================================================================================
