START EXPERIMENT 17

n	p	q	neighbor_x	neighbor_px	neighbor_qx	true_dp	true_dq	candidate_count	target_found	candidate_p_values
731	17	43	-98	3	211	-14	168	0	False	[]
731	17	43	-97	2	317	-15	274	0	False	[]
731	17	43	-96	5	127	-12	84	0	False	[]
731	17	43	-82	11	59	-6	16	1	True	[17]
731	17	43	-76	5	131	-12	88	0	False	[]
731	17	43	-69	2	331	-15	288	0	False	[]
731	17	43	-64	23	29	6	-14	1	True	[17]
731	17	43	-62	3	223	-14	180	0	False	[]
731	17	43	-60	11	61	-6	18	1	True	[17]
731	17	43	-57	2	337	-15	294	0	False	[]
731	17	43	-52	7	97	-10	54	1	True	[17]
731	17	43	-50	3	227	-14	184	0	False	[]
731	17	43	-46	5	137	-12	94	0	False	[]
731	17	43	-44	3	229	-14	186	0	False	[]
731	17	43	-42	13	53	-4	10	1	True	[17]
731	17	43	-37	2	347	-15	304	0	False	[]
731	17	43	-36	5	139	-12	96	0	False	[]
731	17	43	-34	17	41	0	-2	1	True	[17]
731	17	43	-33	2	349	-15	306	0	False	[]
731	17	43	-32	3	233	-14	190	0	False	[]
731	17	43	-28	19	37	2	-6	1	True	[17]
731	17	43	-25	2	353	-15	310	0	False	[]
731	17	43	-24	7	101	-10	58	1	True	[17]
731	17	43	-18	23	31	6	-12	1	True	[17]
731	17	43	-14	3	239	-14	196	0	False	[]
731	17	43	-13	2	359	-15	316	0	False	[]
731	17	43	-10	7	103	-10	60	1	True	[17]
731	17	43	-8	3	241	-14	198	0	False	[]
731	17	43	3	2	367	-15	324	0	False	[]
731	17	43	6	11	67	-6	24	1	True	[17]
731	17	43	14	5	149	-12	106	0	False	[]
731	17	43	15	2	373	-15	330	0	False	[]
731	17	43	18	7	107	-10	64	1	True	[17]
731	17	43	22	3	251	-14	208	0	False	[]
731	17	43	24	5	151	-12	108	0	False	[]
731	17	43	27	2	379	-15	336	0	False	[]
731	17	43	32	7	109	-10	66	1	True	[17]
731	17	43	35	2	383	-15	340	0	False	[]
731	17	43	36	13	59	-4	16	1	True	[17]
731	17	43	40	3	257	-14	214	0	False	[]
731	17	43	47	2	389	-15	346	0	False	[]
731	17	43	48	19	41	2	-2	1	True	[17]
731	17	43	50	11	71	-6	28	1	True	[17]
731	17	43	54	5	157	-12	114	0	False	[]
731	17	43	58	3	263	-14	220	0	False	[]
731	17	43	60	7	113	-10	70	1	True	[17]
731	17	43	62	13	61	-4	18	1	True	[17]
731	17	43	63	2	397	-15	354	0	False	[]
731	17	43	68	17	47	0	4	1	True	[17]
731	17	43	71	2	401	-15	358	0	False	[]
731	17	43	72	11	73	-6	30	1	True	[17]
731	17	43	76	3	269	-14	226	0	False	[]
731	17	43	82	3	271	-14	228	0	False	[]
731	17	43	84	5	163	-12	120	0	False	[]
731	17	43	86	19	43	2	0	1	True	[17]
731	17	43	87	2	409	-15	366	0	False	[]
731	17	43	100	3	277	-14	234	0	False	[]

SUMMARY n=731
  Best neighbor: x=-82, px=11, qx=59
  True displacement: dp=-6, dq=16
  Candidate count: 1
  Candidates: [(17, 43, 6)]
  Target found by some neighbor: True
893	19	47	-100	13	61	-6	14	1	True	[19]
893	19	47	-99	2	397	-17	350	0	False	[]
893	19	47	-94	17	47	-2	0	1	True	[19]
893	19	47	-91	2	401	-17	354	0	False	[]
893	19	47	-90	11	73	-8	26	1	True	[19]
893	19	47	-86	3	269	-16	222	0	False	[]
893	19	47	-80	3	271	-16	224	0	False	[]
893	19	47	-78	5	163	-14	116	0	False	[]
893	19	47	-76	19	43	0	-4	1	True	[19]
893	19	47	-75	2	409	-17	362	0	False	[]
893	19	47	-62	3	277	-16	230	0	False	[]
893	19	47	-58	5	167	-14	120	0	False	[]
893	19	47	-55	2	419	-17	372	0	False	[]
893	19	47	-52	29	29	10	-18	1	True	[19]
893	19	47	-51	2	421	-17	374	0	False	[]
893	19	47	-50	3	281	-16	234	0	False	[]
893	19	47	-44	3	283	-16	236	0	False	[]
893	19	47	-42	23	37	4	-10	1	True	[19]
893	19	47	-31	2	431	-17	384	0	False	[]
893	19	47	-28	5	173	-14	126	0	False	[]
893	19	47	-27	2	433	-17	386	0	False	[]
893	19	47	-24	11	79	-8	32	1	True	[19]
893	19	47	-22	13	67	-6	20	1	True	[19]
893	19	47	-15	2	439	-17	392	0	False	[]
893	19	47	-14	3	293	-16	246	0	False	[]
893	19	47	-7	2	443	-17	396	0	False	[]
893	19	47	-4	7	127	-12	80	0	False	[]
893	19	47	2	5	179	-14	132	0	False	[]
893	19	47	5	2	449	-17	402	0	False	[]
893	19	47	6	29	31	10	-16	1	True	[19]
893	19	47	8	17	53	-2	6	1	True	[19]
893	19	47	12	5	181	-14	134	0	False	[]
893	19	47	20	11	83	-8	36	1	True	[19]
893	19	47	21	2	457	-17	410	0	False	[]
893	19	47	24	7	131	-12	84	0	False	[]
893	19	47	28	3	307	-16	260	0	False	[]
893	19	47	29	2	461	-17	414	0	False	[]
893	19	47	30	13	71	-6	24	1	True	[19]
893	19	47	33	2	463	-17	416	0	False	[]
893	19	47	40	3	311	-16	264	0	False	[]
893	19	47	41	2	467	-17	420	0	False	[]
893	19	47	46	3	313	-16	266	0	False	[]
893	19	47	50	23	41	4	-6	1	True	[19]
893	19	47	56	13	73	-6	26	1	True	[19]
893	19	47	58	3	317	-16	270	0	False	[]
893	19	47	62	5	191	-14	144	0	False	[]
893	19	47	65	2	479	-17	432	0	False	[]
893	19	47	66	7	137	-12	90	0	False	[]
893	19	47	68	31	31	12	-16	0	False	[]
893	19	47	72	5	193	-14	146	0	False	[]
893	19	47	80	7	139	-12	92	0	False	[]
893	19	47	81	2	487	-17	440	0	False	[]
893	19	47	86	11	89	-8	42	1	True	[19]
893	19	47	89	2	491	-17	444	0	False	[]
893	19	47	92	5	197	-14	150	0	False	[]
893	19	47	96	23	43	4	-4	1	True	[19]
893	19	47	100	3	331	-16	284	0	False	[]

SUMMARY n=893
  Best neighbor: x=-100, px=13, qx=61
  True displacement: dp=-6, dq=14
  Candidate count: 1
  Candidates: [(19, 47, 6)]
  Target found by some neighbor: True
1219	23	53	-100	3	373	-20	320	0	False	[]
1219	23	53	-98	19	59	-4	6	1	True	[23]
1219	23	53	-93	2	563	-21	510	0	False	[]
1219	23	53	-86	11	103	-12	50	0	False	[]
1219	23	53	-84	5	227	-18	174	0	False	[]
1219	23	53	-82	3	379	-20	326	0	False	[]
1219	23	53	-81	2	569	-21	516	0	False	[]
1219	23	53	-80	17	67	-6	14	1	True	[23]
1219	23	53	-78	7	163	-16	110	0	False	[]
1219	23	53	-77	2	571	-21	518	0	False	[]
1219	23	53	-74	5	229	-18	176	0	False	[]
1219	23	53	-72	31	37	8	-16	1	True	[23]
1219	23	53	-70	3	383	-20	330	0	False	[]
1219	23	53	-65	2	577	-21	524	0	False	[]
1219	23	53	-62	13	89	-10	36	1	True	[23]
1219	23	53	-60	19	61	-4	8	1	True	[23]
1219	23	53	-54	5	233	-18	180	0	False	[]
1219	23	53	-52	3	389	-20	336	0	False	[]
1219	23	53	-50	7	167	-16	114	0	False	[]
1219	23	53	-45	2	587	-21	534	0	False	[]
1219	23	53	-42	11	107	-12	54	0	False	[]
1219	23	53	-33	2	593	-21	540	0	False	[]
1219	23	53	-30	29	41	6	-12	1	True	[23]
1219	23	53	-28	3	397	-20	344	0	False	[]
1219	23	53	-24	5	239	-18	186	0	False	[]
1219	23	53	-21	2	599	-21	546	0	False	[]
1219	23	53	-20	11	109	-12	56	0	False	[]
1219	23	53	-17	2	601	-21	548	0	False	[]
1219	23	53	-16	3	401	-20	348	0	False	[]
1219	23	53	-14	5	241	-18	188	0	False	[]
1219	23	53	-12	17	71	-6	18	1	True	[23]
1219	23	53	-8	7	173	-16	120	0	False	[]
1219	23	53	-5	2	607	-21	554	0	False	[]
1219	23	53	7	2	613	-21	560	0	False	[]
1219	23	53	8	3	409	-20	356	0	False	[]
1219	23	53	15	2	617	-21	564	0	False	[]
1219	23	53	19	2	619	-21	566	0	False	[]
1219	23	53	22	17	73	-6	20	1	True	[23]
1219	23	53	24	11	113	-12	60	0	False	[]
1219	23	53	28	29	43	6	-10	1	True	[23]
1219	23	53	34	7	179	-16	126	0	False	[]
1219	23	53	36	5	251	-18	198	0	False	[]
1219	23	53	38	3	419	-20	366	0	False	[]
1219	23	53	42	13	97	-10	44	1	True	[23]
1219	23	53	43	2	631	-21	578	0	False	[]
1219	23	53	44	3	421	-20	368	0	False	[]
1219	23	53	48	7	181	-16	128	0	False	[]
1219	23	53	52	31	41	8	-12	1	True	[23]
1219	23	53	54	19	67	-4	14	1	True	[23]
1219	23	53	63	2	641	-21	588	0	False	[]
1219	23	53	66	5	257	-18	204	0	False	[]
1219	23	53	67	2	643	-21	590	0	False	[]
1219	23	53	74	3	431	-20	378	0	False	[]
1219	23	53	75	2	647	-21	594	0	False	[]
1219	23	53	80	3	433	-20	380	0	False	[]
1219	23	53	87	2	653	-21	600	0	False	[]
1219	23	53	94	13	101	-10	48	1	True	[23]
1219	23	53	96	5	263	-18	210	0	False	[]
1219	23	53	98	3	439	-20	386	0	False	[]
1219	23	53	99	2	659	-21	606	0	False	[]

SUMMARY n=1219
  Best neighbor: x=-98, px=19, qx=59
  True displacement: dp=-4, dq=6
  Candidate count: 1
  Candidates: [(23, 53, 4)]
  Target found by some neighbor: True
1711	29	59	-93	2	809	-27	750	0	False	[]
1711	29	59	-89	2	811	-27	752	0	False	[]
1711	29	59	-88	3	541	-26	482	0	False	[]
1711	29	59	-80	7	233	-22	174	0	False	[]
1711	29	59	-78	23	71	-6	12	1	True	[29]
1711	29	59	-72	11	149	-18	90	0	False	[]
1711	29	59	-70	3	547	-26	488	0	False	[]
1711	29	59	-69	2	821	-27	762	0	False	[]
1711	29	59	-68	31	53	2	-6	1	True	[29]
1711	29	59	-65	2	823	-27	764	0	False	[]
1711	29	59	-62	17	97	-12	38	0	False	[]
1711	29	59	-60	13	127	-16	68	0	False	[]
1711	29	59	-57	2	827	-27	768	0	False	[]
1711	29	59	-56	5	331	-24	272	0	False	[]
1711	29	59	-53	2	829	-27	770	0	False	[]
1711	29	59	-50	11	151	-18	92	0	False	[]
1711	29	59	-40	3	557	-26	498	0	False	[]
1711	29	59	-38	7	239	-22	180	0	False	[]
1711	29	59	-33	2	839	-27	780	0	False	[]
1711	29	59	-32	23	73	-6	14	1	True	[29]
1711	29	59	-30	41	41	12	-18	0	False	[]
1711	29	59	-26	5	337	-24	278	0	False	[]
1711	29	59	-24	7	241	-22	182	0	False	[]
1711	29	59	-22	3	563	-26	504	0	False	[]
1711	29	59	-20	19	89	-10	30	1	True	[29]
1711	29	59	-8	13	131	-16	72	0	False	[]
1711	29	59	-5	2	853	-27	794	0	False	[]
1711	29	59	-4	3	569	-26	510	0	False	[]
1711	29	59	2	3	571	-26	512	0	False	[]
1711	29	59	3	2	857	-27	798	0	False	[]
1711	29	59	6	17	101	-12	42	0	False	[]
1711	29	59	7	2	859	-27	800	0	False	[]
1711	29	59	15	2	863	-27	804	0	False	[]
1711	29	59	16	11	157	-18	98	0	False	[]
1711	29	59	20	3	577	-26	518	0	False	[]
1711	29	59	24	5	347	-24	288	0	False	[]
1711	29	59	28	37	47	8	-12	1	True	[29]
1711	29	59	34	5	349	-24	290	0	False	[]
1711	29	59	40	17	103	-12	44	0	False	[]
1711	29	59	43	2	877	-27	818	0	False	[]
1711	29	59	46	7	251	-22	192	0	False	[]
1711	29	59	50	3	587	-26	528	0	False	[]
1711	29	59	51	2	881	-27	822	0	False	[]
1711	29	59	52	41	43	12	-16	0	False	[]
1711	29	59	54	5	353	-24	294	0	False	[]
1711	29	59	55	2	883	-27	824	0	False	[]
1711	29	59	58	29	61	0	2	1	True	[29]
1711	29	59	63	2	887	-27	828	0	False	[]
1711	29	59	68	3	593	-26	534	0	False	[]
1711	29	59	70	13	137	-16	78	0	False	[]
1711	29	59	82	11	163	-18	104	0	False	[]
1711	29	59	84	5	359	-24	300	0	False	[]
1711	29	59	86	3	599	-26	540	0	False	[]
1711	29	59	88	7	257	-22	198	0	False	[]
1711	29	59	92	3	601	-26	542	0	False	[]
1711	29	59	96	13	139	-16	80	0	False	[]

SUMMARY n=1711
  Best neighbor: x=-78, px=23, qx=71
  True displacement: dp=-6, dq=12
  Candidate count: 1
  Candidates: [(29, 59, 6)]
  Target found by some neighbor: True
2077	31	67	-100	3	659	-28	592	0	False	[]
2077	31	67	-96	7	283	-24	216	0	False	[]
2077	31	67	-95	2	991	-29	924	0	False	[]
2077	31	67	-94	3	661	-28	594	0	False	[]
2077	31	67	-92	5	397	-26	330	0	False	[]
2077	31	67	-86	11	181	-20	114	0	False	[]
2077	31	67	-83	2	997	-29	930	0	False	[]
2077	31	67	-72	5	401	-26	334	0	False	[]
2077	31	67	-59	2	1009	-29	942	0	False	[]
2077	31	67	-58	3	673	-28	606	0	False	[]
2077	31	67	-56	43	47	12	-20	0	False	[]
2077	31	67	-51	2	1013	-29	946	0	False	[]
2077	31	67	-46	3	677	-28	610	0	False	[]
2077	31	67	-44	19	107	-12	40	0	False	[]
2077	31	67	-39	2	1019	-29	952	0	False	[]
2077	31	67	-36	13	157	-18	90	0	False	[]
2077	31	67	-35	2	1021	-29	954	0	False	[]
2077	31	67	-32	5	409	-26	342	0	False	[]
2077	31	67	-30	23	89	-8	22	1	True	[31]
2077	31	67	-28	3	683	-28	616	0	False	[]
2077	31	67	-26	7	293	-24	226	0	False	[]
2077	31	67	-18	29	71	-2	4	1	True	[31]
2077	31	67	-15	2	1031	-29	964	0	False	[]
2077	31	67	-11	2	1033	-29	966	0	False	[]
2077	31	67	-6	19	109	-12	42	0	False	[]
2077	31	67	-4	3	691	-28	624	0	False	[]
2077	31	67	1	2	1039	-29	972	0	False	[]
2077	31	67	18	5	419	-26	352	0	False	[]
2077	31	67	21	2	1049	-29	982	0	False	[]
2077	31	67	24	11	191	-20	124	0	False	[]
2077	31	67	25	2	1051	-29	984	0	False	[]
2077	31	67	26	3	701	-28	634	0	False	[]
2077	31	67	28	5	421	-26	354	0	False	[]
2077	31	67	40	29	73	-2	6	1	True	[31]
2077	31	67	42	13	163	-18	96	0	False	[]
2077	31	67	45	2	1061	-29	994	0	False	[]
2077	31	67	46	11	193	-20	126	0	False	[]
2077	31	67	49	2	1063	-29	996	0	False	[]
2077	31	67	50	3	709	-28	642	0	False	[]
2077	31	67	61	2	1069	-29	1002	0	False	[]
2077	31	67	70	19	113	-12	46	0	False	[]
2077	31	67	72	7	307	-24	240	0	False	[]
2077	31	67	78	5	431	-26	364	0	False	[]
2077	31	67	80	3	719	-28	652	0	False	[]
2077	31	67	82	17	127	-14	60	0	False	[]
2077	31	67	88	5	433	-26	366	0	False	[]
2077	31	67	90	11	197	-20	130	0	False	[]
2077	31	67	94	13	167	-18	100	0	False	[]
2077	31	67	96	41	53	10	-14	1	True	[31]
2077	31	67	97	2	1087	-29	1020	0	False	[]
2077	31	67	100	7	311	-24	244	0	False	[]

SUMMARY n=2077
  Best neighbor: x=-30, px=23, qx=89
  True displacement: dp=-8, dq=22
  Candidate count: 1
  Candidates: [(31, 67, 8)]
  Target found by some neighbor: True
2627	37	71	-94	17	149	-20	78	0	False	[]
2627	37	71	-90	43	59	6	-12	1	True	[37]
2627	37	71	-82	5	509	-32	438	0	False	[]
2627	37	71	-73	2	1277	-35	1206	0	False	[]
2627	37	71	-69	2	1279	-35	1208	0	False	[]
2627	37	71	-68	3	853	-34	782	0	False	[]
2627	37	71	-66	13	197	-24	126	0	False	[]
2627	37	71	-64	11	233	-26	162	0	False	[]
2627	37	71	-61	2	1283	-35	1212	0	False	[]
2627	37	71	-60	17	151	-20	80	0	False	[]
2627	37	71	-58	7	367	-30	296	0	False	[]
2627	37	71	-56	3	857	-34	786	0	False	[]
2627	37	71	-54	31	83	-6	12	1	True	[37]
2627	37	71	-50	3	859	-34	788	0	False	[]
2627	37	71	-49	2	1289	-35	1218	0	False	[]
2627	37	71	-46	29	89	-8	18	1	True	[37]
2627	37	71	-45	2	1291	-35	1220	0	False	[]
2627	37	71	-40	13	199	-24	128	0	False	[]
2627	37	71	-38	3	863	-34	792	0	False	[]
2627	37	71	-33	2	1297	-35	1226	0	False	[]
2627	37	71	-28	23	113	-14	42	0	False	[]
2627	37	71	-25	2	1301	-35	1230	0	False	[]
2627	37	71	-24	19	137	-18	66	0	False	[]
2627	37	71	-22	5	521	-32	450	0	False	[]
2627	37	71	-21	2	1303	-35	1232	0	False	[]
2627	37	71	-16	7	373	-30	302	0	False	[]
2627	37	71	-13	2	1307	-35	1236	0	False	[]
2627	37	71	-12	5	523	-32	452	0	False	[]
2627	37	71	-4	43	61	6	-10	1	True	[37]
2627	37	71	2	11	239	-26	168	0	False	[]
2627	37	71	4	3	877	-34	806	0	False	[]
2627	37	71	11	2	1319	-35	1248	0	False	[]
2627	37	71	14	19	139	-18	68	0	False	[]
2627	37	71	15	2	1321	-35	1250	0	False	[]
2627	37	71	16	3	881	-34	810	0	False	[]
2627	37	71	22	3	883	-34	812	0	False	[]
2627	37	71	24	11	241	-26	170	0	False	[]
2627	37	71	26	7	379	-30	308	0	False	[]
2627	37	71	27	2	1327	-35	1256	0	False	[]
2627	37	71	34	3	887	-34	816	0	False	[]
2627	37	71	42	17	157	-20	86	0	False	[]
2627	37	71	54	7	383	-30	312	0	False	[]
2627	37	71	74	37	73	0	2	1	True	[37]
2627	37	71	78	5	541	-32	470	0	False	[]
2627	37	71	94	3	907	-34	836	0	False	[]
2627	37	71	95	2	1361	-35	1290	0	False	[]
2627	37	71	96	7	389	-30	318	0	False	[]

SUMMARY n=2627
  Best neighbor: x=-90, px=43, qx=59
  True displacement: dp=6, dq=-12
  Candidate count: 1
  Candidates: [(37, 71, -6)]
  Target found by some neighbor: True
2993	41	73	-100	11	263	-30	190	0	False	[]
2993	41	73	-99	2	1447	-39	1374	0	False	[]
2993	41	73	-94	13	223	-28	150	0	False	[]
2993	41	73	-92	3	967	-38	894	0	False	[]
2993	41	73	-91	2	1451	-39	1378	0	False	[]
2993	41	73	-87	2	1453	-39	1380	0	False	[]
2993	41	73	-82	41	71	0	-2	1	True	[41]
2993	41	73	-80	3	971	-38	898	0	False	[]
2993	41	73	-75	2	1459	-39	1386	0	False	[]
2993	41	73	-72	23	127	-18	54	0	False	[]
2993	41	73	-70	37	79	-4	6	1	True	[41]
2993	41	73	-64	29	101	-12	28	0	False	[]
2993	41	73	-62	3	977	-38	904	0	False	[]
2993	41	73	-60	7	419	-34	346	0	False	[]
2993	41	73	-58	5	587	-36	514	0	False	[]
2993	41	73	-52	17	173	-24	100	0	False	[]
2993	41	73	-51	2	1471	-39	1398	0	False	[]
2993	41	73	-46	7	421	-34	348	0	False	[]
2993	41	73	-44	3	983	-38	910	0	False	[]
2993	41	73	-42	13	227	-28	154	0	False	[]
2993	41	73	-34	11	269	-30	196	0	False	[]
2993	41	73	-31	2	1481	-39	1408	0	False	[]
2993	41	73	-28	5	593	-36	520	0	False	[]
2993	41	73	-27	2	1483	-39	1410	0	False	[]
2993	41	73	-20	3	991	-38	918	0	False	[]
2993	41	73	-19	2	1487	-39	1414	0	False	[]
2993	41	73	-16	13	229	-28	156	0	False	[]
2993	41	73	-15	2	1489	-39	1416	0	False	[]
2993	41	73	-12	11	271	-30	198	0	False	[]
2993	41	73	-10	19	157	-22	84	0	False	[]
2993	41	73	-7	2	1493	-39	1420	0	False	[]
2993	41	73	-6	29	103	-12	30	0	False	[]
2993	41	73	-2	3	997	-38	924	0	False	[]
2993	41	73	2	5	599	-36	526	0	False	[]
2993	41	73	5	2	1499	-39	1426	0	False	[]
2993	41	73	12	5	601	-36	528	0	False	[]
2993	41	73	14	31	97	-10	24	1	True	[41]
2993	41	73	20	23	131	-18	58	0	False	[]
2993	41	73	24	7	431	-34	358	0	False	[]
2993	41	73	29	2	1511	-39	1438	0	False	[]
2993	41	73	34	3	1009	-38	936	0	False	[]
2993	41	73	36	13	233	-28	160	0	False	[]
2993	41	73	38	7	433	-34	360	0	False	[]
2993	41	73	42	5	607	-36	534	0	False	[]
2993	41	73	46	3	1013	-38	940	0	False	[]
2993	41	73	50	17	179	-24	106	0	False	[]
2993	41	73	53	2	1523	-39	1450	0	False	[]
2993	41	73	54	11	277	-30	204	0	False	[]
2993	41	73	60	43	71	2	-2	1	True	[41]
2993	41	73	64	3	1019	-38	946	0	False	[]
2993	41	73	69	2	1531	-39	1458	0	False	[]
2993	41	73	70	3	1021	-38	948	0	False	[]
2993	41	73	72	5	613	-36	540	0	False	[]
2993	41	73	78	37	83	-4	10	1	True	[41]
2993	41	73	80	7	439	-34	366	0	False	[]
2993	41	73	84	17	181	-24	108	0	False	[]
2993	41	73	92	5	617	-36	544	0	False	[]
2993	41	73	93	2	1543	-39	1470	0	False	[]
2993	41	73	98	11	281	-30	208	0	False	[]
2993	41	73	100	3	1031	-38	958	0	False	[]

SUMMARY n=2993
  Best neighbor: x=-82, px=41, qx=71
  True displacement: dp=0, dq=-2
  Candidate count: 1
  Candidates: [(41, 73, 0)]
  Target found by some neighbor: True
3397	43	79	-92	5	661	-38	582	0	False	[]
3397	43	79	-88	3	1103	-40	1024	0	False	[]
3397	43	79	-83	2	1657	-41	1578	0	False	[]
3397	43	79	-80	31	107	-12	28	0	False	[]
3397	43	79	-71	2	1663	-41	1584	0	False	[]
3397	43	79	-70	3	1109	-40	1030	0	False	[]
3397	43	79	-63	2	1667	-41	1588	0	False	[]
3397	43	79	-60	47	71	4	-8	1	True	[43]
3397	43	79	-59	2	1669	-41	1590	0	False	[]
3397	43	79	-56	13	257	-30	178	0	False	[]
3397	43	79	-48	17	197	-26	118	0	False	[]
3397	43	79	-46	3	1117	-40	1038	0	False	[]
3397	43	79	-44	7	479	-36	400	0	False	[]
3397	43	79	-32	5	673	-38	594	0	False	[]
3397	43	79	-28	3	1123	-40	1044	0	False	[]
3397	43	79	-20	11	307	-32	228	0	False	[]
3397	43	79	-18	31	109	-12	30	0	False	[]
3397	43	79	-14	17	199	-26	120	0	False	[]
3397	43	79	-12	5	677	-38	598	0	False	[]
3397	43	79	-11	2	1693	-41	1614	0	False	[]
3397	43	79	-10	3	1129	-40	1050	0	False	[]
3397	43	79	-3	2	1697	-41	1618	0	False	[]
3397	43	79	1	2	1699	-41	1620	0	False	[]
3397	43	79	4	19	179	-24	100	0	False	[]
3397	43	79	6	41	83	-2	4	1	True	[43]
3397	43	79	12	7	487	-36	408	0	False	[]
3397	43	79	18	5	683	-38	604	0	False	[]
3397	43	79	21	2	1709	-41	1630	0	False	[]
3397	43	79	22	13	263	-30	184	0	False	[]
3397	43	79	24	11	311	-32	232	0	False	[]
3397	43	79	30	23	149	-20	70	0	False	[]
3397	43	79	34	47	73	4	-6	1	True	[43]
3397	43	79	40	7	491	-36	412	0	False	[]
3397	43	79	42	19	181	-24	102	0	False	[]
3397	43	79	45	2	1721	-41	1642	0	False	[]
3397	43	79	46	11	313	-32	234	0	False	[]
3397	43	79	49	2	1723	-41	1644	0	False	[]
3397	43	79	56	3	1151	-40	1072	0	False	[]
3397	43	79	58	5	691	-38	612	0	False	[]
3397	43	79	62	3	1153	-40	1074	0	False	[]
3397	43	79	69	2	1733	-41	1654	0	False	[]
3397	43	79	76	23	151	-20	72	0	False	[]
3397	43	79	84	59	59	16	-20	0	False	[]
3397	43	79	85	2	1741	-41	1662	0	False	[]
3397	43	79	90	11	317	-32	238	0	False	[]
3397	43	79	92	3	1163	-40	1084	0	False	[]
3397	43	79	96	7	499	-36	420	0	False	[]
3397	43	79	97	2	1747	-41	1668	0	False	[]
3397	43	79	100	13	269	-30	190	0	False	[]

SUMMARY n=3397
  Best neighbor: x=-60, px=47, qx=71
  True displacement: dp=4, dq=-8
  Candidate count: 1
  Candidates: [(43, 79, -4)]
  Target found by some neighbor: True
3901	47	83	-99	2	1901	-45	1818	0	False	[]
3901	47	83	-96	5	761	-42	678	0	False	[]
3901	47	83	-92	13	293	-34	210	0	False	[]
3901	47	83	-90	37	103	-10	20	1	True	[47]
3901	47	83	-87	2	1907	-45	1824	0	False	[]
3901	47	83	-84	11	347	-36	264	0	False	[]
3901	47	83	-75	2	1913	-45	1830	0	False	[]
3901	47	83	-74	43	89	-4	6	1	True	[47]
3901	47	83	-72	7	547	-40	464	0	False	[]
3901	47	83	-70	3	1277	-44	1194	0	False	[]
3901	47	83	-64	3	1279	-44	1196	0	False	[]
3901	47	83	-62	11	349	-36	266	0	False	[]
3901	47	83	-60	23	167	-24	84	0	False	[]
3901	47	83	-56	5	769	-42	686	0	False	[]
3901	47	83	-52	3	1283	-44	1200	0	False	[]
3901	47	83	-42	17	227	-30	144	0	False	[]
3901	47	83	-39	2	1931	-45	1848	0	False	[]
3901	47	83	-36	5	773	-42	690	0	False	[]
3901	47	83	-35	2	1933	-45	1850	0	False	[]
3901	47	83	-34	3	1289	-44	1206	0	False	[]
3901	47	83	-32	53	73	6	-10	1	True	[47]
3901	47	83	-28	3	1291	-44	1208	0	False	[]
3901	47	83	-18	11	353	-36	270	0	False	[]
3901	47	83	-10	3	1297	-44	1214	0	False	[]
3901	47	83	-8	17	229	-30	146	0	False	[]
3901	47	83	-3	2	1949	-45	1866	0	False	[]
3901	47	83	-2	7	557	-40	474	0	False	[]
3901	47	83	1	2	1951	-45	1868	0	False	[]
3901	47	83	2	3	1301	-44	1218	0	False	[]
3901	47	83	8	3	1303	-44	1220	0	False	[]
3901	47	83	20	3	1307	-44	1224	0	False	[]
3901	47	83	34	5	787	-42	704	0	False	[]
3901	47	83	36	31	127	-16	44	0	False	[]
3901	47	83	40	7	563	-40	480	0	False	[]
3901	47	83	45	2	1973	-45	1890	0	False	[]
3901	47	83	48	11	359	-36	276	0	False	[]
3901	47	83	52	59	67	12	-16	0	False	[]
3901	47	83	56	3	1319	-44	1236	0	False	[]
3901	47	83	57	2	1979	-45	1896	0	False	[]
3901	47	83	58	37	107	-10	24	1	True	[47]
3901	47	83	60	17	233	-30	150	0	False	[]
3901	47	83	62	3	1321	-44	1238	0	False	[]
3901	47	83	72	29	137	-18	54	0	False	[]
3901	47	83	73	2	1987	-45	1904	0	False	[]
3901	47	83	76	41	97	-6	14	1	True	[47]
3901	47	83	78	23	173	-24	90	0	False	[]
3901	47	83	80	3	1327	-44	1244	0	False	[]
3901	47	83	82	7	569	-40	486	0	False	[]
3901	47	83	84	5	797	-42	714	0	False	[]
3901	47	83	85	2	1993	-45	1910	0	False	[]
3901	47	83	90	13	307	-34	224	0	False	[]
3901	47	83	93	2	1997	-45	1914	0	False	[]
3901	47	83	96	7	571	-40	488	0	False	[]
3901	47	83	97	2	1999	-45	1916	0	False	[]

SUMMARY n=3901
  Best neighbor: x=-90, px=37, qx=103
  True displacement: dp=-10, dq=20
  Candidate count: 1
  Candidates: [(47, 83, 10)]
  Target found by some neighbor: True
4717	53	89	-99	2	2309	-51	2220	0	False	[]
4717	53	89	-98	31	149	-22	60	0	False	[]
4717	53	89	-95	2	2311	-51	2222	0	False	[]
4717	53	89	-90	7	661	-46	572	0	False	[]
4717	53	89	-88	3	1543	-50	1454	0	False	[]
4717	53	89	-86	11	421	-42	332	0	False	[]
4717	53	89	-84	41	113	-12	24	0	False	[]
4717	53	89	-72	5	929	-48	840	0	False	[]
4717	53	89	-70	3	1549	-50	1460	0	False	[]
4717	53	89	-58	3	1553	-50	1464	0	False	[]
4717	53	89	-56	59	79	6	-10	1	True	[53]
4717	53	89	-51	2	2333	-51	2244	0	False	[]
4717	53	89	-50	13	359	-40	270	0	False	[]
4717	53	89	-40	3	1559	-50	1470	0	False	[]
4717	53	89	-39	2	2339	-51	2250	0	False	[]
4717	53	89	-36	31	151	-22	62	0	False	[]
4717	53	89	-35	2	2341	-51	2252	0	False	[]
4717	53	89	-32	5	937	-48	848	0	False	[]
4717	53	89	-30	43	109	-10	20	1	True	[53]
4717	53	89	-23	2	2347	-51	2258	0	False	[]
4717	53	89	-18	37	127	-16	38	0	False	[]
4717	53	89	-16	3	1567	-50	1478	0	False	[]
4717	53	89	-15	2	2351	-51	2262	0	False	[]
4717	53	89	-12	5	941	-48	852	0	False	[]
4717	53	89	-8	17	277	-36	188	0	False	[]
4717	53	89	-6	7	673	-46	584	0	False	[]
4717	53	89	-4	3	1571	-50	1482	0	False	[]
4717	53	89	-3	2	2357	-51	2268	0	False	[]
4717	53	89	10	29	163	-24	74	0	False	[]
4717	53	89	18	5	947	-48	858	0	False	[]
4717	53	89	20	3	1579	-50	1490	0	False	[]
4717	53	89	22	7	677	-46	588	0	False	[]
4717	53	89	24	11	431	-42	342	0	False	[]
4717	53	89	25	2	2371	-51	2282	0	False	[]
4717	53	89	30	47	101	-6	12	1	True	[53]
4717	53	89	32	3	1583	-50	1494	0	False	[]
4717	53	89	37	2	2377	-51	2288	0	False	[]
4717	53	89	40	67	71	14	-18	0	False	[]
4717	53	89	45	2	2381	-51	2292	0	False	[]
4717	53	89	46	11	433	-42	344	0	False	[]
4717	53	89	48	5	953	-48	864	0	False	[]
4717	53	89	49	2	2383	-51	2294	0	False	[]
4717	53	89	52	19	251	-34	162	0	False	[]
4717	53	89	54	13	367	-40	278	0	False	[]
4717	53	89	60	17	281	-36	192	0	False	[]
4717	53	89	61	2	2389	-51	2300	0	False	[]
4717	53	89	64	7	683	-46	594	0	False	[]
4717	53	89	69	2	2393	-51	2304	0	False	[]
4717	53	89	74	3	1597	-50	1508	0	False	[]
4717	53	89	81	2	2399	-51	2310	0	False	[]
4717	53	89	86	3	1601	-50	1512	0	False	[]
4717	53	89	94	17	283	-36	194	0	False	[]

SUMMARY n=4717
  Best neighbor: x=-56, px=59, qx=79
  True displacement: dp=6, dq=-10
  Candidate count: 1
  Candidates: [(53, 89, -6)]
  Target found by some neighbor: True
5723	59	97	-96	17	331	-42	234	0	False	[]
5723	59	97	-94	13	433	-46	336	0	False	[]
5723	59	97	-92	3	1877	-56	1780	0	False	[]
5723	59	97	-90	43	131	-16	34	0	False	[]
5723	59	97	-86	3	1879	-56	1782	0	False	[]
5723	59	97	-85	2	2819	-57	2722	0	False	[]
5723	59	97	-78	5	1129	-54	1032	0	False	[]
5723	59	97	-60	7	809	-52	712	0	False	[]
5723	59	97	-57	2	2833	-57	2736	0	False	[]
5723	59	97	-56	3	1889	-56	1792	0	False	[]
5723	59	97	-52	53	107	-6	10	1	True	[59]
5723	59	97	-49	2	2837	-57	2740	0	False	[]
5723	59	97	-46	7	811	-52	714	0	False	[]
5723	59	97	-37	2	2843	-57	2746	0	False	[]
5723	59	97	-24	41	139	-18	42	0	False	[]
5723	59	97	-21	2	2851	-57	2754	0	False	[]
5723	59	97	-20	3	1901	-56	1804	0	False	[]
5723	59	97	-16	13	439	-46	342	0	False	[]
5723	59	97	-10	29	197	-30	100	0	False	[]
5723	59	97	-9	2	2857	-57	2760	0	False	[]
5723	59	97	-2	3	1907	-56	1810	0	False	[]
5723	59	97	-1	2	2861	-57	2764	0	False	[]
5723	59	97	6	17	337	-42	240	0	False	[]
5723	59	97	8	11	521	-48	424	0	False	[]
5723	59	97	16	3	1913	-56	1816	0	False	[]
5723	59	97	24	7	821	-52	724	0	False	[]
5723	59	97	30	11	523	-48	426	0	False	[]
5723	59	97	32	5	1151	-54	1054	0	False	[]
5723	59	97	35	2	2879	-57	2782	0	False	[]
5723	59	97	36	13	443	-46	346	0	False	[]
5723	59	97	38	7	823	-52	726	0	False	[]
5723	59	97	42	5	1153	-54	1056	0	False	[]
5723	59	97	44	73	79	14	-18	0	False	[]
5723	59	97	48	29	199	-30	102	0	False	[]
5723	59	97	50	23	251	-36	154	0	False	[]
5723	59	97	51	2	2887	-57	2790	0	False	[]
5723	59	97	54	53	109	-6	12	1	True	[59]
5723	59	97	66	7	827	-52	730	0	False	[]
5723	59	97	70	3	1931	-56	1834	0	False	[]
5723	59	97	71	2	2897	-57	2800	0	False	[]
5723	59	97	76	3	1933	-56	1836	0	False	[]
5723	59	97	80	7	829	-52	732	0	False	[]
5723	59	97	83	2	2903	-57	2806	0	False	[]
5723	59	97	86	37	157	-22	60	0	False	[]
5723	59	97	92	5	1163	-54	1066	0	False	[]
5723	59	97	95	2	2909	-57	2812	0	False	[]

SUMMARY n=5723
  Best neighbor: x=-52, px=53, qx=107
  True displacement: dp=-6, dq=10
  Candidate count: 1
  Candidates: [(59, 97, 6)]
  Target found by some neighbor: True
6161	61	101	-96	5	1213	-56	1112	0	False	[]
6161	61	101	-90	13	467	-48	366	0	False	[]
6161	61	101	-87	2	3037	-59	2936	0	False	[]
6161	61	101	-84	59	103	-2	2	1	True	[61]
6161	61	101	-80	3	2027	-58	1926	0	False	[]
6161	61	101	-79	2	3041	-59	2940	0	False	[]
6161	61	101	-76	5	1217	-56	1116	0	False	[]
6161	61	101	-74	3	2029	-58	1928	0	False	[]
6161	61	101	-63	2	3049	-59	2948	0	False	[]
6161	61	101	-58	17	359	-44	258	0	False	[]
6161	61	101	-54	31	197	-30	96	0	False	[]
6161	61	101	-52	41	149	-20	48	0	False	[]
6161	61	101	-46	5	1223	-56	1122	0	False	[]
6161	61	101	-44	3	2039	-58	1938	0	False	[]
6161	61	101	-42	29	211	-32	110	0	False	[]
6161	61	101	-39	2	3061	-59	2960	0	False	[]
6161	61	101	-34	11	557	-50	456	0	False	[]
6161	61	101	-27	2	3067	-59	2966	0	False	[]
6161	61	101	-22	7	877	-54	776	0	False	[]
6161	61	101	-16	5	1229	-56	1128	0	False	[]
6161	61	101	-6	5	1231	-56	1130	0	False	[]
6161	61	101	-4	47	131	-14	30	0	False	[]
6161	61	101	-3	2	3079	-59	2978	0	False	[]
6161	61	101	-2	3	2053	-58	1952	0	False	[]
6161	61	101	5	2	3083	-59	2982	0	False	[]
6161	61	101	6	7	881	-54	780	0	False	[]
6161	61	101	8	31	199	-30	98	0	False	[]
6161	61	101	17	2	3089	-59	2988	0	False	[]
6161	61	101	18	37	167	-24	66	0	False	[]
6161	61	101	20	7	883	-54	782	0	False	[]
6161	61	101	24	5	1237	-56	1136	0	False	[]
6161	61	101	26	23	269	-38	168	0	False	[]
6161	61	101	28	3	2063	-58	1962	0	False	[]
6161	61	101	30	41	151	-20	50	0	False	[]
6161	61	101	32	11	563	-50	462	0	False	[]
6161	61	101	46	3	2069	-58	1968	0	False	[]
6161	61	101	48	7	887	-54	786	0	False	[]
6161	61	101	57	2	3109	-59	3008	0	False	[]
6161	61	101	66	13	479	-48	378	0	False	[]
6161	61	101	72	23	271	-38	170	0	False	[]
6161	61	101	77	2	3119	-59	3018	0	False	[]
6161	61	101	78	17	367	-44	266	0	False	[]
6161	61	101	80	79	79	18	-22	0	False	[]
6161	61	101	81	2	3121	-59	3020	0	False	[]
6161	61	101	82	3	2081	-58	1980	0	False	[]
6161	61	101	84	5	1249	-56	1148	0	False	[]
6161	61	101	88	3	2083	-58	1982	0	False	[]
6161	61	101	98	11	569	-50	468	0	False	[]
6161	61	101	100	3	2087	-58	1986	0	False	[]

SUMMARY n=6161
  Best neighbor: x=-84, px=59, qx=103
  True displacement: dp=-2, dq=2
  Candidate count: 1
  Candidates: [(61, 101, 2)]
  Target found by some neighbor: True
6901	67	103	-100	3	2267	-64	2164	0	False	[]
6901	67	103	-96	5	1361	-62	1258	0	False	[]
6901	67	103	-94	3	2269	-64	2166	0	False	[]
6901	67	103	-92	11	619	-56	516	0	False	[]
6901	67	103	-87	2	3407	-65	3304	0	False	[]
6901	67	103	-84	17	401	-50	298	0	False	[]
6901	67	103	-82	3	2273	-64	2170	0	False	[]
6901	67	103	-80	19	359	-48	256	0	False	[]
6901	67	103	-75	2	3413	-65	3310	0	False	[]
6901	67	103	-66	5	1367	-62	1264	0	False	[]
6901	67	103	-62	7	977	-60	874	0	False	[]
6901	67	103	-58	3	2281	-64	2178	0	False	[]
6901	67	103	-54	41	167	-26	64	0	False	[]
6901	67	103	-40	3	2287	-64	2184	0	False	[]
6901	67	103	-36	5	1373	-62	1270	0	False	[]
6901	67	103	-35	2	3433	-65	3330	0	False	[]
6901	67	103	-22	3	2293	-64	2190	0	False	[]
6901	67	103	-20	7	983	-60	880	0	False	[]
6901	67	103	-14	71	97	4	-6	1	True	[67]
6901	67	103	-12	83	83	16	-20	0	False	[]
6901	67	103	-10	3	2297	-64	2194	0	False	[]
6901	67	103	-8	61	113	-6	10	1	True	[67]
6901	67	103	-3	2	3449	-65	3346	0	False	[]
6901	67	103	4	5	1381	-62	1278	0	False	[]
6901	67	103	12	31	223	-36	120	0	False	[]
6901	67	103	13	2	3457	-65	3354	0	False	[]
6901	67	103	21	2	3461	-65	3358	0	False	[]
6901	67	103	25	2	3463	-65	3360	0	False	[]
6901	67	103	26	3	2309	-64	2206	0	False	[]
6901	67	103	30	29	239	-38	136	0	False	[]
6901	67	103	32	3	2311	-64	2208	0	False	[]
6901	67	103	33	2	3467	-65	3364	0	False	[]
6901	67	103	36	7	991	-60	888	0	False	[]
6901	67	103	37	2	3469	-65	3366	0	False	[]
6901	67	103	40	11	631	-56	528	0	False	[]
6901	67	103	42	53	131	-14	28	0	False	[]
6901	67	103	52	17	409	-50	306	0	False	[]
6901	67	103	72	19	367	-48	264	0	False	[]
6901	67	103	78	7	997	-60	894	0	False	[]
6901	67	103	81	2	3491	-65	3388	0	False	[]
6901	67	103	88	29	241	-38	138	0	False	[]
6901	67	103	94	5	1399	-62	1296	0	False	[]
6901	67	103	97	2	3499	-65	3396	0	False	[]
6901	67	103	98	3	2333	-64	2230	0	False	[]

SUMMARY n=6901
  Best neighbor: x=-14, px=71, qx=97
  True displacement: dp=4, dq=-6
  Candidate count: 1
  Candidates: [(67, 103, -4)]
  Target found by some neighbor: True
7597	71	107	-96	13	577	-58	470	0	False	[]
7597	71	107	-88	3	2503	-68	2396	0	False	[]
7597	71	107	-84	11	683	-60	576	0	False	[]
7597	71	107	-78	73	103	2	-4	1	True	[71]
7597	71	107	-75	2	3761	-69	3654	0	False	[]
7597	71	107	-66	17	443	-54	336	0	False	[]
7597	71	107	-63	2	3767	-69	3660	0	False	[]
7597	71	107	-59	2	3769	-69	3662	0	False	[]
7597	71	107	-54	19	397	-52	290	0	False	[]
7597	71	107	-42	5	1511	-66	1404	0	False	[]
7597	71	107	-39	2	3779	-69	3672	0	False	[]
7597	71	107	-34	3	2521	-68	2414	0	False	[]
7597	71	107	-26	67	113	-4	6	1	True	[71]
7597	71	107	-11	2	3793	-69	3686	0	False	[]
7597	71	107	-4	3	2531	-68	2424	0	False	[]
7597	71	107	-3	2	3797	-69	3690	0	False	[]
7597	71	107	4	11	691	-60	584	0	False	[]
7597	71	107	9	2	3803	-69	3696	0	False	[]
7597	71	107	12	7	1087	-64	980	0	False	[]
7597	71	107	16	23	331	-48	224	0	False	[]
7597	71	107	18	5	1523	-66	1416	0	False	[]
7597	71	107	20	3	2539	-68	2432	0	False	[]
7597	71	107	22	19	401	-52	294	0	False	[]
7597	71	107	30	29	263	-42	156	0	False	[]
7597	71	107	32	3	2543	-68	2436	0	False	[]
7597	71	107	34	13	587	-58	480	0	False	[]
7597	71	107	36	17	449	-54	342	0	False	[]
7597	71	107	40	7	1091	-64	984	0	False	[]
7597	71	107	45	2	3821	-69	3714	0	False	[]
7597	71	107	49	2	3823	-69	3716	0	False	[]
7597	71	107	50	3	2549	-68	2442	0	False	[]
7597	71	107	54	7	1093	-64	986	0	False	[]
7597	71	107	56	3	2551	-68	2444	0	False	[]
7597	71	107	58	5	1531	-66	1424	0	False	[]
7597	71	107	64	47	163	-24	56	0	False	[]
7597	71	107	66	79	97	8	-10	1	True	[71]
7597	71	107	69	2	3833	-69	3726	0	False	[]
7597	71	107	74	3	2557	-68	2450	0	False	[]
7597	71	107	82	7	1097	-64	990	0	False	[]
7597	71	107	97	2	3847	-69	3740	0	False	[]
7597	71	107	100	43	179	-28	72	0	False	[]

SUMMARY n=7597
  Best neighbor: x=-78, px=73, qx=103
  True displacement: dp=2, dq=-4
  Candidate count: 1
  Candidates: [(71, 107, -2)]
  Target found by some neighbor: True

GLOBAL SUMMARY
------------------------------------------------------------------------------------------------------------------------
n	p	q	neighbor_states	useful_neighbors	target_hits	best_candidate_count	best_x
731	17	43	57	21	21	1	-82
893	19	47	57	16	16	1	-100
1219	23	53	60	13	13	1	-98
1711	29	59	56	6	6	1	-78
2077	31	67	51	4	4	1	-30
2627	37	71	47	5	5	1	-90
2993	41	73	60	5	5	1	-82
3397	43	79	49	3	3	1	-60
3901	47	83	54	5	5	1	-90
4717	53	89	52	3	3	1	-56
5723	59	97	46	2	2	1	-52
6161	61	101	49	1	1	1	-84
6901	67	103	44	2	2	1	-14
7597	71	107	41	3	3	1	-78

INTERSECTION TEST
------------------------------------------------------------------------------------------------------------------------
n	intersection_size	intersection	contains_true_p
731	0	[]	False
893	0	[]	False
1219	0	[]	False
1711	0	[]	False
2077	0	[]	False
2627	0	[]	False
2993	0	[]	False
3397	0	[]	False
3901	0	[]	False
4717	0	[]	False
5723	0	[]	False
6161	0	[]	False
6901	0	[]	False
7597	0	[]	False

FINISHED EXPERIMENT 17
