========================================================================================================================
EXPERIMENT 436 START
========================================================================================================================

JOINT 2^u / RESIDUE-WHEEL DENSITY AND INDEPENDENCE AUDIT

QUESTION
  Are the exact f-congruence and quadratic-residue wheel
  approximately independent?

CONFIGURATION
  instances       = 8
  K bits          = [20, 24, 28, 32, 36, 40, 44, 48, 52, 56]
  wheel prefixes  = [[], [3], [3, 5], [3, 5, 7], [3, 5, 7, 11], [3, 5, 7, 11, 13], [3, 5, 7, 11, 13, 17], [3, 5, 7, 11, 13, 17, 19]]
  max interval    = 2000000

========================================================================================================================
COMPACT JOINT-DENSITY SUMMARY
========================================================================================================================
 i   u      gap   interval          f    f-density
 1  20   232188    SKIPPED
 1  24   232188    SKIPPED
 1  28   232188    SKIPPED
 1  32   232188    SKIPPED
 1  36   232188    SKIPPED
 1  40   232188    SKIPPED
 1  44   232188    SKIPPED
 1  48   232188    SKIPPED
 1  52   232188     521329          1   0.00000192
 1  56   232188      32585          1   0.00003069
 2  20     8996    SKIPPED
 2  24     8996    SKIPPED
 2  28     8996    SKIPPED
 2  32     8996     477835          2   0.00000419
 2  36     8996      29865          1   0.00003348
 2  40     8996       1867          1   0.00053562
 2  44     8996        117          1   0.00854701
 2  48     8996          9          1   0.11111111
 2  52     8996          1          1   1.00000000
 2  56     8996          1          1   1.00000000
 3  20   990024    SKIPPED
 3  24   990024    SKIPPED
 3  28   990024    SKIPPED
 3  32   990024    SKIPPED
 3  36   990024    SKIPPED
 3  40   990024    SKIPPED
 3  44   990024    SKIPPED
 3  48   990024    SKIPPED
 3  52   990024    SKIPPED
 3  56   990024     277861          1   0.00000360
 4  20       28    SKIPPED
 4  24       28    SKIPPED
 4  28       28    SKIPPED
 4  32       28    SKIPPED
 4  36       28     587451          2   0.00000340
 4  40       28      36717          1   0.00002724
 4  44       28       2295          1   0.00043573
 4  48       28        145          1   0.00689655
 4  52       28          9          1   0.11111111
 4  56       28          1          1   1.00000000
 5  20       28    SKIPPED
 5  24       28    SKIPPED
 5  28       28    SKIPPED
 5  32       28    SKIPPED
 5  36       28    SKIPPED
 5  40       28    SKIPPED
 5  44       28    1425297          2   0.00000140
 5  48       28      89083          1   0.00001123
 5  52       28       5569          1   0.00017957
 5  56       28        349          1   0.00286533
 6  20       24    SKIPPED
 6  24       24    SKIPPED
 6  28       24    SKIPPED
 6  32       24    SKIPPED
 6  36       24    SKIPPED
 6  40       24    SKIPPED
 6  44       24    SKIPPED
 6  48       24    1422849          1   0.00000070
 6  52       24      88929          1   0.00001124
 6  56       24       5559          1   0.00017989
 7  20        8    SKIPPED
 7  24        8    SKIPPED
 7  28        8    SKIPPED
 7  32        8    SKIPPED
 7  36        8    SKIPPED
 7  40        8    SKIPPED
 7  44        8    SKIPPED
 7  48        8    SKIPPED
 7  52        8    1421455          1   0.00000070
 7  56        8      88841          1   0.00001126
 8  20   599990    SKIPPED
 8  24   599990    SKIPPED
 8  28   599990    SKIPPED
 8  32   599990    SKIPPED
 8  36   599990    SKIPPED
 8  40   599990    SKIPPED
 8  44   599990    SKIPPED
 8  48   599990    SKIPPED
 8  52   599990    SKIPPED
 8  56   599990    SKIPPED

========================================================================================================================
JOINT DENSITY / INDEPENDENCE RATIO
========================================================================================================================

WHEEL = []
 i   u   interval        f      wheel      joint     expected         corr
 1  52     521329        1     521329          1       1.0000     1.000000
 1  56      32585        1      32585          1       1.0000     1.000000
 2  32     477835        2     477835          2       2.0000     1.000000
 2  36      29865        1      29865          1       1.0000     1.000000
 2  40       1867        1       1867          1       1.0000     1.000000
 2  44        117        1        117          1       1.0000     1.000000
 2  48          9        1          9          1       1.0000     1.000000
 2  52          1        1          1          1       1.0000     1.000000
 2  56          1        1          1          1       1.0000     1.000000
 3  56     277861        1     277861          1       1.0000     1.000000
 4  36     587451        2     587451          2       2.0000     1.000000
 4  40      36717        1      36717          1       1.0000     1.000000
 4  44       2295        1       2295          1       1.0000     1.000000
 4  48        145        1        145          1       1.0000     1.000000
 4  52          9        1          9          1       1.0000     1.000000
 4  56          1        1          1          1       1.0000     1.000000
 5  44    1425297        2    1425297          2       2.0000     1.000000
 5  48      89083        1      89083          1       1.0000     1.000000
 5  52       5569        1       5569          1       1.0000     1.000000
 5  56        349        1        349          1       1.0000     1.000000
 6  48    1422849        1    1422849          1       1.0000     1.000000
 6  52      88929        1      88929          1       1.0000     1.000000
 6  56       5559        1       5559          1       1.0000     1.000000
 7  52    1421455        1    1421455          1       1.0000     1.000000
 7  56      88841        1      88841          1       1.0000     1.000000

WHEEL = [3]
 i   u   interval        f      wheel      joint     expected         corr
 1  52     521329        1     347553          1       0.6667     1.499999
 1  56      32585        1      21723          1       0.6667     1.500023
 2  32     477835        2     159279          2       0.6667     2.999987
 2  36      29865        1       9955          1       0.3333     3.000000
 2  40       1867        1        623          1       0.3337     2.996790
 2  44        117        1         39          1       0.3333     3.000000
 2  48          9        1          3          1       0.3333     3.000000
 2  52          1        1          1          1       1.0000     1.000000
 2  56          1        1          1          1       1.0000     1.000000
 3  56     277861        1     185241          1       0.6667     1.499997
 4  36     587451        2     195817          2       0.6667     3.000000
 4  40      36717        1      12239          1       0.3333     3.000000
 4  44       2295        1        765          1       0.3333     3.000000
 4  48        145        1         49          1       0.3379     2.959184
 4  52          9        1          3          1       0.3333     3.000000
 4  56          1        1          1          1       1.0000     1.000000
 5  44    1425297        2     475099          2       0.6667     3.000000
 5  48      89083        1      29695          1       0.3333     2.999933
 5  52       5569        1       1857          1       0.3335     2.998923
 5  56        349        1        117          1       0.3352     2.982906
 6  48    1422849        1     948566          1       0.6667     1.500000
 6  52      88929        1      59286          1       0.6667     1.500000
 6  56       5559        1       3706          1       0.6667     1.500000
 7  52    1421455        1     473819          1       0.3333     2.999996
 7  56      88841        1      29613          1       0.3333     3.000068

WHEEL = [3, 5]
 i   u   interval        f      wheel      joint     expected         corr
 1  52     521329        1     208531          1       0.4000     2.500007
 1  56      32585        1      13034          1       0.4000     2.500000
 2  32     477835        2      63711          2       0.2667     7.500039
 2  36      29865        1       3982          1       0.1333     7.500000
 2  40       1867        1        250          1       0.1339     7.468000
 2  44        117        1         15          1       0.1282     7.800000
 2  48          9        1          2          1       0.2222     4.500000
 2  52          1        1          1          1       1.0000     1.000000
 2  56          1        1          1          1       1.0000     1.000000
 3  56     277861        1      74097          1       0.2667     3.749963
 4  36     587451        2      78327          2       0.2667     7.499981
 4  40      36717        1       4895          1       0.1333     7.500919
 4  44       2295        1        306          1       0.1333     7.500000
 4  48        145        1         19          1       0.1310     7.631579
 4  52          9        1          1          1       0.1111     9.000000
 4  56          1        1          1          1       1.0000     1.000000
 5  44    1425297        2     190039          2       0.2667     7.500024
 5  48      89083        1      11878          1       0.1333     7.499832
 5  52       5569        1        743          1       0.1334     7.495289
 5  56        349        1         47          1       0.1347     7.425532
 6  48    1422849        1     379427          1       0.2667     3.749994
 6  52      88929        1      23715          1       0.2667     3.749905
 6  56       5559        1       1483          1       0.2668     3.748483
 7  52    1421455        1     189527          1       0.1333     7.500013
 7  56      88841        1      11845          1       0.1333     7.500295

WHEEL = [3, 5, 7]
 i   u   interval        f      wheel      joint     expected         corr
 1  52     521329        1     119161          1       0.2286     4.374997
 1  56      32585        1       7447          1       0.2285     4.375587
 2  32     477835        2      36406          2       0.1524    13.125172
 2  36      29865        1       2276          1       0.0762    13.121705
 2  40       1867        1        142          1       0.0761    13.147887
 2  44        117        1          9          1       0.0769    13.000000
 2  48          9        1          2          1       0.2222     4.500000
 2  52          1        1          1          1       1.0000     1.000000
 2  56          1        1          1          1       1.0000     1.000000
 3  56     277861        1      42342          1       0.1524     6.562302
 4  36     587451        2      44759          2       0.1524    13.124757
 4  40      36717        1       2796          1       0.0762    13.131974
 4  44       2295        1        174          1       0.0758    13.189655
 4  48        145        1         10          1       0.0690    14.500000
 4  52          9        1          1          1       0.1111     9.000000
 4  56          1        1          1          1       1.0000     1.000000
 5  44    1425297        2     108594          2       0.1524    13.125007
 5  48      89083        1       6789          1       0.0762    13.121667
 5  52       5569        1        425          1       0.0763    13.103529
 5  56        349        1         26          1       0.0745    13.423077
 6  48    1422849        1     216816          1       0.1524     6.562472
 6  52      88929        1      13552          1       0.1524     6.562057
 6  56       5559        1        848          1       0.1525     6.555425
 7  52    1421455        1     108301          1       0.0762    13.125040
 7  56      88841        1       6769          1       0.0762    13.124686

WHEEL = [3, 5, 7, 11]
 i   u   interval        f      wheel      joint     expected         corr
 1  52     521329        1      64999          1       0.1247     8.020570
 1  56      32585        1       4067          1       0.1248     8.012048
 2  32     477835        2      16547          2       0.0693    28.877440
 2  36      29865        1       1033          1       0.0346    28.910939
 2  40       1867        1         63          1       0.0337    29.634921
 2  44        117        1          5          1       0.0427    23.400000
 2  48          9        1          2          1       0.2222     4.500000
 2  52          1        1          1          1       1.0000     1.000000
 2  56          1        1          1          1       1.0000     1.000000
 3  56     277861        1      19245          1       0.0693    14.438088
 4  36     587451        2      20346          2       0.0693    28.873046
 4  40      36717        1       1271          1       0.0346    28.888277
 4  44       2295        1         78          1       0.0340    29.423077
 4  48        145        1          4          1       0.0276    36.250000
 4  52          9        1          1          1       0.1111     9.000000
 4  56          1        1          1          1       1.0000     1.000000
 5  44    1425297        2      49362          2       0.0693    28.874377
 5  48      89083        1       3086          1       0.0346    28.866818
 5  52       5569        1        192          1       0.0345    29.005208
 5  56        349        1         13          1       0.0372    26.846154
 6  48    1422849        1      98550          1       0.0693    14.437839
 6  52      88929        1       6160          1       0.0693    14.436526
 6  56       5559        1        383          1       0.0689    14.514360
 7  52    1421455        1      49229          1       0.0346    28.874342
 7  56      88841        1       3077          1       0.0346    28.872603

WHEEL = [3, 5, 7, 11, 13]
 i   u   interval        f      wheel      joint     expected         corr
 1  52     521329        1      29998          1       0.0575    17.378792
 1  56      32585        1       1879          1       0.0577    17.341671
 2  32     477835        2       8916          2       0.0373    53.592979
 2  36      29865        1        557          1       0.0187    53.617594
 2  40       1867        1         29          1       0.0155    64.379310
 2  44        117        1          2          1       0.0171    58.500000
 2  48          9        1          1          1       0.1111     9.000000
 2  52          1        1          1          1       1.0000     1.000000
 2  56          1        1          1          1       1.0000     1.000000
 3  56     277861        1       8879          1       0.0320    31.294177
 4  36     587451        2      10954          2       0.0373    53.628903
 4  40      36717        1        683          1       0.0186    53.758419
 4  44       2295        1         44          1       0.0192    52.159091
 4  48        145        1          3          1       0.0207    48.333333
 4  52          9        1          1          1       0.1111     9.000000
 4  56          1        1          1          1       1.0000     1.000000
 5  44    1425297        2      26580          2       0.0373    53.622912
 5  48      89083        1       1662          1       0.0187    53.599880
 5  52       5569        1        102          1       0.0183    54.598039
 5  56        349        1          9          1       0.0258    38.777778
 6  48    1422849        1      45484          1       0.0320    31.282407
 6  52      88929        1       2844          1       0.0320    31.268987
 6  56       5559        1        178          1       0.0320    31.230337
 7  52    1421455        1      26509          1       0.0186    53.621600
 7  56      88841        1       1654          1       0.0186    53.712817

WHEEL = [3, 5, 7, 11, 13, 17]
 i   u   interval        f      wheel      joint     expected         corr
 1  52     521329        1      14121          1       0.0271    36.918703
 1  56      32585        1        886          1       0.0272    36.777652
 2  32     477835        2       4199          2       0.0176   113.797333
 2  36      29865        1        263          1       0.0088   113.555133
 2  40       1867        1         11          1       0.0059   169.727273
 2  44        117        1          1          1       0.0085   117.000000
 2  48          9        1          1          1       0.1111     9.000000
 2  52          1        1          1          1       1.0000     1.000000
 2  56          1        1          1          1       1.0000     1.000000
 3  56     277861        1       4697          1       0.0169    59.157122
 4  36     587451        2       5155          2       0.0176   113.957517
 4  40      36717        1        321          1       0.0087   114.383178
 4  44       2295        1         22          1       0.0096   104.318182
 4  48        145        1          2          1       0.0138    72.500000
 4  52          9        1          1          1       0.1111     9.000000
 4  56          1        1          1          1       1.0000     1.000000
 5  44    1425297        2      12506          2       0.0175   113.969055
 5  48      89083        1        784          1       0.0088   113.626276
 5  52       5569        1         55          1       0.0099   101.254545
 5  56        349        1          6          1       0.0172    58.166667
 6  48    1422849        1      24071          1       0.0169    59.110506
 6  52      88929        1       1496          1       0.0168    59.444519
 6  56       5559        1         89          1       0.0160    62.460674
 7  52    1421455        1      12482          1       0.0088   113.880388
 7  56      88841        1        785          1       0.0088   113.173248

WHEEL = [3, 5, 7, 11, 13, 17, 19]
 i   u   interval        f      wheel      joint     expected         corr
 1  52     521329        1       6692          1       0.0128    77.903317
 1  56      32585        1        428          1       0.0131    76.133178
 2  32     477835        2       1986          2       0.0083   240.601712
 2  36      29865        1        117          1       0.0039   255.256410
 2  40       1867        1          5          1       0.0027   373.400000
 2  44        117        1          1          1       0.0085   117.000000
 2  48          9        1          1          1       0.1111     9.000000
 2  52          1        1          1          1       1.0000     1.000000
 2  56          1        1          1          1       1.0000     1.000000
 3  56     277861        1       2204          1       0.0079   126.071234
 4  36     587451        2       2440          2       0.0083   240.758607
 4  40      36717        1        155          1       0.0042   236.883871
 4  44       2295        1         11          1       0.0048   208.636364
 4  48        145        1          2          1       0.0138    72.500000
 4  52          9        1          1          1       0.1111     9.000000
 4  56          1        1          1          1       1.0000     1.000000
 5  44    1425297        2       5940          2       0.0083   239.948990
 5  48      89083        1        364          1       0.0041   244.733516
 5  52       5569        1         25          1       0.0045   222.760000
 5  56        349        1          4          1       0.0115    87.250000
 6  48    1422849        1      12654          1       0.0089   112.442627
 6  52      88929        1        792          1       0.0089   112.284091
 6  56       5559        1         50          1       0.0090   111.180000
 7  52    1421455        1       5905          1       0.0042   240.720576
 7  56      88841        1        368          1       0.0041   241.415761

========================================================================================================================
GLOBAL INDEPENDENCE SUMMARY
========================================================================================================================

  WHEEL = []
    interval total     = 6516019
    f total            = 28
    wheel total        = 6516019
    joint total        = 28
    f density          = 0.0000042971
    wheel density      = 1.0000000000
    joint density      = 0.0000042971
    independence pred  = 0.0000042971
    correlation ratio  = 1.0000000000

  WHEEL = [3]
    interval total     = 6516019
    f total            = 28
    wheel total        = 2955050
    joint total        = 28
    f density          = 0.0000042971
    wheel density      = 0.4535054302
    joint density      = 0.0000042971
    independence pred  = 0.0000019488
    correlation ratio  = 2.2050452615

  WHEEL = [3, 5]
    interval total     = 6516019
    f total            = 28
    wheel total        = 1255877
    joint total        = 28
    f density          = 0.0000042971
    wheel density      = 0.1927368536
    joint density      = 0.0000042971
    independence pred  = 0.0000008282
    correlation ratio  = 5.1884213183

  WHEEL = [3, 5, 7]
    interval total     = 6516019
    f total            = 28
    wheel total        = 717648
    joint total        = 28
    f density          = 0.0000042971
    wheel density      = 0.1101359588
    joint density      = 0.0000042971
    independence pred  = 0.0000004733
    correlation ratio  = 9.0796866988

  WHEEL = [3, 5, 7, 11]
    interval total     = 6516019
    f total            = 28
    wheel total        = 337716
    joint total        = 28
    f density          = 0.0000042971
    wheel density      = 0.0518285782
    joint density      = 0.0000042971
    independence pred  = 0.0000002227
    correlation ratio  = 19.2943745632

  WHEEL = [3, 5, 7, 11, 13]
    interval total     = 6516019
    f total            = 28
    wheel total        = 166971
    joint total        = 28
    f density          = 0.0000042971
    wheel density      = 0.0256246951
    joint density      = 0.0000042971
    independence pred  = 0.0000001101
    correlation ratio  = 39.0248546155

  WHEEL = [3, 5, 7, 11, 13, 17]
    interval total     = 6516019
    f total            = 28
    wheel total        = 81957
    joint total        = 28
    f density          = 0.0000042971
    wheel density      = 0.0125777718
    joint density      = 0.0000042971
    independence pred  = 0.0000000540
    correlation ratio  = 79.5053381651

  WHEEL = [3, 5, 7, 11, 13, 17, 19]
    interval total     = 6516019
    f total            = 28
    wheel total        = 40148
    joint total        = 28
    f density          = 0.0000042971
    wheel density      = 0.0061614308
    joint density      = 0.0000042971
    independence pred  = 0.0000000265
    correlation ratio  = 162.2999651290

========================================================================================================================
CORRELATION BY UNKNOWN-K BITS
========================================================================================================================

WHEEL = []
   u  tests      f-density  wheel-density  joint-density         corr
  32      1   0.0000041855   1.0000000000   0.0000041855     1.000000
  36      2   0.0000048597   1.0000000000   0.0000048597     1.000000
  40      2   0.0000518350   1.0000000000   0.0000518350     1.000000
  44      3   0.0000028017   1.0000000000   0.0000028017     1.000000
  48      4   0.0000026454   1.0000000000   0.0000026454     1.000000
  52      6   0.0000029451   1.0000000000   0.0000029451     1.000000
  56      7   0.0000172755   1.0000000000   0.0000172755     1.000000

WHEEL = [3]
   u  tests      f-density  wheel-density  joint-density         corr
  32      1   0.0000041855   0.3333347285   0.0000041855     2.999987
  36      2   0.0000048597   0.3333333333   0.0000048597     3.000000
  40      2   0.0000518350   0.3333506117   0.0000518350     2.999845
  44      3   0.0000028017   0.3333333333   0.0000028017     3.000000
  48      4   0.0000026454   0.6469956074   0.0000026454     1.545606
  52      6   0.0000029451   0.4331823813   0.0000029451     2.308496
  56      7   0.0000172755   0.5932965940   0.0000172755     1.685498

WHEEL = [3, 5]
   u  tests      f-density  wheel-density  joint-density         corr
  32      1   0.0000041855   0.1333326357   0.0000041855     7.500039
  36      2   0.0000048597   0.1333336573   0.0000048597     7.499982
  40      2   0.0000518350   0.1333454282   0.0000518350     7.499320
  44      3   0.0000028017   0.1333324928   0.0000028017     7.500047
  48      4   0.0000026454   0.2587987720   0.0000026454     3.864006
  52      6   0.0000029451   0.2073919693   0.0000029451     4.821787
  56      7   0.0000172755   0.2480472462   0.0000172755     4.031490

WHEEL = [3, 5, 7]
   u  tests      f-density  wheel-density  joint-density         corr
  32      1   0.0000041855   0.0761894796   0.0000041855    13.125172
  36      2   0.0000048597   0.0761927441   0.0000048597    13.124609
  40      2   0.0000518350   0.0761455526   0.0000518350    13.132743
  44      3   0.0000028017   0.0761898958   0.0000028017    13.125100
  48      4   0.0000026454   0.1478864297   0.0000026454     6.761946
  52      6   0.0000029451   0.1185107486   0.0000029451     8.438053
  56      7   0.0000172755   0.1417433989   0.0000172755     7.055002

WHEEL = [3, 5, 7, 11]
   u  tests      f-density  wheel-density  joint-density         corr
  32      1   0.0000041855   0.0346291084   0.0000041855    28.877440
  36      2   0.0000048597   0.0346321819   0.0000048597    28.874877
  40      2   0.0000518350   0.0345739166   0.0000518350    28.923538
  44      3   0.0000028017   0.0346324076   0.0000028017    28.874689
  48      4   0.0000026454   0.0672197216   0.0000026454    14.876586
  52      6   0.0000029451   0.0591873919   0.0000029451    16.895490
  56      7   0.0000172755   0.0661085842   0.0000172755    15.126629

WHEEL = [3, 5, 7, 11, 13]
   u  tests      f-density  wheel-density  joint-density         corr
  32      1   0.0000041855   0.0186591606   0.0000041855    53.592979
  36      2   0.0000048597   0.0186468519   0.0000048597    53.628355
  40      2   0.0000518350   0.0184532449   0.0000518350    54.191011
  44      3   0.0000028017   0.0186494587   0.0000028017    53.620859
  48      4   0.0000026454   0.0311820888   0.0000026454    32.069692
  52      6   0.0000029451   0.0291833473   0.0000029451    34.266117
  56      7   0.0000172755   0.0310984533   0.0000172755    32.155940

WHEEL = [3, 5, 7, 11, 13, 17]
   u  tests      f-density  wheel-density  joint-density         corr
  32      1   0.0000041855   0.0087875522   0.0000041855   113.797333
  36      2   0.0000048597   0.0087767043   0.0000048597   113.937984
  40      2   0.0000518350   0.0086046029   0.0000518350   116.216867
  44      3   0.0000028017   0.0087755978   0.0000028017   113.952351
  48      4   0.0000026454   0.0164395411   0.0000026454    60.828948
  52      6   0.0000029451   0.0138203066   0.0000029451    72.357295
  56      7   0.0000172755   0.0159552020   0.0000172755    62.675483

WHEEL = [3, 5, 7, 11, 13, 17, 19]
   u  tests      f-density  wheel-density  joint-density         corr
  32      1   0.0000041855   0.0041562464   0.0000041855   240.601712
  36      2   0.0000048597   0.0041421249   0.0000048597   241.421979
  40      2   0.0000518350   0.0041467966   0.0000518350   241.150000
  44      3   0.0000028017   0.0041689168   0.0000028017   239.870464
  48      4   0.0000026454   0.0086112827   0.0000026454   116.126718
  52      6   0.0000029451   0.0065852121   0.0000029451   151.855397
  56      7   0.0000172755   0.0075420104   0.0000172755   132.590641

========================================================================================================================
LARGEST DEVIATIONS FROM INDEPENDENCE
========================================================================================================================
  instance= 2 u=40 wheel=[3, 5, 7, 11, 13, 17, 19]    interval=     1867 f=      1 wheel=       5 joint=      1 corr=373.40000000 |corr-1|=372.40000000
  instance= 2 u=36 wheel=[3, 5, 7, 11, 13, 17, 19]    interval=    29865 f=      1 wheel=     117 joint=      1 corr=255.25641026 |corr-1|=254.25641026
  instance= 5 u=48 wheel=[3, 5, 7, 11, 13, 17, 19]    interval=    89083 f=      1 wheel=     364 joint=      1 corr=244.73351648 |corr-1|=243.73351648
  instance= 7 u=56 wheel=[3, 5, 7, 11, 13, 17, 19]    interval=    88841 f=      1 wheel=     368 joint=      1 corr=241.41576087 |corr-1|=240.41576087
  instance= 4 u=36 wheel=[3, 5, 7, 11, 13, 17, 19]    interval=   587451 f=      2 wheel=    2440 joint=      2 corr=240.75860656 |corr-1|=239.75860656
  instance= 7 u=52 wheel=[3, 5, 7, 11, 13, 17, 19]    interval=  1421455 f=      1 wheel=    5905 joint=      1 corr=240.72057578 |corr-1|=239.72057578
  instance= 2 u=32 wheel=[3, 5, 7, 11, 13, 17, 19]    interval=   477835 f=      2 wheel=    1986 joint=      2 corr=240.60171198 |corr-1|=239.60171198
  instance= 5 u=44 wheel=[3, 5, 7, 11, 13, 17, 19]    interval=  1425297 f=      2 wheel=    5940 joint=      2 corr=239.94898990 |corr-1|=238.94898990
  instance= 4 u=40 wheel=[3, 5, 7, 11, 13, 17, 19]    interval=    36717 f=      1 wheel=     155 joint=      1 corr=236.88387097 |corr-1|=235.88387097
  instance= 5 u=52 wheel=[3, 5, 7, 11, 13, 17, 19]    interval=     5569 f=      1 wheel=      25 joint=      1 corr=222.76000000 |corr-1|=221.76000000
  instance= 4 u=44 wheel=[3, 5, 7, 11, 13, 17, 19]    interval=     2295 f=      1 wheel=      11 joint=      1 corr=208.63636364 |corr-1|=207.63636364
  instance= 2 u=40 wheel=[3, 5, 7, 11, 13, 17]        interval=     1867 f=      1 wheel=      11 joint=      1 corr=169.72727273 |corr-1|=168.72727273
  instance= 3 u=56 wheel=[3, 5, 7, 11, 13, 17, 19]    interval=   277861 f=      1 wheel=    2204 joint=      1 corr=126.07123412 |corr-1|=125.07123412
  instance= 2 u=44 wheel=[3, 5, 7, 11, 13, 17, 19]    interval=      117 f=      1 wheel=       1 joint=      1 corr=117.00000000 |corr-1|=116.00000000
  instance= 2 u=44 wheel=[3, 5, 7, 11, 13, 17]        interval=      117 f=      1 wheel=       1 joint=      1 corr=117.00000000 |corr-1|=116.00000000
  instance= 4 u=40 wheel=[3, 5, 7, 11, 13, 17]        interval=    36717 f=      1 wheel=     321 joint=      1 corr=114.38317757 |corr-1|=113.38317757
  instance= 5 u=44 wheel=[3, 5, 7, 11, 13, 17]        interval=  1425297 f=      2 wheel=   12506 joint=      2 corr=113.96905485 |corr-1|=112.96905485
  instance= 4 u=36 wheel=[3, 5, 7, 11, 13, 17]        interval=   587451 f=      2 wheel=    5155 joint=      2 corr=113.95751697 |corr-1|=112.95751697
  instance= 7 u=52 wheel=[3, 5, 7, 11, 13, 17]        interval=  1421455 f=      1 wheel=   12482 joint=      1 corr=113.88038776 |corr-1|=112.88038776
  instance= 2 u=32 wheel=[3, 5, 7, 11, 13, 17]        interval=   477835 f=      2 wheel=    4199 joint=      2 corr=113.79733270 |corr-1|=112.79733270
  instance= 5 u=48 wheel=[3, 5, 7, 11, 13, 17]        interval=    89083 f=      1 wheel=     784 joint=      1 corr=113.62627551 |corr-1|=112.62627551
  instance= 2 u=36 wheel=[3, 5, 7, 11, 13, 17]        interval=    29865 f=      1 wheel=     263 joint=      1 corr=113.55513308 |corr-1|=112.55513308
  instance= 7 u=56 wheel=[3, 5, 7, 11, 13, 17]        interval=    88841 f=      1 wheel=     785 joint=      1 corr=113.17324841 |corr-1|=112.17324841
  instance= 6 u=48 wheel=[3, 5, 7, 11, 13, 17, 19]    interval=  1422849 f=      1 wheel=   12654 joint=      1 corr=112.44262684 |corr-1|=111.44262684
  instance= 6 u=52 wheel=[3, 5, 7, 11, 13, 17, 19]    interval=    88929 f=      1 wheel=     792 joint=      1 corr=112.28409091 |corr-1|=111.28409091
  instance= 6 u=56 wheel=[3, 5, 7, 11, 13, 17, 19]    interval=     5559 f=      1 wheel=      50 joint=      1 corr=111.18000000 |corr-1|=110.18000000
  instance= 4 u=44 wheel=[3, 5, 7, 11, 13, 17]        interval=     2295 f=      1 wheel=      22 joint=      1 corr=104.31818182 |corr-1|=103.31818182
  instance= 5 u=52 wheel=[3, 5, 7, 11, 13, 17]        interval=     5569 f=      1 wheel=      55 joint=      1 corr=101.25454545 |corr-1|=100.25454545
  instance= 5 u=56 wheel=[3, 5, 7, 11, 13, 17, 19]    interval=      349 f=      1 wheel=       4 joint=      1 corr=87.25000000 |corr-1|=86.25000000
  instance= 1 u=52 wheel=[3, 5, 7, 11, 13, 17, 19]    interval=   521329 f=      1 wheel=    6692 joint=      1 corr=77.90331739 |corr-1|=76.90331739

========================================================================================================================
EXACT INTERNAL CHECKS
========================================================================================================================
  all exact f conditions preserve true d          = True
  all wheel conditions preserve true d            = True
  all joint conditions preserve true d            = True
  all exact factor reconstructions are valid      = True
  all calculations use exact integer predicates   = True

========================================================================================================================
INTERPRETATION
========================================================================================================================
  Experiment 435 measured wheel density and f-candidate density
  separately.

  Experiment 436 measures their joint distribution.

  The central statistic is
      C = D_fw / (D_f * D_w).

  C approximately 1 means the wheel contributes roughly the
  expected rejection under independence.

  Significant systematic deviation from 1 would show that the
  residue-wheel condition is arithmetically correlated with
  the exact 2^u f-condition.

  That distinction matters because a wheel can appear to have
  a fixed density while nevertheless being unusually effective
  or ineffective on the actual f-candidate population.

  This remains a candidate-isolation experiment, not a
  factorization theorem.

========================================================================================================================
EXPERIMENT 436 FINAL STATUS
========================================================================================================================
  ENUMERATED CASES = 25
  ALL TRUE-D SURVIVAL CHECKS = True
  ALL EXACT RECONSTRUCTION CHECKS = True
========================================================================================================================
EXPERIMENT 436 FINISHED
========================================================================================================================
