====================================================================================================
THREE-CLOSE-PRIME 1D QUOTIENT-STRIP / HYPERBOLA ELIMINATION EXPERIMENT
====================================================================================================
M                         = 111,546,435
factor range              = 10,000 - 100,000
anchors                   = 300
modulus prime range       = 300 - 3,000
close ratio               = 20%
seed                      = 1,511,464,998

====================================================================================================
BUILDING PRIME POOLS
====================================================================================================
factor primes             = 8,363
modulus primes            = 368

====================================================================================================
BUILDING ANCHORS
====================================================================================================
actual anchors            = 300

====================================================================================================
SELECTING MAXIMUM-PRODUCT CLOSE TRIPLES
====================================================================================================
anchor  25/300
anchor  50/300
anchor  75/300
anchor 100/300
anchor 125/300
anchor 150/300
anchor 175/300
anchor 200/300
anchor 225/300
anchor 250/300
anchor 275/300
anchor 300/300

====================================================================================================
VALIDATING SELECTED MODULI
====================================================================================================
triple validation failures = 0

====================================================================================================
RUNNING 1D HYPERBOLA-STRIP SEARCH
====================================================================================================
anchor  25/300
anchor  50/300
anchor  75/300
anchor 100/300
anchor 125/300
anchor 150/300
anchor 175/300
anchor 200/300
anchor 225/300
anchor 250/300
anchor 275/300
anchor 300/300

====================================================================================================
SUMMARY
====================================================================================================
anchors analyzed                = 300
average full (k,l) pairs        = 930.000
average hyperbola strip tests   = 101.310
average product-cell survivors  = 41.987
average residue survivors       = 1.950
average r3 survivors             = 1.950
average prime candidates         = 1.950
average exact solutions          = 1.000

====================================================================================================
SEARCH REDUCTION
====================================================================================================
hyperbola-strip / full quotient lattice = 0.108935484
hyperbola-strip reduction = 89.106452%
product-cell / strip = 0.414437535
product-cell reduction from strip = 58.556247%
r3 / product-cell = 0.046443315
r3 reduction from product-cell = 95.355668%

====================================================================================================
RECOVERY
====================================================================================================
correctly recovered              = 300/300
recovery rate                    = 100.0000%

====================================================================================================
HYPERBOLA STRIP WIDTH
====================================================================================================
mean l states per k             = 3.377000
minimum l states per k          = 1.133333
maximum l states per k          = 8.900000

====================================================================================================
MOST AGGRESSIVE HYPERBOLA COLLAPSES
====================================================================================================
n=141,281,213 p=10,159 q=13,907 mods=(2969,2971,2999) R/n=187.2427022622 fullKL=930 strip=34 cells=2 residue=1 r3=1 exact=1
n=194,241,613 p=10,799 q=17,987 mods=(2969,2971,2999) R/n=136.1905705602 fullKL=930 strip=35 cells=5 residue=1 r3=1 exact=1
n=204,092,881 p=11,353 q=17,977 mods=(2969,2971,2999) R/n=129.6168488160 fullKL=930 strip=35 cells=5 residue=1 r3=1 exact=1
n=217,873,169 p=12,401 q=17,569 mods=(2969,2971,2999) R/n=121.4186961268 fullKL=930 strip=36 cells=7 residue=2 r3=2 exact=1
n=225,312,119 p=10,781 q=20,899 mods=(2969,2971,2999) R/n=117.4099121628 fullKL=930 strip=36 cells=7 residue=1 r3=1 exact=1
n=270,201,829 p=15,959 q=16,931 mods=(2969,2971,2999) R/n=97.9041341019 fullKL=930 strip=37 cells=10 residue=2 r3=2 exact=1
n=282,221,617 p=16,573 q=17,029 mods=(2969,2971,2999) R/n=93.7344076694 fullKL=930 strip=37 cells=10 residue=2 r3=2 exact=1
n=269,223,397 p=12,979 q=20,743 mods=(2969,2971,2999) R/n=98.2599446994 fullKL=930 strip=37 cells=10 residue=2 r3=2 exact=1
n=341,891,203 p=17,209 q=19,867 mods=(2969,2971,2999) R/n=77.3751294823 fullKL=930 strip=38 cells=14 residue=2 r3=2 exact=1
n=338,074,013 p=12,157 q=27,809 mods=(2969,2971,2999) R/n=78.2487712269 fullKL=930 strip=38 cells=14 residue=2 r3=2 exact=1
n=353,256,473 p=12,149 q=29,077 mods=(2969,2971,2999) R/n=74.8857505040 fullKL=930 strip=39 cells=15 residue=2 r3=2 exact=1
n=353,624,797 p=16,231 q=21,787 mods=(2969,2971,2999) R/n=74.8077519603 fullKL=930 strip=39 cells=15 residue=2 r3=2 exact=1
n=367,205,809 p=13,913 q=26,393 mods=(2969,2971,2999) R/n=72.0410065762 fullKL=930 strip=39 cells=16 residue=2 r3=2 exact=1
n=393,183,953 p=11,897 q=33,049 mods=(2969,2971,2999) R/n=67.2811692826 fullKL=930 strip=40 cells=18 residue=2 r3=2 exact=1
n=415,262,933 p=19,013 q=21,841 mods=(2969,2971,2999) R/n=63.7039186471 fullKL=930 strip=40 cells=18 residue=2 r3=2 exact=1
n=447,390,061 p=14,197 q=31,513 mods=(2969,2971,2999) R/n=59.1293334543 fullKL=930 strip=41 cells=21 residue=2 r3=2 exact=1
n=469,098,139 p=10,007 q=46,877 mods=(2969,2971,2999) R/n=56.3930527573 fullKL=930 strip=42 cells=22 residue=1 r3=1 exact=1
n=480,363,431 p=14,821 q=32,411 mods=(2969,2971,2999) R/n=55.0705453284 fullKL=930 strip=42 cells=23 residue=2 r3=2 exact=1
n=480,636,047 p=21,193 q=22,679 mods=(2969,2971,2999) R/n=55.0393094029 fullKL=930 strip=42 cells=23 residue=2 r3=2 exact=1
n=488,007,449 p=15,017 q=32,497 mods=(2969,2971,2999) R/n=54.2079350535 fullKL=930 strip=42 cells=23 residue=2 r3=2 exact=1

====================================================================================================
WEAKEST HYPERBOLA COLLAPSES
====================================================================================================
n=9,508,942,913 p=95,923 q=99,131 mods=(2969,2971,2999) R/n=2.7819996758 fullKL=930 strip=267 cells=3 residue=2 r3=2 exact=1
n=9,381,451,279 p=96,221 q=97,499 mods=(2969,2971,2999) R/n=2.8198063726 fullKL=930 strip=264 cells=5 residue=2 r3=2 exact=1
n=9,247,231,703 p=93,811 q=98,573 mods=(2969,2971,2999) R/n=2.8607346448 fullKL=930 strip=261 cells=5 residue=2 r3=2 exact=1
n=9,082,319,251 p=92,987 q=97,673 mods=(2969,2971,2999) R/n=2.9126785097 fullKL=930 strip=257 cells=7 residue=2 r3=2 exact=1
n=8,661,516,151 p=91,801 q=94,351 mods=(2969,2971,2999) R/n=3.0541853920 fullKL=930 strip=246 cells=9 residue=2 r3=2 exact=1
n=8,597,123,569 p=90,997 q=94,477 mods=(2969,2971,2999) R/n=3.0770612855 fullKL=930 strip=245 cells=11 residue=2 r3=2 exact=1
n=8,447,527,909 p=88,007 q=95,987 mods=(2969,2971,2999) R/n=3.1315523767 fullKL=930 strip=241 cells=11 residue=2 r3=2 exact=1
n=8,414,275,829 p=85,009 q=98,981 mods=(2969,2971,2999) R/n=3.1439278482 fullKL=930 strip=240 cells=11 residue=2 r3=2 exact=1
n=8,374,852,753 p=84,299 q=99,347 mods=(2969,2971,2999) R/n=3.1587273091 fullKL=930 strip=239 cells=11 residue=2 r3=2 exact=1
n=8,373,254,023 p=86,539 q=96,757 mods=(2969,2971,2999) R/n=3.1593304142 fullKL=930 strip=239 cells=11 residue=2 r3=2 exact=1
n=7,996,254,599 p=83,389 q=95,891 mods=(2969,2971,2999) R/n=3.3082833686 fullKL=930 strip=230 cells=15 residue=2 r3=2 exact=1
n=7,922,536,997 p=83,639 q=94,723 mods=(2969,2971,2999) R/n=3.3390662752 fullKL=930 strip=228 cells=15 residue=2 r3=2 exact=1
n=7,478,156,263 p=77,213 q=96,851 mods=(2969,2971,2999) R/n=3.5374864032 fullKL=930 strip=216 cells=17 residue=2 r3=2 exact=1
n=7,401,071,383 p=79,111 q=93,553 mods=(2969,2971,2999) R/n=3.5743306249 fullKL=930 strip=215 cells=19 residue=2 r3=2 exact=1
n=7,345,798,709 p=79,537 q=92,357 mods=(2969,2971,2999) R/n=3.6012252920 fullKL=930 strip=214 cells=19 residue=2 r3=2 exact=1
n=7,296,742,127 p=78,101 q=93,427 mods=(2969,2971,2999) R/n=3.6254366182 fullKL=930 strip=212 cells=19 residue=2 r3=2 exact=1
n=6,762,244,211 p=70,607 q=95,773 mods=(2969,2971,2999) R/n=3.9119965614 fullKL=930 strip=199 cells=23 residue=2 r3=2 exact=1
n=6,658,253,729 p=69,911 q=95,239 mods=(2969,2971,2999) R/n=3.9730952255 fullKL=930 strip=196 cells=23 residue=2 r3=2 exact=1
n=6,443,163,241 p=71,719 q=89,839 mods=(2969,2971,2999) R/n=4.1057280580 fullKL=930 strip=191 cells=25 residue=2 r3=2 exact=1
n=6,387,004,381 p=69,467 q=91,943 mods=(2969,2971,2999) R/n=4.1418283945 fullKL=930 strip=190 cells=25 residue=2 r3=2 exact=1

====================================================================================================
ANCHOR RESULTS
====================================================================================================
 ID       p       q    r1    r2    r3   FULLKL    STRIP    CELL    RES    R3 EXACT
----------------------------------------------------------------------------------------------------
  1  14,821  45,491  2969  2971  2999      930       47      35      2     2     1
  2  92,987  97,673  2969  2971  2999      930      257       7      2     2     1
  3  30,293  44,483  2969  2971  2999      930       64      59      2     2     1
  4  67,819  83,417  2969  2971  2999      930      171      29      2     2     1
  5  11,161  77,591  2969  2971  2999      930       52      47      1     1     1
  6  61,583  92,893  2969  2971  2999      930      173      29      2     2     1
  7  61,603  92,893  2969  2971  2999      930      173      29      2     2     1
  8  70,607  95,773  2969  2971  2999      930      199      23      2     2     1
  9  18,121  83,233  2969  2971  2999      930       67      57      2     2     1
 10  51,853  70,459  2969  2971  2999      930      121      43      2     2     1
 11  12,401  17,569  2969  2971  2999      930       36       7      2     2     1
 12  59,219  89,527  2969  2971  2999      930      163      33      2     2     1
 13  49,549  78,317  2969  2971  2999      930      126      41      2     2     1
 14  46,831  55,901  2969  2971  2999      930       96      51      2     2     1
 15  38,861  38,959  2969  2971  2999      930       67      57      2     2     1
 16  25,057  98,479  2969  2971  2999      930       91      51      2     2     1
 17  54,101  98,893  2969  2971  2999      930      163      31      2     2     1
 18  13,451  81,649  2969  2971  2999      930       58      58      2     2     1
 19  51,797  82,153  2969  2971  2999      930      136      39      2     2     1
 20  13,913  26,393  2969  2971  2999      930       39      16      2     2     1
 21  52,387  65,353  2969  2971  2999      930      116      45      2     2     1
 22  32,141  63,211  2969  2971  2999      930       81      55      2     2     1
 23  17,393  98,899  2969  2971  2999      930       73      57      2     2     1
 24  67,493  69,911  2969  2971  2999      930      148      37      2     2     1
 25  20,327  57,587  2969  2971  2999      930       60      60      2     2     1
 26  75,553  83,443  2969  2971  2999      930      187      25      2     2     1
 27  44,021  64,969  2969  2971  2999      930      102      49      2     2     1
 28  49,139  63,617  2969  2971  2999      930      108      47      2     2     1
 29  34,327  76,651  2969  2971  2999      930       96      51      2     2     1
 30  11,897  33,049  2969  2971  2999      930       40      18      2     2     1
 31  53,939  55,817  2969  2971  2999      930      105      47      2     2     1
 32  84,299  99,347  2969  2971  2999      930      239      11      2     2     1
 33  17,093  99,611  2969  2971  2999      930       73      57      2     2     1
 34  25,747  39,227  2969  2971  2999      930       55      55      2     2     1
 35  61,129  98,729  2969  2971  2999      930      181      27      2     2     1
 36  46,103  60,271  2969  2971  2999      930       99      49      2     2     1
 37  12,497  47,791  2969  2971  2999      930       44      30      2     2     1
 38  69,911  95,239  2969  2971  2999      930      196      23      2     2     1
 39  38,713  51,203  2969  2971  2999      930       80      55      2     2     1
 40  14,821  32,411  2969  2971  2999      930       42      23      2     2     1
 41  51,197  92,369  2969  2971  2999      930      149      37      2     2     1
 42  42,227  43,411  2969  2971  2999      930       75      55      2     2     1
 43  25,013  46,819  2969  2971  2999      930       60      60      2     2     1
 44  36,677  37,871  2969  2971  2999      930       65      59      2     2     1
 45  30,517  30,977  2969  2971  2999      930       53      51      2     2     1
 46  16,607  65,843  2969  2971  2999      930       57      57      2     2     1
 47  15,803  69,029  2969  2971  2999      930       57      57      2     2     1
 48  16,619  86,311  2969  2971  2999      930       66      59      2     2     1
 49  96,221  97,499  2969  2971  2999      930      264       5      2     2     1
 50  22,171  89,513  2969  2971  2999      930       79      55      2     2     1
 51  15,959  16,931  2969  2971  2999      930       37      10      2     2     1
 52  23,549  55,163  2969  2971  2999      930       62      59      2     2     1
 53  55,373  81,931  2969  2971  2999      930      143      37      2     2     1
 54  14,867  99,349  2969  2971  2999      930       67      59      2     2     1
 55  35,729  51,199  2969  2971  2999      930       75      55      2     2     1
 56  55,291  66,383  2969  2971  2999      930      122      43      2     2     1
 57  24,877  96,731  2969  2971  2999      930       90      51      2     2     1
 58  22,567  31,277  2969  2971  2999      930       48      37      2     2     1
 59  21,193  22,679  2969  2971  2999      930       42      23      2     2     1
 60  79,111  93,553  2969  2971  2999      930      215      19      2     2     1
 61  12,941  96,461  2969  2971  2999      930       61      59      2     2     1
 62  29,567  47,123  2969  2971  2999      930       65      59      2     2     1
 63  56,477  57,713  2969  2971  2999      930      112      47      2     2     1
 64  46,441  91,753  2969  2971  2999      930      136      39      2     2     1
 65  13,619  92,413  2969  2971  2999      930       61      59      2     2     1
 66  57,329  97,373  2969  2971  2999      930      170      31      2     2     1
 67  47,713  53,591  2969  2971  2999      930       94      51      2     2     1
 68  35,423  83,227  2969  2971  2999      930      104      49      2     2     1
 69  62,921  67,579  2969  2971  2999      930      136      39      2     2     1
 70  56,671  95,483  2969  2971  2999      930      165      31      2     2     1
 71  51,869  82,997  2969  2971  2999      930      138      39      2     2     1
 72  62,971  82,009  2969  2971  2999      930      159      33      2     2     1
 73  66,523  74,149  2969  2971  2999      930      153      35      2     2     1
 74  17,477  48,649  2969  2971  2999      930       52      46      2     2     1
 75  15,541  95,471  2969  2971  2999      930       68      59      2     2     1
 76  54,083  79,039  2969  2971  2999      930      137      39      2     2     1
 77  54,829  56,957  2969  2971  2999      930      108      47      2     2     1
 78  19,603  96,517  2969  2971  2999      930       77      55      2     2     1
 79  14,251  65,129  2969  2971  2999      930       53      51      2     2     1
 80  10,799  17,987  2969  2971  2999      930       35       5      1     1     1
 81  27,689  91,733  2969  2971  2999      930       93      51      2     2     1
 82  33,191  35,027  2969  2971  2999      930       59      59      2     2     1
 83  49,207  61,409  2969  2971  2999      930      105      47      2     2     1
 84  56,179  66,377  2969  2971  2999      930      123      43      2     2     1
 85  66,457  71,429  2969  2971  2999      930      149      37      2     2     1
 86  38,821  46,807  2969  2971  2999      930       75      55      2     2     1
 87  70,877  73,613  2969  2971  2999      930      160      33      2     2     1
 88  29,663  77,477  2969  2971  2999      930       88      53      2     2     1
 89  51,133  76,081  2969  2971  2999      930      127      41      2     2     1
 90  10,223  55,339  2969  2971  2999      930       45      29      1     1     1
 91  65,789  85,627  2969  2971  2999      930      171      31      2     2     1
 92  35,597  48,353  2969  2971  2999      930       73      57      2     2     1
 93  16,573  17,029  2969  2971  2999      930       37      10      2     2     1
 94  48,527  84,443  2969  2971  2999      930      133      41      2     2     1
 95  27,239  93,529  2969  2971  2999      930       94      51      2     2     1
 96  11,149  62,053  2969  2971  2999      930       47      36      1     1     1
 97  21,841  83,591  2969  2971  2999      930       75      55      2     2     1
 98  10,687  79,319  2969  2971  2999      930       52      46      1     1     1
 99  42,397  78,049  2969  2971  2999      930      112      45      2     2     1
100  31,489  40,973  2969  2971  2999      930       62      59      2     2     1
101  20,963  51,287  2969  2971  2999      930       57      57      2     2     1
102  18,671  51,197  2969  2971  2999      930       54      53      2     2     1
103  15,581  82,567  2969  2971  2999      930       62      59      2     2     1
104  52,567  83,719  2969  2971  2999      930      140      39      2     2     1
105  35,899  38,603  2969  2971  2999      930       65      59      2     2     1
106  55,631  95,191  2969  2971  2999      930      163      33      2     2     1
107  25,471  58,909  2969  2971  2999      930       67      57      2     2     1
108  23,473  23,833  2969  2971  2999      930       44      27      2     2     1
109  18,253  35,759  2969  2971  2999      930       46      33      2     2     1
110  30,809  77,359  2969  2971  2999      930       89      51      2     2     1
111  26,161  54,631  2969  2971  2999      930       66      59      2     2     1
112  64,037  92,009  2969  2971  2999      930      177      29      2     2     1
113  38,873  42,953  2969  2971  2999      930       72      57      2     2     1
114  55,903  82,207  2969  2971  2999      930      145      37      2     2     1
115  42,697  99,787  2969  2971  2999      930      136      39      2     2     1
116  17,971  36,007  2969  2971  2999      930       46      33      2     2     1
117  95,923  99,131  2969  2971  2999      930      267       3      2     2     1
118  40,487  85,049  2969  2971  2999      930      116      45      2     2     1
119  47,981  69,427  2969  2971  2999      930      113      45      2     2     1
120  42,641  45,959  2969  2971  2999      930       79      55      2     2     1
121  77,213  96,851  2969  2971  2999      930      216      17      2     2     1
122  65,557  96,827  2969  2971  2999      930      188      25      2     2     1
123  55,079  55,829  2969  2971  2999      930      107      47      2     2     1
124  40,529  60,889  2969  2971  2999      930       91      51      2     2     1
125  59,119  68,683  2969  2971  2999      930      132      41      2     2     1
126  50,423  74,017  2969  2971  2999      930      123      43      2     2     1
127  26,641  34,231  2969  2971  2999      930       52      49      2     2     1
128  79,537  92,357  2969  2971  2999      930      214      19      2     2     1
129  26,863  37,201  2969  2971  2999      930       55      55      2     2     1
130  70,921  88,969  2969  2971  2999      930      187      25      2     2     1
131  46,757  74,279  2969  2971  2999      930      117      45      2     2     1
132  53,507  85,447  2969  2971  2999      930      144      37      2     2     1
133  27,997  72,889  2969  2971  2999      930       81      55      2     2     1
134  55,217  75,217  2969  2971  2999      930      134      41      2     2     1
135  72,719  76,753  2969  2971  2999      930      170      31      2     2     1
136  16,063  45,137  2969  2971  2999      930       48      38      2     2     1
137  33,997  94,811  2969  2971  2999      930      111      47      2     2     1
138  11,353  17,977  2969  2971  2999      930       35       5      1     1     1
139  14,197  31,513  2969  2971  2999      930       41      21      2     2     1
140  10,163  88,663  2969  2971  2999      930       52      49      1     1     1
141  40,241  45,659  2969  2971  2999      930       76      55      2     2     1
142  41,117  54,907  2969  2971  2999      930       86      53      2     2     1
143  44,959  76,943  2969  2971  2999      930      117      45      2     2     1
144  52,453  67,049  2969  2971  2999      930      118      45      2     2     1
145  83,639  94,723  2969  2971  2999      930      228      15      2     2     1
146  18,661  83,023  2969  2971  2999      930       68      57      2     2     1
147  56,773  67,213  2969  2971  2999      930      126      43      2     2     1
148  33,713  67,931  2969  2971  2999      930       87      53      2     2     1
149  88,007  95,987  2969  2971  2999      930      241      11      2     2     1
150  43,487  71,993  2969  2971  2999      930      108      47      2     2     1
151  65,993  71,341  2969  2971  2999      930      148      37      2     2     1
152  37,277  75,767  2969  2971  2999      930      101      49      2     2     1
153  59,467  83,269  2969  2971  2999      930      154      35      2     2     1
154  27,809  41,513  2969  2971  2999      930       59      59      2     2     1
155  33,563  93,371  2969  2971  2999      930      108      47      2     2     1
156  15,823  79,621  2969  2971  2999      930       61      59      2     2     1
157  23,339  96,269  2969  2971  2999      930       86      53      2     2     1
158  39,979  53,773  2969  2971  2999      930       83      53      2     2     1
159  32,531  82,613  2969  2971  2999      930       97      49      2     2     1
160  16,447  47,791  2969  2971  2999      930       50      42      2     2     1
161  21,317  49,367  2969  2971  2999      930       56      56      2     2     1
162  22,129  50,087  2969  2971  2999      930       58      58      2     2     1
163  20,771  41,399  2969  2971  2999      930       52      46      2     2     1
164  37,987  73,037  2969  2971  2999      930       99      49      2     2     1
165  36,467  44,701  2969  2971  2999      930       71      57      2     2     1
166  28,597  40,829  2969  2971  2999      930       60      60      2     2     1
167  13,177  70,729  2969  2971  2999      930       53      51      2     2     1
168  50,647  72,101  2969  2971  2999      930      120      43      2     2     1
169  63,559  66,541  2969  2971  2999      930      135      39      2     2     1
170  22,921  29,401  2969  2971  2999      930       47      35      2     2     1
171  43,481  90,281  2969  2971  2999      930      128      41      2     2     1
172  17,209  19,867  2969  2971  2999      930       38      14      2     2     1
173  38,699  77,347  2969  2971  2999      930      104      47      2     2     1
174  26,683  59,453  2969  2971  2999      930       69      57      2     2     1
175  12,157  27,809  2969  2971  2999      930       38      14      2     2     1
176  39,703  90,659  2969  2971  2999      930      120      43      2     2     1
177  42,293  55,313  2969  2971  2999      930       89      53      2     2     1
178  26,891  81,553  2969  2971  2999      930       85      53      2     2     1
179  43,063  90,697  2969  2971  2999      930      127      41      2     2     1
180  14,891  39,079  2969  2971  2999      930       45      29      2     2     1
181  78,101  93,427  2969  2971  2999      930      212      19      2     2     1
182  22,643  31,319  2969  2971  2999      930       48      37      2     2     1
183  59,233  99,767  2969  2971  2999      930      178      29      2     2     1
184  19,013  21,841  2969  2971  2999      930       40      18      2     2     1
185  33,889  50,333  2969  2971  2999      930       73      57      2     2     1
186  12,149  29,077  2969  2971  2999      930       39      15      2     2     1
187  62,563  73,951  2969  2971  2999      930      146      37      2     2     1
188  21,283  24,043  2969  2971  2999      930       43      25      2     2     1
189  36,109  67,927  2969  2971  2999      930       91      51      2     2     1
190  67,807  83,003  2969  2971  2999      930      171      31      2     2     1
191  10,781  20,899  2969  2971  2999      930       36       7      1     1     1
192  63,211  80,779  2969  2971  2999      930      157      33      2     2     1
193  90,997  94,477  2969  2971  2999      930      245      11      2     2     1
194  93,811  98,573  2969  2971  2999      930      261       5      2     2     1
195  30,203  45,247  2969  2971  2999      930       64      59      2     2     1
196  44,851  95,203  2969  2971  2999      930      137      39      2     2     1
197  16,231  21,787  2969  2971  2999      930       39      15      2     2     1
198  21,599  37,049  2969  2971  2999      930       50      42      2     2     1
199  37,889  82,469  2969  2971  2999      930      108      47      2     2     1
200  28,627  46,901  2969  2971  2999      930       64      59      2     2     1
201  33,997  46,691  2969  2971  2999      930       69      57      2     2     1
202  64,271  72,797  2969  2971  2999      930      147      37      2     2     1
203  27,527  54,497  2969  2971  2999      930       67      57      2     2     1
204  13,259  67,579  2969  2971  2999      930       52      49      2     2     1
205  63,841  72,649  2969  2971  2999      930      146      37      2     2     1
206  11,497  99,371  2969  2971  2999      930       59      59      1     1     1
207  47,111  97,327  2969  2971  2999      930      144      37      2     2     1
208  11,717  72,019  2969  2971  2999      930       51      45      1     1     1
209  28,513  84,131  2969  2971  2999      930       89      51      2     2     1
210  62,563  99,929  2969  2971  2999      930      186      25      2     2     1
211  11,839  75,329  2969  2971  2999      930       52      49      1     1     1
212  22,391  68,111  2969  2971  2999      930       68      57      2     2     1
213  58,367  97,463  2969  2971  2999      930      172      29      2     2     1
214  26,591  32,647  2969  2971  2999      930       52      47      2     2     1
215  91,801  94,351  2969  2971  2999      930      246       9      2     2     1
216  39,097  46,867  2969  2971  2999      930       75      55      2     2     1
217  29,429  67,619  2969  2971  2999      930       80      55      2     2     1
218  46,451  56,081  2969  2971  2999      930       95      51      2     2     1
219  49,393  77,081  2969  2971  2999      930      125      43      2     2     1
220  44,983  90,397  2969  2971  2999      930      132      41      2     2     1
221  58,099  86,467  2969  2971  2999      930      156      35      2     2     1
222  29,147  33,317  2969  2971  2999      930       54      53      2     2     1
223  24,197  60,631  2969  2971  2999      930       67      59      2     2     1
224  17,851  61,297  2969  2971  2999      930       58      58      2     2     1
225  25,579  31,601  2969  2971  2999      930       50      43      2     2     1
226  43,391  99,733  2969  2971  2999      930      138      39      2     2     1
227  12,979  20,743  2969  2971  2999      930       37      10      2     2     1
228  10,007  50,951  2969  2971  2999      930       43      25      1     1     1
229  10,159  13,907  2969  2971  2999      930       34       2      1     1     1
230  38,377  40,949  2969  2971  2999      930       69      57      2     2     1
231  32,003  53,551  2969  2971  2999      930       73      57      2     2     1
232  53,089  54,287  2969  2971  2999      930      102      49      2     2     1
233  31,567  61,843  2969  2971  2999      930       79      55      2     2     1
234  25,033  36,793  2969  2971  2999      930       53      51      2     2     1
235  41,641  52,379  2969  2971  2999      930       84      53      2     2     1
236  20,809  41,467  2969  2971  2999      930       52      47      2     2     1
237  30,187  63,743  2969  2971  2999      930       78      55      2     2     1
238  69,557  85,597  2969  2971  2999      930      177      27      2     2     1
239  64,157  94,273  2969  2971  2999      930      181      27      2     2     1
240  43,271  78,179  2969  2971  2999      930      114      45      2     2     1
241  15,739  80,329  2969  2971  2999      930       61      59      2     2     1
242  20,297  70,157  2969  2971  2999      930       66      59      2     2     1
243  27,253  45,281  2969  2971  2999      930       60      59      2     2     1
244  26,893  77,447  2969  2971  2999      930       82      53      2     2     1
245  14,843  40,699  2969  2971  2999      930       45      31      2     2     1
246  33,113  70,537  2969  2971  2999      930       89      53      2     2     1
247  65,729  84,421  2969  2971  2999      930      169      31      2     2     1
248  71,719  89,839  2969  2971  2999      930      191      25      2     2     1
249  55,721  67,901  2969  2971  2999      930      125      43      2     2     1
250  45,763  89,917  2969  2971  2999      930      133      41      2     2     1
251  52,631  99,551  2969  2971  2999      930      158      29      2     2     1
252  39,119  61,211  2969  2971  2999      930       89      51      2     2     1
253  35,363  44,201  2969  2971  2999      930       69      57      2     2     1
254  42,793  74,527  2969  2971  2999      930      110      47      2     2     1
255  26,423  86,743  2969  2971  2999      930       87      53      2     2     1
256  35,449  45,083  2969  2971  2999      930       70      57      2     2     1
257  33,533  62,459  2969  2971  2999      930       82      53      2     2     1
258  10,723  81,041  2969  2971  2999      930       52      47      1     1     1
259  32,429  37,889  2969  2971  2999      930       60      59      2     2     1
260  18,077  36,523  2969  2971  2999      930       46      34      2     2     1
261  14,767  59,183  2969  2971  2999      930       52      47      2     2     1
262  46,099  72,937  2969  2971  2999      930      114      45      2     2     1
263  12,011  90,071  2969  2971  2999      930       57      57      2     2     1
264  77,383  80,669  2969  2971  2999      930      185      25      2     2     1
265  70,901  86,851  2969  2971  2999      930      184      27      2     2     1
266  28,099  47,087  2969  2971  2999      930       60      53      2     2     1
267  10,007  46,877  2969  2971  2999      930       42      22      1     1     1
268  29,867  38,959  2969  2971  2999      930       59      59      2     2     1
269  37,907  86,753  2969  2971  2999      930      112      45      2     2     1
270  86,539  96,757  2969  2971  2999      930      239      11      2     2     1
271  31,963  84,719  2969  2971  2999      930       97      49      2     2     1
272  57,397  66,071  2969  2971  2999      930      125      43      2     2     1
273  32,969  95,429  2969  2971  2999      930      109      47      2     2     1
274  46,691  81,971  2969  2971  2999      930      126      43      2     2     1
275  85,009  98,981  2969  2971  2999      930      240      11      2     2     1
276  19,403  39,971  2969  2971  2999      930       49      41      2     2     1
277  50,773  96,337  2969  2971  2999      930      152      35      2     2     1
278  43,801  55,207  2969  2971  2999      930       90      51      2     2     1
279  28,573  81,041  2969  2971  2999      930       88      53      2     2     1
280  58,789  78,887  2969  2971  2999      930      146      37      2     2     1
281  13,331  52,541  2969  2971  2999      930       47      36      2     2     1
282  62,873  95,857  2969  2971  2999      930      180      27      2     2     1
283  21,503  54,907  2969  2971  2999      930       60      60      2     2     1
284  17,077  66,037  2969  2971  2999      930       58      58      2     2     1
285  21,341  97,283  2969  2971  2999      930       82      55      2     2     1
286  15,017  32,497  2969  2971  2999      930       42      23      2     2     1
287  19,211  34,267  2969  2971  2999      930       46      34      2     2     1
288  55,829  65,239  2969  2971  2999      930      121      43      2     2     1
289  45,307  56,857  2969  2971  2999      930       95      51      2     2     1
290  24,767  52,501  2969  2971  2999      930       62      59      2     2     1
291  63,211  65,579  2969  2971  2999      930      134      41      2     2     1
292  69,467  91,943  2969  2971  2999      930      190      25      2     2     1
293  30,427  93,059  2969  2971  2999      930      101      49      2     2     1
294  29,123  82,487  2969  2971  2999      930       90      51      2     2     1
295  37,441  81,223  2969  2971  2999      930      106      47      2     2     1
296  33,343  36,341  2969  2971  2999      930       60      59      2     2     1
297  83,389  95,891  2969  2971  2999      930      230      15      2     2     1
298  26,987  51,043  2969  2971  2999      930       65      59      2     2     1
299  18,269  33,521  2969  2971  2999      930       45      31      2     2     1
300  26,111  91,639  2969  2971  2999      930       89      51      2     2     1

====================================================================================================
TIMING
====================================================================================================
search runtime                  = 4.662 seconds
total runtime                   = 4.686 seconds

====================================================================================================
MATHEMATICAL INTERPRETATION
====================================================================================================

Previous quotient experiments used a 2D lattice:

    (k,l)

with:

    p = a + k*r1
    q = b + l*r2.

The present experiment uses the hyperbola:

    p*q = n.

For a fixed k:

    k*r1 <= p < (k+1)*r1.

Since:

    q = n/p,

we obtain:

    n/((k+1)*r1) < q <= n/(k*r1).

Therefore the possible l values are obtained directly from
the q interval.

The search becomes:

    k
    |
    v
    hyperbola q-range
    |
    v
    l interval
    |
    v
    quotient cell
    |
    v
    product interval
    |
    v
    exact residue/divisibility test
    |
    v
    exact factorization.

The crucial statistic is:

    hyperbola-strip tests / full (k,l) pairs.

If this ratio is very small, the hyperbola itself is eliminating
most of the quotient lattice before any modular arithmetic.

The next important statistic is:

    product-cell survivors.

If the quotient strip is narrow AND product cells collapse
strongly, then the factor search is becoming effectively
one-dimensional.

However, there is a deliberate caveat:

    the final cell search still inspects integer p values
    inside surviving cells.

Therefore this experiment does NOT claim a new factoring
algorithm merely from quotient compression.

The decisive question is whether the number and width of the
surviving cells can themselves be driven close to O(1) per anchor
without reverting to essentially all integers in the factor
interval.

Every final candidate is checked with:

    p*q == n

so modular or quotient false positives cannot count as recovery.


====================================================================================================
EXPERIMENT COMPLETE
====================================================================================================
