START EXPERIMENT 163
========================================================================
Global Multiplicative Rank-1 Recovery from C-Product Sets

Experiment 162 established:

    C_ij = F_ij(a_i * b_j)

with

    a_i = p mod r_i
    b_j = q mod s_j

Therefore every cell produces an allowed
product set Z_ij, while globally

    z_ij = a_i * b_j

This experiment anchors one (a_0,b_0),
propagates divisibility/product constraints,
then applies full bipartite arc consistency.
========================================================================

------------------------------------------------------------------------
BIT SIZE = 30
------------------------------------------------------------------------

Sample 1:
  p = 20357
  q = 28307
  n = 576245599

True residue vectors:
  A = [8, 18, 2, 51, 22]
  B = [16, 2, 3, 56, 5]
  true anchor = (8, 16)

Anchor filtering:
  corner-compatible anchors = 242
  globally feasible anchors = 228
  anchor propagation time = 0.408688s

Most constrained surviving anchors:
  anchor=(16, 2) sum_width=184 cartesian=347443200
      A=[[16], [1, 2, 3, 4, 5, 6, 7, 8, 9, 10, 11, 12, 13, 14, 15, 16, 17, 18, 20, 22, 23, 24, 25, 26, 27, 28, 29, 30, 31, 32, 33, 34, 35, 36, 37, 39, 40, 41, 42], [1, 2, 3, 4, 5, 6, 9, 10, 11, 12, 13, 14, 15, 17, 18, 19, 20, 21, 22, 23, 24, 25, 26, 27, 28, 31, 32, 33, 34, 35, 36, 38, 39, 40, 41, 42, 45, 46, 47, 48, 49, 50, 51, 52, 53, 54, 55, 56, 57, 58], [52], [1, 2, 3, 4, 8, 9, 10, 11, 12, 14, 15, 16, 17, 20, 22, 24, 28, 29, 30, 31, 33, 34, 35, 39, 40, 42, 43, 46, 47, 48, 49, 50, 52, 53, 54, 55, 56, 58, 60, 61, 62, 63, 65, 66, 67, 68, 69, 71, 72, 73, 74, 75, 77, 78, 79, 80, 81, 82]]
      B=[[2], [1, 2, 4, 5, 7, 8, 13, 21], [2, 3, 9, 10, 18, 26], [6, 14, 28, 45], [3, 4, 5, 6, 7, 8, 9, 18, 20, 21, 22, 33, 34, 46, 47, 60]]
      DFS solutions=5000 cap_hit=True true_found=False
  anchor=(15, 2) sum_width=190 cartesian=625152000
      A=[[15], [1, 2, 3, 4, 5, 6, 7, 8, 9, 10, 11, 12, 13, 14, 15, 16, 17, 18, 20, 21, 22, 23, 24, 25, 26, 28, 29, 30, 31, 32, 33, 35, 36, 37, 39, 40, 42], [2, 4, 5, 6, 8, 9, 10, 11, 12, 13, 14, 15, 17, 18, 19, 20, 21, 22, 23, 24, 25, 26, 27, 28, 31, 32, 33, 34, 35, 36, 38, 39, 40, 41, 42, 43, 45, 46, 47, 48, 49, 50, 51, 52, 53, 54, 55, 56, 57, 58], [52], [1, 2, 3, 4, 5, 8, 9, 10, 11, 12, 14, 15, 16, 17, 18, 20, 22, 23, 24, 27, 28, 29, 30, 31, 33, 34, 35, 36, 37, 39, 40, 42, 43, 46, 47, 48, 49, 50, 52, 53, 54, 55, 56, 58, 59, 60, 61, 62, 63, 65, 66, 68, 69, 71, 72, 73, 74, 75, 77, 78, 79, 80, 81, 82]]
      B=[[2], [1, 2, 4, 5, 8, 9, 11, 12, 15, 19, 22, 26], [1, 3, 10, 18, 26], [6, 14, 20, 25, 31, 36, 42, 48], [3, 4, 6, 8, 9, 19, 21, 32, 34, 47, 60]]
      DFS solutions=5000 cap_hit=True true_found=False
  anchor=(14, 2) sum_width=192 cartesian=534643200
      A=[[14], [1, 2, 3, 4, 5, 6, 7, 8, 9, 10, 11, 12, 13, 14, 15, 16, 17, 18, 20, 21, 22, 23, 24, 25, 26, 27, 28, 29, 30, 31, 32, 33, 34, 35, 36, 37, 39, 40, 41, 42], [1, 2, 3, 4, 5, 6, 8, 9, 10, 11, 12, 13, 14, 17, 18, 19, 20, 21, 22, 23, 24, 25, 26, 27, 28, 31, 32, 33, 34, 35, 36, 38, 39, 40, 41, 42, 43, 45, 46, 47, 48, 49, 50, 51, 52, 53, 54, 55, 56, 57, 58], [52], [1, 3, 4, 5, 8, 9, 10, 11, 12, 14, 15, 16, 17, 18, 20, 21, 22, 23, 24, 27, 28, 29, 30, 31, 33, 34, 35, 36, 37, 39, 40, 42, 43, 46, 47, 48, 49, 50, 52, 53, 54, 55, 56, 58, 59, 60, 61, 62, 63, 65, 66, 67, 68, 69, 71, 72, 73, 74, 75, 77, 78, 79, 80, 81, 82]]
      B=[[2], [1, 6, 7, 8, 9, 11, 12, 13], [1, 2, 3, 9, 10, 18, 26], [6, 20, 28, 36, 45, 53], [3, 4, 5, 6, 7, 8, 18, 20, 21, 22, 34, 47]]
      DFS solutions=5000 cap_hit=True true_found=False
  anchor=(13, 2) sum_width=192 cartesian=690094080
      A=[[13], [1, 2, 3, 4, 5, 6, 7, 8, 9, 10, 11, 12, 13, 14, 15, 16, 17, 18, 20, 22, 23, 24, 25, 26, 27, 28, 29, 30, 31, 32, 33, 34, 35, 36, 37, 39, 40, 41, 42], [1, 2, 3, 4, 5, 6, 9, 10, 11, 12, 13, 14, 15, 17, 18, 19, 20, 21, 22, 23, 24, 25, 26, 27, 28, 31, 32, 33, 34, 35, 36, 38, 39, 40, 41, 42, 45, 46, 47, 48, 50, 51, 52, 53, 54, 55, 56, 58], [52], [1, 2, 3, 4, 5, 8, 9, 11, 12, 14, 15, 16, 17, 18, 20, 21, 22, 23, 24, 27, 28, 29, 30, 33, 34, 35, 36, 37, 39, 40, 41, 43, 46, 47, 48, 49, 50, 52, 53, 54, 55, 56, 58, 59, 60, 61, 62, 63, 65, 66, 67, 68, 69, 71, 72, 73, 74, 75, 77, 78, 79, 80, 81, 82]]
      B=[[2], [1, 2, 4, 6, 7, 9, 11, 13, 14, 21], [2, 3, 9, 10, 18, 26], [6, 44, 47, 58, 61, 64], [3, 4, 5, 6, 7, 8, 9, 18, 19, 20, 21, 22, 32, 33, 34, 47]]
      DFS solutions=5000 cap_hit=True true_found=False
  anchor=(10, 2) sum_width=193 cartesian=891607860
      A=[[10], [1, 2, 3, 4, 5, 6, 7, 8, 9, 10, 11, 12, 13, 14, 15, 16, 18, 20, 22, 23, 24, 26, 28, 29, 32, 33, 35, 36, 37, 39, 40, 41, 42], [4, 5, 6, 9, 10, 11, 12, 13, 14, 17, 18, 19, 20, 21, 22, 23, 24, 25, 26, 27, 28, 31, 32, 33, 34, 35, 36, 37, 38, 39, 40, 41, 42, 45, 46, 47, 48, 49, 50, 51, 52, 53, 54, 55, 56, 57, 58], [52], [1, 2, 3, 4, 5, 8, 9, 10, 11, 12, 14, 15, 16, 17, 18, 20, 21, 22, 23, 24, 27, 28, 29, 30, 31, 33, 34, 35, 36, 37, 39, 40, 41, 42, 43, 46, 47, 48, 49, 50, 52, 53, 54, 55, 56, 58, 59, 60, 61, 62, 63, 65, 66, 67, 68, 69, 71, 72, 73, 74, 75, 77, 78, 79, 80, 81, 82]]
      B=[[2], [1, 2, 3, 4, 5, 6, 8, 12, 14, 20, 22, 33, 35], [9, 10, 18, 26], [17, 20, 28, 36, 39, 45, 47, 55, 56, 64, 72], [3, 4, 5, 6, 7, 8, 9, 18, 20, 21, 22, 32, 34, 46, 60]]
      DFS solutions=5000 cap_hit=True true_found=False
  anchor=(3, 2) sum_width=201 cartesian=1617546294
      A=[[3], [1, 2, 4, 5, 6, 7, 8, 9, 10, 11, 12, 13, 14, 16, 17, 18, 20, 22, 23, 24, 25, 26, 28, 29, 30, 31, 32, 35, 36, 37, 39, 40, 41, 42], [2, 4, 5, 9, 12, 13, 14, 15, 17, 18, 19, 21, 22, 23, 24, 26, 27, 28, 31, 32, 33, 34, 36, 38, 40, 41, 42, 45, 46, 47, 49, 50, 51, 52, 53, 54, 55, 56, 57], [52], [1, 2, 3, 4, 5, 8, 9, 10, 11, 12, 14, 15, 16, 17, 18, 20, 21, 22, 23, 24, 27, 28, 29, 30, 31, 33, 34, 35, 36, 37, 39, 40, 41, 42, 43, 46, 47, 48, 49, 50, 52, 53, 54, 55, 56, 58, 59, 60, 61, 62, 63, 65, 66, 67, 68, 69, 71, 72, 73, 74, 75, 77, 78, 79, 80, 81, 82]]
      B=[[2], [1, 2, 3, 4, 5, 6, 7, 8, 9, 11, 19, 20, 21, 22, 26, 27, 28], [3, 9, 26], [6, 14, 17, 28, 31, 34, 36, 39, 44, 45, 47, 48, 53, 56, 61, 62, 64, 65, 66, 69, 70], [3, 4, 5, 6, 7, 8, 9, 19, 20, 21, 22, 32, 33, 34, 46, 47, 60]]
      DFS solutions=5000 cap_hit=True true_found=False
  anchor=(6, 2) sum_width=202 cartesian=1590607872
      A=[[6], [1, 2, 4, 5, 6, 7, 8, 9, 10, 11, 12, 13, 14, 15, 16, 17, 18, 20, 22, 23, 24, 25, 27, 28, 29, 30, 31, 32, 33, 34, 35, 36, 37, 40, 41, 42], [1, 2, 3, 4, 5, 9, 10, 11, 12, 13, 14, 15, 17, 18, 19, 21, 22, 23, 24, 25, 27, 28, 31, 32, 33, 34, 35, 36, 38, 40, 41, 42, 45, 46, 47, 48, 49, 50, 51, 52, 53, 54, 55, 56, 57, 58], [52], [1, 2, 3, 4, 5, 8, 9, 10, 11, 12, 14, 15, 16, 17, 18, 20, 21, 22, 23, 24, 27, 28, 29, 30, 31, 33, 34, 35, 36, 37, 39, 40, 41, 42, 43, 46, 47, 48, 49, 50, 52, 53, 54, 55, 56, 58, 59, 60, 61, 62, 63, 65, 66, 67, 68, 69, 71, 72, 73, 74, 75, 77, 78, 79, 80, 81, 82]]
      B=[[2], [1, 2, 3, 4, 5, 9, 11, 12, 13, 14, 19, 20, 21, 22, 27, 28], [2, 3, 10, 26], [14, 17, 20, 28, 31, 39, 45, 47, 48, 50, 56, 58, 62, 65, 67, 69], [3, 4, 5, 6, 7, 8, 18, 19, 20, 22, 32, 34, 46, 47]]
      DFS solutions=5000 cap_hit=True true_found=False
  anchor=(12, 2) sum_width=203 cartesian=1241697600
      A=[[12], [1, 2, 3, 4, 5, 6, 7, 8, 9, 10, 11, 12, 13, 14, 15, 16, 17, 18, 20, 21, 22, 23, 24, 25, 26, 27, 28, 29, 30, 31, 32, 33, 34, 35, 36, 37, 39, 40, 41, 42], [1, 2, 3, 4, 5, 6, 8, 9, 10, 11, 12, 13, 14, 15, 17, 18, 19, 20, 21, 22, 23, 24, 25, 26, 27, 28, 31, 32, 33, 34, 35, 36, 38, 39, 40, 41, 42, 43, 45, 46, 47, 48, 49, 50, 51, 52, 53, 54, 55, 56, 57, 58], [52], [1, 2, 3, 4, 5, 8, 9, 10, 11, 12, 14, 15, 16, 17, 18, 20, 21, 22, 23, 24, 27, 28, 29, 30, 31, 33, 34, 35, 36, 37, 39, 40, 41, 42, 43, 46, 47, 48, 49, 50, 52, 53, 54, 55, 56, 58, 59, 60, 61, 62, 63, 65, 66, 67, 68, 69, 71, 72, 73, 74, 75, 77, 78, 79, 80, 81, 82]]
      B=[[2], [1, 2, 5, 6, 7, 9, 11, 14, 15, 19, 28], [1, 2, 3, 10, 18, 26], [14, 25, 28, 31, 42, 44, 45, 58, 59], [3, 4, 5, 6, 7, 8, 9, 18, 20, 21, 22, 32, 33, 34, 46]]
      DFS solutions=5000 cap_hit=True true_found=False
  anchor=(11, 2) sum_width=203 cartesian=1559710152
      A=[[11], [1, 2, 3, 4, 5, 6, 7, 8, 9, 10, 11, 12, 13, 14, 15, 16, 18, 20, 21, 22, 23, 24, 25, 26, 27, 28, 29, 31, 32, 33, 34, 35, 36, 37, 39, 40, 41, 42], [1, 2, 3, 4, 5, 6, 8, 9, 10, 11, 12, 13, 14, 17, 18, 19, 20, 21, 22, 23, 24, 25, 26, 27, 28, 31, 32, 33, 34, 35, 36, 38, 39, 40, 41, 42, 43, 45, 46, 47, 48, 49, 50, 51, 52, 53, 54, 55, 56, 57, 58], [52], [1, 2, 3, 4, 5, 8, 9, 10, 11, 12, 14, 15, 16, 17, 18, 20, 21, 22, 23, 24, 27, 28, 29, 30, 31, 33, 34, 35, 36, 37, 39, 40, 41, 42, 43, 46, 47, 48, 49, 50, 52, 53, 54, 55, 56, 58, 59, 60, 61, 62, 63, 65, 66, 67, 68, 69, 71, 72, 73, 74, 75, 77, 78, 79, 80, 81, 82]]
      B=[[2], [3, 4, 5, 6, 7, 8, 12, 13, 14, 15, 20, 21, 22], [1, 2, 9, 10, 18, 26], [6, 14, 20, 25, 31, 42, 44, 48, 50, 67, 69], [3, 4, 5, 6, 7, 9, 19, 20, 21, 22, 32, 33, 34, 46]]
      DFS solutions=5000 cap_hit=True true_found=False
  anchor=(5, 2) sum_width=205 cartesian=1916221440
      A=[[5], [1, 2, 3, 4, 5, 6, 7, 8, 9, 10, 11, 12, 13, 14, 15, 16, 17, 18, 20, 21, 22, 23, 24, 25, 26, 28, 29, 30, 31, 32, 33, 35, 36, 37, 39, 40, 41, 42], [2, 4, 5, 6, 8, 9, 12, 13, 14, 15, 17, 18, 19, 20, 21, 22, 23, 24, 25, 26, 27, 28, 31, 32, 33, 34, 35, 36, 37, 38, 39, 40, 41, 42, 43, 45, 46, 47, 49, 50, 51, 52, 53, 54, 55, 56, 57, 58], [52], [1, 2, 3, 4, 5, 8, 9, 10, 11, 12, 14, 15, 16, 17, 18, 20, 21, 22, 23, 24, 27, 28, 29, 30, 31, 33, 34, 35, 36, 37, 39, 40, 41, 42, 43, 46, 47, 48, 49, 50, 52, 53, 54, 55, 56, 58, 59, 60, 61, 62, 63, 65, 66, 67, 68, 69, 71, 72, 73, 74, 75, 77, 78, 79, 80, 81, 82]]
      B=[[2], [2, 3, 4, 6, 7, 8, 11, 12, 15, 19, 20, 27, 28, 33], [1, 3, 9, 18, 26], [6, 17, 20, 25, 34, 36, 39, 42, 44, 53, 55, 56, 58, 59, 61, 72], [3, 5, 6, 7, 8, 9, 18, 19, 20, 22, 33, 34, 46, 47]]
      DFS solutions=5000 cap_hit=True true_found=False
  anchor=(9, 2) sum_width=206 cartesian=1729728000
      A=[[9], [1, 2, 3, 4, 5, 6, 7, 8, 9, 10, 11, 12, 13, 14, 15, 16, 17, 18, 20, 21, 22, 23, 24, 25, 26, 27, 28, 29, 30, 31, 32, 33, 34, 35, 36, 37, 39, 40, 41, 42], [1, 2, 3, 4, 5, 6, 8, 9, 10, 11, 12, 13, 14, 15, 17, 18, 19, 20, 21, 22, 23, 24, 25, 26, 27, 28, 31, 32, 33, 34, 35, 36, 38, 39, 40, 41, 42, 43, 45, 46, 47, 48, 49, 50, 51, 52, 53, 54, 55, 56, 57, 58], [52], [2, 3, 4, 5, 8, 9, 10, 11, 12, 14, 15, 16, 17, 18, 20, 21, 22, 23, 24, 27, 28, 29, 30, 31, 33, 34, 35, 36, 37, 39, 40, 41, 42, 43, 46, 47, 48, 49, 50, 52, 53, 54, 55, 56, 58, 59, 60, 61, 62, 63, 65, 66, 67, 68, 69, 71, 72, 73, 74, 75, 77, 78, 79, 80, 81, 82]]
      B=[[2], [1, 2, 3, 6, 7, 8, 9, 12, 13, 14, 15, 19, 20, 26], [1, 2, 3, 10, 18, 26], [6, 17, 20, 36, 39, 50, 53, 56, 66, 70], [3, 4, 5, 7, 8, 9, 18, 19, 20, 21, 32, 33, 34, 46, 60]]
      DFS solutions=5000 cap_hit=True true_found=False
  anchor=(16, 3) sum_width=210 cartesian=3624192000
      A=[[16], [1, 2, 3, 4, 5, 6, 7, 8, 9, 10, 11, 12, 13, 14, 15, 16, 17, 18, 20, 21, 22, 23, 24, 25, 26, 28, 29, 30, 31, 32, 33, 34, 35, 36, 37, 39, 40, 41, 42], [1, 2, 3, 4, 5, 6, 7, 8, 9, 10, 12, 13, 14, 15, 16, 17, 18, 19, 20, 21, 22, 23, 24, 25, 26, 27, 28, 29, 30, 31, 32, 33, 34, 35, 36, 38, 39, 40, 41, 42, 43, 44, 45, 46, 47, 48, 49, 50, 51, 52, 53, 54, 55, 57, 58], [41, 60], [1, 2, 3, 6, 7, 8, 9, 10, 12, 13, 16, 17, 20, 21, 22, 24, 25, 26, 27, 29, 31, 32, 33, 35, 36, 37, 39, 40, 41, 42, 43, 44, 45, 46, 47, 48, 50, 51, 52, 54, 55, 56, 58, 60, 61, 62, 63, 64, 65, 66, 67, 69, 70, 71, 73, 74, 75, 76, 77, 78, 79, 80, 81, 82]]
      B=[[3], [1, 2, 4, 5, 7, 8, 10, 13, 16, 18, 21, 24], [2, 3, 5, 6, 7, 8, 9, 10, 20, 30, 31], [4, 5, 18, 23, 45], [1, 2, 4, 5, 7, 8, 9, 11, 12, 15, 17, 18, 20, 21, 24, 25, 34, 38, 47, 52]]
      DFS solutions=5000 cap_hit=True true_found=False
  anchor=(8, 16) sum_width=309 cartesian=2511913483200
      A=[[8], [1, 2, 3, 4, 5, 6, 7, 8, 9, 10, 12, 13, 15, 16, 18, 20, 21, 23, 24, 26, 27, 29, 32, 35], [1, 2, 3, 4, 5, 6, 7, 8, 9, 10, 11, 12, 14, 15, 16, 17, 19, 21, 22, 23, 24, 26, 27, 28, 29, 31, 33, 34, 36, 38, 41, 43, 46, 48, 50, 53, 55], [16, 21, 24, 29, 32, 35, 37, 40, 42, 43, 45, 48, 50, 51, 53, 54, 56, 58, 59, 61, 62, 64, 67, 69, 70], [1, 2, 3, 5, 6, 7, 10, 11, 12, 13, 14, 15, 16, 17, 18, 19, 20, 21, 22, 23, 24, 25, 26, 27, 28, 29, 30, 32, 33, 34, 36, 37, 38, 40, 41, 42, 44, 45, 46, 47, 48, 49, 51, 52, 53, 55, 56, 57, 59, 60, 61, 63, 64, 65, 67, 68, 71, 72, 75, 76, 79, 80]]
      B=[[16], [2, 3, 4, 5, 8, 9, 10, 11, 14, 15, 16, 19, 20, 21, 25, 26, 31, 32, 36], [1, 3, 4, 6, 7, 9, 10, 11, 12, 13, 14, 15, 16, 17, 18, 20, 21, 23, 24, 25, 26, 27, 28, 29, 30, 31, 32, 33, 34, 35, 36, 37, 38, 39, 40, 41, 42, 43, 46, 47, 48, 49, 54, 56], [1, 3, 4, 5, 7, 8, 10, 11, 12, 14, 15, 17, 18, 19, 21, 22, 24, 25, 28, 29, 31, 32, 35, 36, 38, 39, 42, 45, 46, 49, 52, 53, 56, 59, 63, 66, 70], [1, 2, 3, 4, 5, 6, 7, 8, 9, 10, 12, 13, 14, 15, 16, 17, 18, 19, 21, 22, 23, 24, 25, 26, 27, 30, 31, 32, 33, 34, 35, 36, 39, 40, 41, 42, 44, 48, 49, 50, 51, 52, 53, 57, 58, 59, 61, 66, 67, 68, 69, 70, 74, 75, 76, 78, 84, 85, 87]]
      DFS solutions=5000 cap_hit=True true_found=False

TRUE ANCHOR RESULT:
  anchor              = (8, 16)
  remaining sum width = 309
  remaining Cartesian space               = 2511913483200
  DFS solutions       = 5000
  DFS cap hit        = True
  true assignment found = False

------------------------------------------------------------------------
BIT SIZE = 36
------------------------------------------------------------------------

Sample 1:
  p = 187897
  q = 226313
  n = 42523533761

True residue vectors:
  A = [13, 30, 41, 31, 68]
  B = [4, 21, 3, 13, 75]
  true anchor = (13, 4)

Anchor filtering:
  corner-compatible anchors = 222
  globally feasible anchors = 156
  anchor propagation time = 0.204198s

Most constrained surviving anchors:
  anchor=(6, 17) sum_width=127 cartesian=41803776
      A=[[6], [12, 19, 26, 29], [7, 8, 9], [13, 16, 18, 21, 23, 26, 28, 30, 33, 35, 40, 45], [4, 5, 6, 7, 11, 12, 14, 18, 20, 21, 26, 27, 28, 29, 33, 34, 35, 36, 39, 40, 41, 42, 46, 47, 48, 53, 54, 58, 64, 65, 71, 77]]
      B=[[17], [29], [1, 2, 5, 6, 9, 10, 11, 13, 14, 15, 18, 19, 22, 23, 26, 27, 28, 31, 32, 35, 36, 39, 40, 44, 45, 48, 49, 53], [1, 2, 3, 4, 8, 10, 13, 15, 16, 18, 21, 23, 27, 28, 29, 30, 32, 33, 34, 35, 36, 38, 40, 42, 44, 46, 47, 48, 49, 50, 55, 57, 61, 62, 68, 72], [52, 57, 64, 69, 74, 76, 81, 86, 88]]
      DFS solutions=5000 cap_hit=True true_found=False
  anchor=(6, 16) sum_width=143 cartesian=120582000
      A=[[6], [12, 19, 29, 30], [3, 5, 6, 8, 18, 20], [15, 20, 23, 25, 28, 30, 33, 36, 41, 44, 49], [4, 5, 6, 7, 11, 12, 13, 14, 18, 20, 21, 25, 26, 28, 29, 32, 33, 36, 40, 41, 44, 47, 48, 49, 51, 55, 56, 60, 63, 64, 67, 68, 71, 75, 79]]
      B=[[16], [29], [1, 2, 5, 6, 9, 10, 11, 13, 14, 15, 18, 19, 22, 23, 26, 27, 28, 31, 32, 35, 36, 39, 40, 44, 45, 48, 49, 53, 57], [1, 2, 3, 4, 5, 6, 8, 10, 11, 12, 13, 14, 15, 16, 19, 20, 21, 23, 25, 27, 28, 29, 30, 31, 33, 34, 35, 36, 38, 40, 42, 47, 48, 49, 50, 51, 53, 55, 57, 61, 62, 63, 64, 66, 70], [35, 52, 57, 64, 69, 74, 76, 81, 86, 88]]
      DFS solutions=5000 cap_hit=True true_found=False
  anchor=(6, 18) sum_width=143 cartesian=155013120
      A=[[6], [12, 19, 29, 33], [3, 5, 7, 9, 18, 20, 22, 33], [13, 18, 23, 27, 28, 32, 33, 37, 42, 47], [4, 5, 6, 11, 12, 13, 14, 18, 20, 21, 25, 27, 28, 32, 33, 34, 35, 39, 40, 42, 44, 47, 49, 51, 54, 56, 66, 71, 78]]
      B=[[18], [29], [1, 2, 5, 6, 9, 10, 11, 13, 14, 15, 18, 19, 22, 23, 26, 27, 28, 31, 32, 35, 36, 39, 40, 44, 45, 48, 49, 53, 57], [1, 2, 3, 4, 5, 6, 8, 10, 11, 12, 13, 14, 15, 16, 17, 18, 19, 20, 21, 23, 25, 27, 28, 29, 30, 31, 32, 33, 34, 36, 38, 40, 42, 44, 46, 47, 48, 50, 51, 53, 55, 57, 61, 62, 63, 66, 70, 72], [23, 35, 40, 52, 57, 64, 69, 74, 76, 81, 86, 88]]
      DFS solutions=5000 cap_hit=True true_found=False
  anchor=(6, 15) sum_width=151 cartesian=257936000
      A=[[6], [12, 19, 23, 30, 37], [4, 5, 6, 7, 8, 32, 33], [13, 15, 16, 20, 21, 26, 27, 28, 32, 33, 34, 39, 40, 45, 46, 51], [4, 5, 6, 7, 11, 12, 13, 14, 18, 20, 21, 26, 27, 28, 29, 32, 33, 34, 36, 39, 40, 42, 43, 46, 48, 49, 51, 55, 58, 64, 67, 70, 71, 74, 77]]
      B=[[15], [29], [2, 5, 6, 9, 10, 11, 13, 14, 15, 18, 19, 22, 23, 26, 27, 28, 31, 32, 35, 36, 39, 40, 44, 45, 48, 49, 53, 57], [1, 2, 3, 4, 5, 6, 8, 10, 11, 12, 13, 15, 16, 17, 18, 19, 20, 21, 23, 25, 27, 28, 29, 30, 32, 33, 34, 35, 36, 38, 40, 42, 44, 46, 47, 48, 49, 50, 51, 55, 57, 61, 62, 63, 64, 70, 72], [35, 40, 52, 57, 64, 69, 76, 81, 86, 88]]
      DFS solutions=5000 cap_hit=True true_found=False
  anchor=(6, 13) sum_width=155 cartesian=256384128
      A=[[6], [12, 19, 23, 39], [3, 4, 5, 9, 17, 22, 34], [13, 15, 18, 21, 25, 26, 29, 30, 33, 34, 37, 41, 45, 49, 53, 68], [4, 5, 6, 7, 11, 12, 13, 14, 18, 20, 25, 26, 27, 28, 29, 32, 33, 34, 35, 39, 41, 43, 47, 49, 50, 51, 53, 54, 56, 58, 60, 62, 64, 66, 68, 70, 72, 77, 79]]
      B=[[13], [29], [1, 2, 5, 6, 9, 10, 11, 13, 14, 15, 18, 19, 22, 23, 26, 27, 28, 31, 32, 35, 36, 39, 40, 44, 45, 48, 49, 53, 57], [1, 2, 3, 4, 5, 6, 8, 10, 11, 12, 13, 14, 15, 16, 18, 19, 20, 23, 25, 27, 28, 29, 30, 31, 32, 33, 34, 35, 38, 40, 42, 44, 46, 47, 49, 50, 51, 53, 55, 57, 61, 62, 63, 66, 70, 72], [23, 40, 52, 57, 64, 69, 74, 76, 81, 86, 88]]
      DFS solutions=5000 cap_hit=True true_found=False
  anchor=(7, 18) sum_width=156 cartesian=851565312
      A=[[7], [8, 11, 20, 21, 24, 33], [1, 5, 9, 11, 14, 16, 18, 20, 22], [8, 17, 18, 22, 23, 27, 28, 32, 33, 37, 42, 47, 52], [1, 2, 5, 6, 10, 11, 12, 13, 15, 16, 17, 18, 20, 21, 23, 25, 28, 30, 33, 34, 35, 39, 40, 42, 44, 47, 49, 51, 52, 54, 56, 59, 66, 71, 73, 78]]
      B=[[18], [22, 35], [7, 8, 9, 10, 11, 12, 13, 14, 15, 16, 24, 25, 26, 27, 28, 29, 30, 31, 41, 42, 43, 44, 45, 46, 58, 59, 60], [1, 2, 3, 4, 5, 7, 8, 9, 10, 11, 12, 13, 16, 17, 18, 19, 20, 21, 22, 24, 25, 26, 27, 28, 29, 30, 33, 34, 36, 37, 38, 41, 42, 43, 44, 50, 51, 52, 53, 54, 58, 60, 61, 62, 67, 68, 69, 70], [27, 44, 47, 50, 61, 64, 67, 70, 73, 78, 81, 84, 87]]
      DFS solutions=5000 cap_hit=True true_found=False
  anchor=(7, 17) sum_width=163 cartesian=1140790560
      A=[[7], [8, 11, 13, 20, 24, 31], [9, 10, 11, 12, 13, 14, 26, 27, 28, 29], [8, 11, 16, 18, 21, 23, 26, 28, 30, 33, 35, 40, 45, 52], [1, 2, 5, 6, 7, 10, 11, 12, 15, 16, 17, 18, 20, 21, 23, 24, 26, 28, 29, 30, 33, 34, 35, 36, 39, 40, 41, 42, 45, 46, 47, 48, 52, 53, 54, 58, 59, 64, 65, 71, 77]]
      B=[[17], [22, 35], [7, 8, 9, 10, 11, 12, 13, 14, 15, 16, 24, 25, 26, 27, 28, 29, 30, 31, 41, 42, 43, 44, 45, 46, 58, 60], [1, 2, 3, 4, 5, 7, 8, 9, 10, 11, 12, 13, 16, 17, 18, 19, 20, 21, 22, 24, 25, 26, 27, 28, 29, 30, 33, 34, 35, 36, 37, 38, 41, 42, 43, 44, 45, 46, 50, 51, 52, 53, 54, 60, 61, 62, 67, 68, 69], [30, 44, 47, 50, 61, 64, 67, 70, 73, 78, 81, 84, 87]]
      DFS solutions=5000 cap_hit=True true_found=False
  anchor=(6, 14) sum_width=164 cartesian=722343600
      A=[[6], [12, 19, 23, 26, 37, 39, 40, 41], [3, 4, 6, 7, 9, 17, 18, 20, 34], [13, 15, 16, 18, 29, 30, 31, 32, 33, 34, 35, 36, 37, 53, 54, 55, 56], [4, 5, 6, 7, 11, 12, 13, 14, 18, 20, 21, 25, 26, 27, 32, 33, 34, 35, 36, 41, 42, 43, 44, 46, 51, 53, 54, 55, 56, 62, 63, 64, 65, 72, 74, 75, 82]]
      B=[[14], [29], [1, 2, 5, 6, 9, 10, 11, 13, 14, 15, 18, 19, 22, 23, 26, 27, 28, 31, 32, 35, 36, 39, 40, 44, 45, 48, 49, 53, 57], [1, 2, 3, 4, 5, 6, 8, 10, 11, 12, 13, 14, 15, 16, 18, 19, 20, 21, 23, 25, 27, 28, 29, 30, 31, 32, 33, 34, 35, 36, 38, 40, 42, 44, 46, 47, 48, 49, 50, 51, 53, 55, 57, 62, 63, 64, 66, 68, 70, 72], [23, 35, 40, 52, 57, 64, 69, 74, 76, 81, 86]]
      DFS solutions=5000 cap_hit=True true_found=False
  anchor=(6, 12) sum_width=166 cartesian=643772160
      A=[[6], [12, 19, 26, 30, 36, 40], [4, 5, 7, 8, 17, 20, 21, 33], [16, 18, 20, 21, 23, 25, 27, 29, 31, 33, 35, 40, 42, 44, 46, 48, 50, 59, 61, 63], [4, 5, 6, 7, 11, 12, 13, 14, 18, 21, 25, 26, 27, 28, 29, 32, 33, 34, 35, 40, 41, 42, 43, 44, 46, 47, 48, 49, 50, 51, 60, 62, 63, 64, 65, 66, 67, 68, 78, 79, 82]]
      B=[[12], [29], [1, 2, 5, 6, 9, 10, 11, 13, 14, 15, 18, 19, 22, 23, 26, 27, 28, 31, 32, 35, 36, 39, 40, 44, 45, 48, 49, 53, 57], [1, 2, 3, 4, 5, 6, 8, 10, 11, 12, 13, 14, 15, 16, 17, 18, 19, 20, 21, 23, 25, 28, 29, 30, 31, 32, 33, 34, 35, 36, 38, 40, 42, 44, 46, 47, 48, 49, 50, 51, 55, 61, 62, 63, 68, 70, 72], [23, 35, 40, 52, 57, 64, 69, 74, 76, 81, 86, 88]]
      DFS solutions=5000 cap_hit=True true_found=False
  anchor=(7, 15) sum_width=170 cartesian=2180246544
      A=[[7], [8, 11, 13, 18, 24, 30, 31, 32, 37], [5, 6, 13, 14, 15, 16, 23, 24, 25], [8, 10, 15, 16, 20, 21, 22, 26, 27, 28, 32, 33, 34, 39, 40, 45, 46, 51], [1, 2, 5, 6, 7, 10, 11, 12, 13, 15, 17, 18, 20, 21, 23, 24, 26, 28, 29, 30, 31, 33, 34, 36, 39, 40, 42, 43, 45, 46, 48, 49, 51, 52, 55, 58, 64, 67, 70, 71, 74, 77, 80]]
      B=[[15], [22, 35], [7, 8, 9, 10, 11, 12, 13, 14, 15, 16, 24, 25, 26, 27, 28, 29, 30, 31, 41, 42, 43, 44, 45, 46, 58, 59, 60], [1, 2, 3, 4, 5, 7, 8, 9, 10, 11, 12, 13, 16, 17, 18, 19, 20, 21, 22, 24, 25, 26, 27, 28, 29, 30, 33, 34, 35, 36, 37, 38, 41, 42, 43, 44, 46, 50, 51, 52, 54, 60, 61, 67, 68, 70], [27, 30, 44, 47, 50, 61, 64, 67, 70, 73, 78, 81, 84, 87]]
      DFS solutions=5000 cap_hit=True true_found=False
  anchor=(7, 16) sum_width=171 cartesian=2143260000
      A=[[7], [8, 11, 13, 18, 21, 24, 27, 30, 32], [1, 5, 6, 10, 11, 13, 15, 18, 20, 25], [11, 15, 17, 20, 22, 23, 25, 28, 30, 33, 36, 41, 44, 49, 52], [1, 2, 5, 6, 7, 10, 11, 12, 13, 16, 17, 18, 20, 21, 24, 25, 26, 28, 29, 30, 33, 36, 40, 41, 44, 45, 47, 48, 49, 51, 52, 55, 56, 59, 60, 63, 64, 67, 68, 71, 75, 79]]
      B=[[16], [22, 35], [7, 8, 9, 10, 11, 12, 13, 14, 15, 16, 24, 25, 26, 27, 28, 29, 30, 31, 41, 42, 43, 44, 45, 46, 58, 59, 60], [1, 2, 3, 4, 5, 7, 8, 9, 10, 11, 12, 13, 16, 17, 18, 19, 20, 21, 22, 24, 25, 26, 27, 28, 29, 30, 33, 34, 35, 36, 37, 38, 41, 42, 43, 44, 46, 50, 51, 52, 53, 54, 58, 60, 61, 62, 67, 68, 69, 70], [27, 30, 44, 47, 50, 61, 64, 67, 70, 73, 78, 81, 84, 87]]
      DFS solutions=5000 cap_hit=True true_found=False
  anchor=(10, 18) sum_width=172 cartesian=6706022400
      A=[[10], [8, 11, 12, 14, 15, 16, 19, 21, 24, 29, 33, 38], [1, 3, 5, 7, 9, 14, 16, 18, 20, 22, 33], [7, 9, 13, 17, 18, 22, 23, 27, 28, 32, 33, 37, 42, 47, 52], [1, 2, 3, 4, 5, 6, 8, 10, 11, 12, 13, 14, 15, 16, 17, 18, 20, 21, 22, 25, 27, 28, 30, 32, 33, 34, 35, 39, 40, 42, 44, 47, 49, 51, 52, 54, 56, 59, 66, 71, 73, 78]]
      B=[[18], [29, 31, 33, 35], [1, 2, 3, 4, 5, 6, 7, 8, 9, 10, 20, 21, 22, 23, 24, 25, 26, 27, 40, 41, 42, 43, 44, 60], [1, 3, 4, 5, 6, 7, 8, 9, 10, 12, 13, 14, 15, 16, 17, 18, 21, 22, 23, 24, 25, 26, 27, 30, 31, 32, 33, 34, 40, 41, 42, 43, 44, 50, 51, 52, 58, 60, 61, 67, 68, 69], [35, 38, 41, 49, 52, 55, 58, 60, 63, 66, 69, 72, 74, 75, 77, 80, 83, 85, 86, 88]]
      DFS solutions=5000 cap_hit=True true_found=False
  anchor=(13, 4) sum_width=262 cartesian=294167538000
      A=[[13], [8, 10, 11, 15, 17, 19, 20, 21, 23, 25, 26, 27, 28, 29, 30, 32, 33, 34, 35, 36, 38, 39, 40, 41, 42], [1, 2, 3, 4, 5, 6, 11, 12, 13, 14, 15, 20, 21, 22, 23, 24, 25, 30, 31, 32, 33, 34, 40, 41, 42, 51, 52], [8, 9, 10, 11, 12, 15, 16, 17, 18, 21, 22, 23, 24, 25, 28, 29, 30, 31, 34, 35, 36, 37, 41, 42, 43, 44, 47, 48, 49, 50, 54, 55, 56, 60, 61, 62, 63, 66, 67, 68, 69], [1, 2, 3, 4, 5, 6, 7, 8, 9, 10, 11, 12, 13, 14, 15, 16, 17, 18, 19, 20, 21, 22, 23, 24, 25, 26, 27, 28, 29, 30, 31, 32, 33, 34, 35, 36, 38, 39, 40, 42, 43, 44, 45, 46, 47, 48, 49, 50, 51, 52, 53, 54, 55, 56, 58, 59, 62, 63, 64, 65, 66, 67, 68, 69, 70, 71, 72, 74, 75, 77, 78, 80, 81, 82]]
      B=[[4], [16, 21, 23, 28, 30, 33, 35], [1, 2, 3, 6, 7, 8, 9, 12, 13, 14, 18, 19, 20, 25, 26, 31, 37, 43], [1, 2, 3, 4, 5, 6, 7, 8, 9, 10, 11, 13, 14, 16, 17, 19, 20, 22, 23, 25, 26, 28, 31, 33, 34, 36, 37, 39, 40, 42, 43, 45, 48, 51, 54, 57, 60, 68], [23, 24, 25, 38, 39, 40, 41, 42, 53, 54, 55, 56, 57, 58, 59, 68, 69, 70, 71, 72, 73, 74, 75, 76, 83, 84, 85, 86, 87, 88]]
      DFS solutions=5000 cap_hit=True true_found=False

TRUE ANCHOR RESULT:
  anchor              = (13, 4)
  remaining sum width = 262
  remaining Cartesian space               = 294167538000
  DFS solutions       = 5000
  DFS cap hit        = True
  true assignment found = False

------------------------------------------------------------------------
BIT SIZE = 42
------------------------------------------------------------------------

Sample 1:
  p = 1742659
  q = 1360753
  n = 2371328462227

True residue vectors:
  A = [6, 41, 35, 35, 74]
  B = [11, 4, 26, 33, 32]
  true anchor = (6, 11)

Anchor filtering:
  corner-compatible anchors = 193
  globally feasible anchors = 193
  anchor propagation time = 0.186545s

Most constrained surviving anchors:
  anchor=(14, 1) sum_width=167 cartesian=516737760
      A=[[14], [21, 26, 40], [1, 5, 7, 11, 13, 15, 17, 18, 19, 20, 24, 26, 28, 30, 32, 34, 36, 37, 38, 39, 40, 43, 45, 47, 49, 51, 53, 55, 56, 57, 58], [1, 5, 6, 10, 11, 19, 20, 30, 34, 38, 39, 43, 49, 53, 57, 58, 62, 63, 67, 68], [15, 16, 17, 19, 20, 22, 24, 26, 27, 29, 31, 33, 34, 35, 38, 39, 40, 41, 43, 45, 46, 47, 48, 50, 52, 53, 54, 55, 59, 60, 62, 64, 66, 67, 71, 72, 74, 76, 78, 79, 81]]
      B=[[1], [7], [1, 2, 3, 7, 8, 9, 10, 16, 17, 18, 24, 25, 33, 41], [15, 22, 23, 26, 27, 28, 30, 31, 32, 34, 35, 36, 38, 39, 40, 42, 43, 44, 45, 46, 47, 48, 49, 50, 51, 52, 53, 55, 56, 57, 59, 60, 61, 62, 63, 64, 65, 66, 67, 68, 69, 70, 71, 72], [1, 4, 7, 8, 11, 14, 18, 21, 24, 31, 41]]
      DFS solutions=5000 cap_hit=True true_found=False
  anchor=(16, 2) sum_width=171 cartesian=557928000
      A=[[16], [1, 13, 20, 32], [9, 10, 11, 12, 13, 14, 15, 16, 17, 18, 19, 20, 28, 29, 30, 31, 32, 33, 34, 35, 36, 37, 38, 39, 47, 48, 49, 50, 51, 52, 53, 54, 55, 56, 58], [3, 5, 10, 12, 15, 17, 19, 22, 24, 29, 31, 34, 36, 38, 41, 43, 45, 48, 53, 55, 57, 62, 64, 69], [11, 17, 18, 20, 23, 24, 25, 27, 30, 31, 32, 33, 36, 37, 38, 39, 42, 43, 44, 45, 46, 50, 51, 52, 55, 57, 58, 61, 62, 64, 65, 68, 69, 70, 71, 74, 75, 76, 77, 81, 82]]
      B=[[2], [4], [4, 6, 7, 10, 13, 14, 17, 21, 24, 31], [16, 18, 20, 22, 23, 25, 27, 28, 30, 32, 33, 34, 35, 37, 39, 40, 41, 42, 44, 45, 46, 47, 48, 49, 50, 51, 52, 53, 54, 55, 56, 57, 58, 59, 60, 61, 63, 64, 65, 66, 68, 69, 70, 71, 72], [3, 4, 7, 8, 12, 16, 21, 25, 38]]
      DFS solutions=5000 cap_hit=True true_found=False
  anchor=(16, 5) sum_width=171 cartesian=605682000
      A=[[16], [9, 27, 29, 30], [1, 3, 4, 6, 8, 9, 11, 12, 14, 15, 17, 19, 20, 22, 25, 27, 28, 30, 31, 33, 34, 35, 36, 38, 39, 41, 42, 43, 46, 47, 49, 50, 51, 52, 53, 54, 55, 58], [3, 5, 6, 18, 19, 20, 21, 22, 24, 36, 37, 38, 39, 41, 42, 43, 44, 54, 55, 56, 57, 58, 59, 61, 62], [11, 17, 18, 20, 21, 22, 27, 28, 29, 30, 31, 36, 37, 38, 39, 40, 41, 45, 46, 47, 48, 50, 55, 57, 58, 59, 64, 65, 66, 67, 68, 74, 75, 76, 77]]
      B=[[5], [4], [3, 4, 6, 7, 10, 13, 14, 17, 21, 24, 31], [15, 16, 18, 20, 22, 23, 25, 27, 28, 30, 32, 33, 34, 35, 37, 39, 40, 41, 42, 44, 45, 46, 47, 48, 49, 50, 51, 52, 53, 54, 55, 56, 57, 58, 59, 60, 61, 63, 64, 65, 66, 68, 69, 70, 71, 72], [3, 4, 7, 8, 12, 16, 21, 25, 38]]
      DFS solutions=5000 cap_hit=True true_found=False
  anchor=(16, 3) sum_width=171 cartesian=719304300
      A=[[16], [7, 15, 23, 26, 34], [1, 3, 5, 6, 8, 10, 12, 13, 15, 17, 19, 20, 22, 24, 25, 26, 27, 29, 31, 32, 33, 34, 36, 38, 39, 41, 43, 45, 46, 48, 50, 51, 52, 53, 55, 58], [5, 8, 10, 19, 21, 24, 27, 29, 30, 32, 38, 43, 46, 48, 49, 51, 54, 57, 59, 62, 65, 68, 70], [11, 16, 18, 20, 22, 23, 24, 27, 28, 30, 31, 34, 35, 37, 38, 39, 41, 42, 43, 45, 46, 50, 53, 54, 57, 58, 60, 61, 62, 64, 65, 68, 69, 72, 73, 75, 76, 77, 80]]
      B=[[3], [4], [3, 4, 6, 7, 10, 13, 14, 17, 21, 24, 31], [16, 18, 20, 22, 23, 25, 27, 28, 30, 32, 33, 34, 35, 37, 39, 40, 41, 42, 44, 45, 46, 47, 48, 49, 50, 51, 52, 53, 54, 55, 56, 57, 58, 59, 60, 61, 63, 64, 65, 66, 68, 69, 70, 71, 72], [3, 4, 7, 8, 12, 16, 21, 25, 38]]
      DFS solutions=5000 cap_hit=True true_found=False
  anchor=(16, 18) sum_width=173 cartesian=1294979400
      A=[[16], [7, 12, 17, 20, 21, 24, 26, 29, 30, 33, 34, 35, 37, 38, 40], [1, 2, 4, 6, 8, 10, 12, 13, 14, 15, 16, 17, 18, 19, 20, 21, 24, 25, 26, 27, 28, 29, 30, 31, 32, 33, 34, 36, 38, 40, 41, 42, 43, 45, 46, 47, 49, 51, 53, 55], [5, 8, 9, 10, 14, 15, 18, 19, 20, 24, 27, 28, 29, 30, 32, 33, 34, 37, 38, 39, 42, 43, 44, 45, 46, 47, 48, 49, 51, 52, 53, 54, 55, 56, 57, 58, 59, 61, 62, 64, 66, 68, 69], [16, 17, 21, 22, 24, 29, 31, 36, 38, 41, 43, 48, 60]]
      B=[[18], [4], [3, 4, 6, 7, 10, 13, 14, 17, 21, 24, 31], [23, 25, 27, 28, 30, 32, 33, 34, 35, 37, 39, 40, 42, 44, 45, 47, 48, 49, 50, 51, 52, 53, 54, 55, 56, 57, 58, 59, 60, 61, 63, 64, 65, 66, 68, 69, 70, 71, 72], [3, 4, 7, 8, 12, 16, 21, 25, 38]]
      DFS solutions=5000 cap_hit=True true_found=False
  anchor=(14, 18) sum_width=173 cartesian=1621940320
      A=[[14], [7, 11, 12, 20, 21, 26, 29, 33, 34, 35, 36, 40, 42], [1, 2, 4, 6, 8, 10, 12, 13, 14, 15, 16, 17, 18, 19, 20, 21, 23, 24, 25, 26, 27, 28, 29, 30, 31, 32, 33, 34, 36, 38, 40, 43, 44, 45, 46, 47, 49, 51, 53, 55, 57], [4, 5, 8, 9, 10, 13, 14, 19, 20, 23, 27, 28, 30, 34, 35, 37, 38, 39, 40, 42, 43, 45, 46, 47, 49, 50, 51, 52, 53, 54, 56, 57, 58, 60, 61, 62, 63, 67, 68, 69], [16, 17, 19, 22, 24, 26, 29, 31, 38, 41, 43, 48, 60]]
      B=[[18], [7], [1, 2, 3, 7, 8, 9, 10, 16, 17, 18, 24, 25, 33, 41], [19, 23, 27, 28, 30, 32, 35, 36, 38, 39, 42, 43, 44, 45, 47, 48, 49, 50, 51, 52, 53, 55, 56, 57, 59, 60, 61, 62, 63, 64, 65, 66, 67, 68, 69, 70, 71, 72], [1, 4, 7, 8, 11, 14, 18, 21, 24, 31, 41]]
      DFS solutions=5000 cap_hit=True true_found=False
  anchor=(14, 15) sum_width=174 cartesian=1318338560
      A=[[14], [3, 22, 28, 29, 35, 36, 41, 42], [1, 2, 4, 5, 10, 11, 12, 13, 14, 17, 18, 19, 20, 21, 23, 24, 26, 27, 28, 29, 30, 31, 32, 33, 34, 35, 36, 37, 38, 39, 40, 44, 45, 46, 47, 48, 49, 50, 53, 54, 55, 56, 57, 58], [1, 2, 6, 7, 8, 12, 13, 14, 19, 20, 21, 26, 27, 30, 31, 36, 37, 38, 39, 40, 42, 43, 45, 46, 49, 50, 51, 52, 54, 56, 57, 58, 60, 61, 62, 63, 65, 67, 68, 69], [15, 16, 19, 22, 25, 29, 31, 34, 35, 38, 41, 44, 47, 50, 53, 72]]
      B=[[15], [7], [1, 2, 3, 7, 8, 9, 10, 16, 17, 18, 24, 25, 33, 41], [27, 28, 30, 32, 34, 35, 36, 38, 39, 40, 42, 43, 44, 45, 46, 48, 49, 50, 51, 52, 53, 55, 56, 57, 59, 60, 61, 62, 63, 64, 65, 66, 67, 68, 69, 70, 71, 72], [1, 4, 7, 8, 11, 14, 18, 21, 24, 31, 41]]
      DFS solutions=5000 cap_hit=True true_found=False
  anchor=(14, 5) sum_width=175 cartesian=921368448
      A=[[14], [8, 27, 28, 29], [1, 4, 6, 8, 11, 12, 14, 15, 17, 19, 20, 23, 25, 27, 28, 30, 31, 33, 34, 35, 36, 38, 39, 43, 44, 46, 47, 49, 50, 51, 52, 53, 54, 55, 57, 58], [1, 2, 3, 4, 5, 6, 19, 20, 21, 22, 23, 36, 37, 38, 39, 40, 42, 43, 54, 56, 57, 58, 60, 61, 62, 63], [11, 17, 18, 19, 20, 22, 26, 27, 29, 30, 31, 37, 38, 39, 40, 41, 45, 46, 47, 48, 49, 50, 55, 56, 58, 59, 64, 66, 67, 68, 74, 75, 76, 77]]
      B=[[5], [7], [1, 2, 3, 7, 8, 9, 10, 16, 17, 18, 24, 25, 33, 41], [14, 15, 18, 19, 22, 23, 26, 27, 28, 30, 31, 32, 34, 35, 36, 38, 39, 40, 42, 43, 44, 45, 46, 47, 48, 49, 50, 51, 52, 53, 55, 56, 57, 59, 60, 61, 62, 63, 64, 65, 66, 67, 68, 69, 70, 71, 72], [1, 4, 7, 8, 11, 14, 18, 21, 24, 31, 41]]
      DFS solutions=5000 cap_hit=True true_found=False
  anchor=(14, 3) sum_width=176 cartesian=1135134000
      A=[[14], [7, 15, 26, 34, 42], [1, 5, 6, 8, 10, 12, 13, 15, 17, 19, 20, 24, 25, 26, 27, 29, 31, 32, 33, 34, 36, 38, 39, 43, 44, 45, 46, 48, 50, 51, 52, 53, 55, 57, 58], [2, 5, 8, 10, 13, 16, 19, 21, 27, 30, 35, 38, 40, 43, 46, 49, 51, 54, 57, 60, 62, 65, 67, 68], [11, 15, 16, 18, 19, 20, 22, 23, 24, 26, 27, 30, 31, 34, 35, 37, 38, 39, 41, 42, 43, 45, 46, 49, 50, 53, 54, 56, 58, 60, 62, 64, 68, 72, 75, 76, 77, 79, 80]]
      B=[[3], [7], [1, 2, 3, 7, 8, 9, 10, 16, 17, 18, 24, 25, 33, 41], [18, 19, 22, 23, 26, 27, 28, 30, 31, 32, 34, 35, 36, 38, 39, 40, 42, 43, 44, 45, 46, 47, 48, 49, 50, 51, 52, 53, 55, 56, 57, 59, 60, 61, 62, 63, 64, 65, 66, 67, 68, 69, 70, 71, 72], [1, 4, 7, 8, 11, 14, 18, 21, 24, 31, 41]]
      DFS solutions=5000 cap_hit=True true_found=False
  anchor=(14, 8) sum_width=176 cartesian=1697794560
      A=[[14], [5, 8, 11, 14, 27, 33, 36, 42], [4, 5, 7, 8, 12, 13, 14, 17, 18, 19, 23, 24, 26, 27, 28, 29, 31, 32, 33, 34, 36, 37, 38, 39, 43, 44, 45, 46, 47, 48, 49, 50, 51, 52, 53, 54, 55, 56, 57, 58], [3, 6, 9, 12, 16, 19, 22, 28, 31, 34, 35, 37, 38, 45, 47, 50, 51, 53, 54, 56, 57, 58, 60, 61, 63, 67, 69], [11, 16, 17, 19, 22, 24, 25, 27, 30, 33, 35, 38, 40, 41, 43, 44, 46, 49, 51, 52, 54, 59, 60, 62, 68, 70, 76, 78, 81]]
      B=[[8], [7], [1, 2, 3, 7, 8, 9, 10, 16, 17, 18, 24, 25, 33, 41], [18, 22, 23, 26, 27, 28, 30, 31, 32, 34, 35, 36, 38, 39, 40, 42, 43, 44, 45, 46, 47, 48, 49, 50, 51, 52, 53, 55, 56, 57, 59, 60, 61, 62, 63, 64, 65, 66, 67, 68, 69, 70, 71, 72], [1, 4, 7, 8, 11, 14, 18, 21, 24, 31, 41]]
      DFS solutions=5000 cap_hit=True true_found=False
  anchor=(15, 1) sum_width=178 cartesian=847665000
      A=[[15], [2, 21, 26, 40], [1, 3, 5, 7, 9, 11, 13, 15, 17, 18, 19, 20, 22, 24, 26, 28, 30, 32, 34, 36, 37, 38, 39, 40, 41, 43, 45, 47, 49, 51, 53, 55, 56, 57, 58], [1, 6, 10, 11, 15, 20, 24, 25, 29, 30, 34, 38, 39, 43, 44, 48, 49, 53, 57, 58, 62, 67, 68], [16, 17, 19, 20, 21, 22, 24, 26, 27, 28, 29, 31, 33, 34, 35, 36, 39, 40, 41, 43, 45, 46, 47, 48, 50, 53, 54, 55, 57, 59, 60, 62, 64, 65, 66, 67, 69, 71, 72, 73, 74, 76, 78, 79, 81]]
      B=[[1], [2], [2, 3, 5, 7, 10, 12, 15, 17, 19, 22, 24, 29, 36], [15, 16, 20, 21, 22, 25, 26, 27, 28, 31, 32, 33, 34, 37, 38, 39, 40, 42, 43, 44, 45, 46, 48, 49, 50, 51, 52, 54, 55, 56, 57, 58, 59, 60, 61, 62, 63, 64, 65, 66, 67, 68, 69, 70, 72], [2, 4, 6, 8, 10, 12, 19, 21, 23, 36]]
      DFS solutions=5000 cap_hit=True true_found=False
  anchor=(16, 8) sum_width=179 cartesian=957067650
      A=[[16], [14, 24, 27, 30, 33], [3, 4, 5, 7, 8, 9, 12, 13, 14, 17, 18, 19, 22, 24, 26, 27, 28, 29, 31, 32, 33, 34, 36, 37, 38, 39, 41, 42, 43, 45, 46, 47, 48, 49, 50, 51, 52, 53, 54, 55, 56, 58], [3, 6, 9, 12, 15, 18, 19, 22, 28, 29, 31, 32, 34, 37, 38, 41, 44, 45, 47, 48, 51, 53, 54, 56, 57, 58, 61, 64, 66, 69, 70], [11, 16, 17, 21, 22, 24, 25, 27, 30, 32, 33, 35, 36, 38, 40, 41, 43, 44, 46, 51, 52, 54, 57, 59, 60, 62, 65, 68, 70, 73, 76, 78, 81]]
      B=[[8], [4], [3, 4, 6, 7, 10, 13, 14, 17, 21, 24, 31], [16, 18, 20, 22, 23, 25, 27, 28, 30, 32, 33, 34, 35, 37, 39, 40, 41, 42, 44, 45, 46, 47, 48, 49, 50, 51, 52, 53, 54, 55, 56, 57, 58, 59, 60, 61, 63, 64, 65, 66, 68, 69, 70, 71, 72], [3, 4, 7, 8, 12, 16, 21, 25, 38]]
      DFS solutions=5000 cap_hit=True true_found=False
  anchor=(6, 11) sum_width=220 cartesian=61288980480
      A=[[6], [8, 11, 14, 18, 21, 24, 27, 30, 31, 33, 34, 37, 40, 41], [1, 2, 5, 6, 7, 9, 10, 11, 12, 14, 15, 16, 19, 20, 21, 23, 24, 25, 26, 28, 29, 30, 31, 32, 33, 34, 35, 37, 38, 39, 40, 41, 42, 43, 44, 45, 46, 47, 48, 49, 51, 52, 53, 54, 55, 56, 57, 58], [1, 4, 7, 10, 13, 16, 19, 20, 22, 23, 25, 26, 28, 29, 31, 32, 34, 35, 38, 39, 41, 42, 44, 45, 47, 48, 50, 51, 53, 54, 56, 57, 58, 59, 60, 61, 62, 63, 64, 65, 66, 67, 68, 69, 70], [11, 16, 17, 19, 21, 22, 25, 27, 30, 32, 33, 35, 36, 38, 41, 44, 46, 49, 52, 55, 57, 60, 63, 68, 71, 74, 79, 82]]
      B=[[11], [4, 5, 13, 22], [3, 4, 5, 7, 8, 9, 12, 13, 16, 17, 21, 22, 25, 26, 29, 30, 34, 38, 39, 42, 43, 47, 51, 55, 56, 60], [16, 18, 20, 25, 29, 31, 33, 35, 37, 40, 42, 44, 46, 48, 50, 52, 54, 55, 57, 59, 61, 63, 65, 67, 68, 69, 70, 71, 72], [1, 3, 5, 8, 10, 13, 15, 20, 22, 25, 27, 30, 32, 37, 39, 42, 44, 49, 54, 56, 61, 66, 73, 78]]
      DFS solutions=5000 cap_hit=True true_found=False

TRUE ANCHOR RESULT:
  anchor              = (6, 11)
  remaining sum width = 220
  remaining Cartesian space               = 61288980480
  DFS solutions       = 5000
  DFS cap hit        = True
  true assignment found = False

------------------------------------------------------------------------
BIT SIZE = 48
------------------------------------------------------------------------

Sample 1:
  p = 15673069
  q = 16191493
  n = 253770387002017

True residue vectors:
  A = [4, 42, 14, 32, 13]
  B = [16, 34, 19, 20, 79]
  true anchor = (4, 16)

Anchor filtering:
  corner-compatible anchors = 179
  globally feasible anchors = 179
  anchor propagation time = 0.311067s

Most constrained surviving anchors:
  anchor=(16, 17) sum_width=237 cartesian=111120478560
      A=[[16], [3, 5, 8, 10, 12, 14, 15, 17, 19, 21, 22, 23, 24, 26, 27, 28, 29, 30, 31, 33, 34, 35, 36, 37, 38, 39, 40, 41, 42], [4, 5, 6, 7, 8, 9, 10, 11, 12, 13, 14, 15, 16, 17, 18, 20, 21, 22, 23, 24, 25, 26, 27, 28, 29, 30, 31, 32, 39, 40, 41, 42, 43, 44, 45, 46, 47, 58], [17, 21, 27, 28, 29, 31, 33, 34, 36, 38, 39, 41, 43, 45, 46, 48, 50, 53, 55, 60, 65], [1, 2, 3, 4, 5, 6, 8, 9, 10, 11, 12, 14, 15, 17, 18, 20, 21, 22, 24, 27, 28, 29, 30, 33, 34, 35, 36, 39, 40, 41, 42, 46, 47, 48, 52, 53, 54, 58, 59, 60, 65, 66, 71, 72, 78]]
      B=[[17], [1, 3, 4, 6, 7, 8, 9, 10, 11, 12, 13, 14, 15, 16, 17, 18, 19, 20, 22, 23, 25, 26, 28, 31, 33, 34, 36], [2, 5, 9, 16], [1, 2, 3, 5, 6, 7, 8, 9, 10, 11, 12, 13, 14, 15, 17, 18, 19, 20, 21, 22, 23, 24, 25, 26, 27, 29, 30, 31, 32, 33, 34, 36, 37, 38, 39, 41, 43, 44, 46, 48, 50, 51, 53, 55, 56, 58, 60, 63, 65, 67, 70, 72], [27, 33, 35, 36, 41, 44, 45, 48, 49, 50, 53, 54, 58, 62, 66, 67, 75, 84, 88]]
      DFS solutions=5000 cap_hit=True true_found=False
  anchor=(16, 18) sum_width=237 cartesian=115624454400
      A=[[16], [1, 5, 6, 10, 11, 14, 15, 16, 18, 19, 20, 23, 24, 25, 27, 28, 29, 30, 31, 32, 33, 34, 35, 36, 37, 38, 39, 40, 41, 42], [1, 3, 5, 6, 7, 8, 9, 10, 11, 12, 13, 14, 15, 16, 17, 18, 20, 21, 22, 23, 24, 25, 26, 27, 28, 29, 31, 33, 35, 37, 39, 40, 42, 44, 46, 48, 50, 52], [17, 21, 25, 28, 29, 30, 33, 34, 35, 38, 39, 40, 43, 44, 48, 49, 53, 54, 59, 63], [1, 2, 3, 4, 5, 6, 7, 8, 9, 10, 11, 12, 13, 15, 17, 18, 20, 21, 22, 25, 27, 28, 29, 30, 32, 34, 35, 37, 39, 40, 42, 44, 46, 47, 49, 51, 54, 56, 59, 66, 68, 73, 78]]
      B=[[18], [1, 3, 4, 6, 7, 8, 9, 10, 11, 12, 13, 14, 15, 16, 17, 18, 19, 20, 22, 23, 25, 26, 28, 31, 33, 34, 36], [2, 5, 9, 16], [1, 2, 3, 5, 6, 7, 8, 9, 10, 11, 12, 13, 14, 15, 17, 18, 19, 20, 21, 22, 23, 24, 25, 26, 27, 29, 30, 31, 32, 33, 34, 36, 37, 38, 39, 41, 43, 44, 46, 48, 50, 51, 53, 55, 56, 58, 60, 63, 65, 67, 70, 72], [26, 31, 35, 37, 39, 41, 44, 45, 48, 49, 50, 53, 54, 57, 58, 62, 66, 67, 75, 84, 88]]
      DFS solutions=5000 cap_hit=True true_found=False
  anchor=(15, 17) sum_width=240 cartesian=125261959680
      A=[[15], [3, 5, 8, 10, 12, 14, 15, 17, 19, 21, 22, 23, 24, 26, 27, 28, 29, 30, 31, 33, 34, 35, 36, 37, 38, 39, 40, 41, 42], [4, 5, 6, 7, 8, 9, 10, 11, 12, 13, 14, 15, 16, 17, 18, 20, 21, 22, 23, 24, 25, 26, 27, 28, 29, 30, 31, 32, 39, 40, 41, 42, 43, 44, 45, 46, 47, 58], [21, 23, 24, 26, 28, 31, 33, 34, 36, 38, 39, 41, 43, 46, 48, 50, 53, 58, 60, 67], [1, 2, 3, 4, 5, 6, 8, 9, 10, 11, 12, 14, 16, 17, 18, 20, 21, 23, 24, 27, 28, 29, 30, 33, 34, 35, 36, 40, 41, 42, 47, 48, 52, 53, 54, 58, 59, 60, 65, 66, 71, 72, 77, 78]]
      B=[[17], [2, 3, 5, 6, 7, 9, 10, 11, 12, 13, 14, 16, 17, 18, 19, 20, 21, 23, 24, 25, 27, 28, 30, 31, 34, 35], [1, 6, 8, 13], [1, 3, 4, 5, 6, 7, 9, 10, 11, 12, 13, 14, 15, 16, 17, 18, 19, 20, 21, 22, 23, 24, 25, 26, 27, 28, 29, 30, 32, 33, 34, 35, 36, 38, 39, 40, 41, 42, 44, 45, 46, 47, 50, 51, 52, 53, 56, 57, 58, 59, 63, 64, 69, 70], [27, 31, 35, 41, 42, 43, 44, 46, 48, 50, 52, 54, 56, 59, 61, 63, 65, 67, 69, 76, 78, 80, 82]]
      DFS solutions=5000 cap_hit=True true_found=False
  anchor=(15, 18) sum_width=243 cartesian=150580684800
      A=[[15], [1, 5, 6, 10, 11, 14, 15, 16, 18, 19, 20, 23, 24, 25, 27, 28, 29, 30, 31, 32, 33, 34, 35, 36, 37, 38, 39, 40, 41, 42], [1, 3, 5, 6, 7, 8, 9, 10, 11, 12, 13, 14, 15, 16, 17, 18, 20, 21, 22, 23, 24, 25, 26, 27, 28, 29, 31, 33, 35, 37, 39, 40, 42, 44, 46, 48, 50, 52], [21, 23, 24, 28, 30, 33, 34, 35, 38, 39, 40, 43, 44, 48, 49, 53, 54, 58, 59, 63, 68], [1, 2, 3, 4, 5, 6, 7, 8, 9, 10, 11, 12, 13, 16, 17, 18, 20, 21, 23, 25, 27, 28, 29, 30, 32, 34, 35, 37, 40, 42, 44, 47, 49, 51, 54, 56, 59, 66, 73, 78]]
      B=[[18], [2, 3, 5, 6, 7, 9, 10, 11, 12, 13, 14, 16, 17, 18, 19, 20, 21, 23, 24, 25, 27, 28, 30, 31, 34, 35], [1, 6, 8, 13], [1, 3, 4, 5, 6, 7, 9, 10, 11, 12, 13, 14, 15, 16, 17, 18, 19, 20, 21, 22, 23, 24, 25, 26, 27, 28, 29, 30, 32, 33, 34, 35, 36, 38, 39, 40, 41, 42, 44, 45, 46, 47, 50, 51, 52, 53, 56, 57, 58, 59, 63, 64, 69, 70], [22, 26, 28, 30, 31, 35, 37, 39, 41, 42, 43, 44, 46, 48, 50, 52, 54, 56, 59, 61, 63, 65, 67, 69, 76, 78, 80, 82]]
      DFS solutions=5000 cap_hit=True true_found=False
  anchor=(16, 16) sum_width=250 cartesian=177013444608
      A=[[16], [2, 5, 8, 10, 11, 13, 16, 18, 19, 21, 22, 24, 25, 27, 28, 29, 30, 31, 32, 33, 35, 36, 37, 38, 39, 40, 41, 42], [1, 3, 4, 5, 6, 8, 9, 10, 11, 12, 13, 14, 15, 16, 17, 18, 20, 21, 22, 23, 25, 26, 27, 28, 29, 30, 32, 33, 34, 35, 37, 39, 40, 42, 44, 45, 47, 49, 52, 54, 56], [17, 21, 25, 27, 28, 29, 30, 32, 33, 35, 37, 38, 40, 41, 43, 45, 46, 48, 49, 51, 54, 56, 59, 62, 64, 70], [1, 2, 3, 4, 5, 6, 7, 8, 9, 10, 12, 13, 14, 17, 18, 20, 21, 22, 24, 25, 26, 28, 29, 31, 32, 33, 35, 36, 37, 39, 40, 41, 43, 44, 47, 48, 51, 52, 55, 56, 59, 60, 63, 64, 67, 71, 75, 79]]
      B=[[16], [1, 3, 4, 6, 7, 8, 9, 10, 11, 12, 13, 14, 15, 16, 17, 18, 19, 20, 22, 23, 25, 26, 28, 31, 33, 34, 36], [2, 5, 9, 16], [1, 2, 3, 5, 6, 7, 8, 9, 10, 11, 12, 13, 14, 15, 17, 18, 19, 20, 21, 22, 23, 24, 25, 26, 27, 29, 30, 31, 32, 33, 34, 36, 37, 38, 39, 41, 43, 44, 46, 48, 50, 51, 53, 55, 56, 58, 60, 63, 65, 67, 70, 72], [27, 31, 33, 35, 36, 37, 41, 44, 45, 48, 49, 50, 53, 54, 57, 58, 62, 66, 67, 75, 84, 88]]
      DFS solutions=5000 cap_hit=True true_found=False
  anchor=(14, 18) sum_width=253 cartesian=246865449600
      A=[[14], [1, 5, 6, 10, 11, 14, 15, 16, 18, 19, 20, 23, 24, 25, 27, 28, 29, 30, 31, 32, 33, 34, 35, 36, 37, 38, 39, 40, 41, 42], [1, 3, 5, 6, 7, 8, 9, 10, 11, 12, 13, 14, 15, 16, 17, 18, 20, 21, 22, 23, 24, 25, 26, 27, 28, 29, 31, 33, 35, 37, 39, 40, 42, 44, 46, 48, 50, 52], [20, 24, 25, 29, 30, 33, 34, 35, 38, 39, 40, 43, 44, 48, 49, 53, 54, 58, 59, 63, 68], [1, 2, 3, 4, 5, 6, 7, 8, 9, 10, 11, 12, 13, 15, 16, 17, 18, 20, 21, 22, 23, 25, 27, 28, 29, 30, 32, 34, 35, 37, 39, 40, 42, 44, 46, 49, 51, 54, 56, 59, 66, 68, 73, 78]]
      B=[[18], [1, 2, 3, 4, 5, 6, 7, 8, 9, 10, 12, 13, 14, 15, 16, 17, 18, 19, 20, 21, 22, 23, 28, 29, 30, 31, 32, 33, 34, 35, 36], [3, 4, 11, 12, 20], [1, 2, 4, 5, 6, 8, 9, 10, 12, 13, 14, 15, 16, 17, 18, 19, 20, 21, 22, 23, 24, 25, 26, 27, 28, 29, 30, 31, 33, 34, 35, 37, 38, 39, 41, 42, 43, 45, 46, 47, 50, 51, 54, 55, 58, 59, 60, 62, 63, 64, 67, 68, 71, 72], [22, 26, 28, 30, 35, 37, 39, 42, 43, 45, 46, 49, 50, 52, 53, 56, 59, 60, 62, 63, 66, 69, 70, 73, 76, 79, 83, 86]]
      DFS solutions=5000 cap_hit=True true_found=False
  anchor=(15, 16) sum_width=254 cartesian=200532713472
      A=[[15], [2, 5, 8, 10, 11, 13, 16, 18, 19, 21, 22, 24, 25, 27, 28, 29, 30, 31, 32, 33, 35, 36, 37, 38, 39, 40, 41, 42], [1, 3, 4, 5, 6, 8, 9, 10, 11, 12, 13, 14, 15, 16, 17, 18, 20, 21, 22, 23, 25, 26, 27, 28, 29, 30, 32, 33, 34, 35, 37, 39, 40, 42, 44, 45, 47, 49, 52, 54, 56], [21, 24, 26, 28, 30, 32, 33, 35, 37, 38, 40, 41, 43, 46, 48, 49, 51, 54, 56, 59, 62, 64, 67, 70], [1, 2, 3, 4, 5, 6, 7, 8, 9, 10, 12, 13, 14, 16, 17, 18, 20, 21, 24, 25, 26, 28, 29, 31, 32, 33, 35, 36, 37, 40, 41, 43, 44, 45, 47, 48, 51, 52, 55, 56, 59, 60, 63, 64, 67, 71, 75, 79]]
      B=[[16], [2, 3, 5, 6, 7, 9, 10, 11, 12, 13, 14, 16, 17, 18, 19, 20, 21, 23, 24, 25, 27, 28, 30, 31, 34, 35], [1, 6, 8, 13], [1, 3, 4, 5, 6, 7, 9, 10, 11, 12, 13, 14, 15, 16, 17, 18, 19, 20, 21, 22, 23, 24, 25, 26, 27, 28, 29, 30, 32, 33, 34, 35, 36, 38, 39, 40, 41, 42, 44, 45, 46, 47, 50, 51, 52, 53, 56, 57, 58, 59, 63, 64, 69, 70], [27, 29, 30, 31, 33, 35, 37, 41, 42, 43, 44, 46, 48, 50, 52, 54, 56, 59, 61, 63, 65, 67, 69, 76, 78, 80, 82]]
      DFS solutions=5000 cap_hit=True true_found=False
  anchor=(16, 15) sum_width=254 cartesian=202803554304
      A=[[16], [4, 5, 6, 11, 12, 13, 17, 18, 19, 20, 23, 24, 25, 26, 27, 30, 31, 32, 33, 34, 36, 37, 38, 39, 40, 41, 42], [2, 3, 4, 5, 6, 7, 8, 9, 11, 12, 13, 14, 15, 16, 17, 18, 20, 21, 22, 23, 24, 25, 26, 27, 29, 30, 31, 32, 33, 34, 35, 39, 40, 41, 42, 43, 44, 48, 49, 50, 51, 52, 58], [17, 21, 25, 27, 29, 30, 31, 32, 33, 36, 37, 38, 39, 42, 43, 44, 45, 48, 49, 50, 51, 55, 56, 57, 61, 62, 63], [1, 2, 3, 4, 5, 6, 7, 8, 9, 10, 11, 12, 14, 15, 17, 18, 20, 21, 22, 24, 25, 26, 27, 28, 29, 30, 31, 33, 34, 36, 37, 39, 40, 42, 43, 46, 48, 49, 52, 55, 58, 64, 65, 67, 68, 71, 74, 80]]
      B=[[15], [1, 3, 4, 6, 7, 8, 9, 10, 11, 12, 13, 14, 15, 16, 17, 18, 19, 20, 22, 23, 25, 26, 28, 31, 33, 34, 36], [2, 5, 9, 16], [1, 2, 3, 5, 6, 7, 8, 9, 10, 11, 12, 13, 14, 15, 17, 18, 19, 20, 21, 22, 23, 24, 25, 26, 27, 29, 30, 31, 32, 33, 34, 36, 37, 38, 39, 41, 43, 44, 46, 48, 50, 51, 53, 55, 56, 58, 60, 63, 65, 67, 70, 72], [26, 27, 31, 33, 35, 36, 37, 39, 41, 44, 45, 48, 49, 50, 53, 54, 57, 58, 62, 66, 67, 75, 84, 88]]
      DFS solutions=5000 cap_hit=True true_found=False
  anchor=(14, 17) sum_width=254 cartesian=249271573500
      A=[[14], [3, 5, 8, 10, 12, 14, 15, 17, 19, 21, 22, 23, 24, 26, 27, 28, 29, 30, 31, 33, 34, 35, 36, 37, 38, 39, 40, 41, 42], [4, 5, 6, 7, 8, 9, 10, 11, 12, 13, 14, 15, 16, 17, 18, 20, 21, 22, 23, 24, 25, 26, 27, 28, 29, 30, 31, 32, 39, 40, 41, 42, 43, 44, 45, 46, 47, 58], [20, 24, 26, 27, 29, 31, 33, 34, 36, 38, 39, 41, 43, 45, 46, 48, 50, 53, 55, 58, 60, 65, 67], [1, 2, 3, 4, 5, 6, 8, 9, 10, 11, 12, 14, 15, 16, 17, 18, 20, 21, 22, 23, 24, 27, 28, 29, 30, 33, 34, 35, 36, 39, 40, 41, 42, 46, 48, 52, 53, 54, 58, 59, 60, 65, 66, 71, 72, 77, 78]]
      B=[[17], [1, 2, 3, 4, 5, 6, 7, 8, 9, 10, 12, 13, 14, 15, 16, 17, 18, 19, 20, 21, 22, 23, 28, 29, 30, 31, 32, 33, 34, 35, 36], [3, 4, 11, 12, 20], [1, 2, 4, 5, 6, 8, 9, 10, 12, 13, 14, 15, 16, 17, 18, 19, 20, 21, 22, 23, 24, 25, 26, 27, 28, 29, 30, 31, 33, 34, 35, 37, 38, 39, 41, 42, 43, 45, 46, 47, 50, 51, 54, 55, 58, 59, 60, 62, 63, 64, 67, 68, 71, 72], [27, 33, 35, 36, 42, 43, 45, 46, 49, 50, 52, 53, 56, 59, 60, 62, 63, 66, 69, 70, 73, 76, 79, 83, 86]]
      DFS solutions=5000 cap_hit=True true_found=False
  anchor=(13, 18) sum_width=256 cartesian=245768040000
      A=[[13], [1, 5, 6, 10, 11, 14, 15, 16, 18, 19, 20, 23, 24, 25, 27, 28, 29, 30, 31, 32, 33, 34, 35, 36, 37, 38, 39, 40, 41, 42], [1, 3, 5, 6, 7, 8, 9, 10, 11, 12, 13, 14, 15, 16, 17, 18, 20, 21, 22, 23, 24, 25, 26, 27, 28, 29, 31, 33, 35, 37, 39, 40, 42, 44, 46, 48, 50, 52], [20, 23, 28, 29, 30, 33, 34, 35, 38, 39, 40, 43, 44, 48, 53, 54, 58, 59, 63, 68], [1, 2, 3, 4, 5, 6, 7, 8, 9, 10, 11, 12, 13, 15, 16, 17, 18, 20, 21, 22, 23, 25, 27, 28, 29, 30, 32, 34, 35, 37, 39, 40, 42, 44, 46, 47, 49, 51, 54, 56, 59, 66, 68, 73, 78]]
      B=[[18], [1, 3, 5, 6, 7, 8, 10, 11, 12, 13, 14, 15, 16, 17, 18, 19, 20, 21, 22, 24, 25, 26, 27, 29, 31, 32, 34, 36], [3, 4, 9, 15, 21], [2, 3, 5, 6, 7, 8, 9, 10, 11, 12, 13, 14, 15, 16, 17, 18, 19, 20, 21, 22, 23, 24, 25, 26, 27, 28, 29, 30, 31, 32, 33, 34, 35, 36, 37, 38, 39, 40, 42, 43, 45, 46, 48, 49, 51, 52, 54, 55, 57, 59, 60, 62, 63, 65, 66, 68, 69, 71, 72], [22, 26, 28, 30, 31, 38, 39, 41, 42, 43, 44, 45, 46, 47, 48, 55, 56, 57, 58, 59, 60, 61, 62, 72, 73, 74, 75, 76, 77]]
      DFS solutions=5000 cap_hit=True true_found=False
  anchor=(15, 15) sum_width=258 cartesian=233943914880
      A=[[15], [4, 5, 6, 11, 12, 13, 17, 18, 19, 20, 23, 24, 25, 26, 27, 30, 31, 32, 33, 34, 36, 37, 38, 39, 40, 41, 42], [2, 3, 4, 5, 6, 7, 8, 9, 11, 12, 13, 14, 15, 16, 17, 18, 20, 21, 22, 23, 24, 25, 26, 27, 29, 30, 31, 32, 33, 34, 35, 39, 40, 41, 42, 43, 44, 48, 49, 50, 51, 52, 58], [21, 23, 24, 26, 30, 31, 32, 33, 36, 37, 38, 39, 42, 43, 44, 48, 49, 50, 51, 56, 57, 61, 62, 63, 67, 68], [1, 2, 3, 4, 5, 6, 7, 8, 9, 10, 11, 12, 14, 17, 18, 20, 21, 23, 24, 25, 26, 27, 28, 29, 30, 31, 33, 34, 36, 37, 40, 42, 43, 45, 48, 49, 52, 55, 58, 64, 65, 67, 71, 74, 77, 80]]
      B=[[15], [2, 3, 5, 6, 7, 9, 10, 11, 12, 13, 14, 16, 17, 18, 19, 20, 21, 23, 24, 25, 27, 28, 30, 31, 34, 35], [1, 6, 8, 13], [1, 3, 4, 5, 6, 7, 9, 10, 11, 12, 13, 14, 15, 16, 17, 18, 19, 20, 21, 22, 23, 24, 25, 26, 27, 28, 29, 30, 32, 33, 34, 35, 36, 38, 39, 40, 41, 42, 44, 45, 46, 47, 50, 51, 52, 53, 56, 57, 58, 59, 63, 64, 69, 70], [22, 26, 27, 28, 29, 31, 33, 35, 37, 39, 41, 42, 43, 44, 46, 48, 50, 52, 54, 56, 59, 61, 63, 65, 67, 69, 76, 78, 80, 82]]
      DFS solutions=5000 cap_hit=True true_found=False
  anchor=(13, 17) sum_width=260 cartesian=283124782080
      A=[[13], [3, 5, 8, 10, 12, 14, 15, 17, 19, 21, 22, 23, 24, 26, 27, 28, 29, 30, 31, 33, 34, 35, 36, 37, 38, 39, 40, 41, 42], [4, 5, 6, 7, 8, 9, 10, 11, 12, 13, 14, 15, 16, 17, 18, 20, 21, 22, 23, 24, 25, 26, 27, 28, 29, 30, 31, 32, 39, 40, 41, 42, 43, 44, 45, 46, 47, 58], [20, 23, 26, 27, 28, 29, 31, 33, 34, 36, 38, 39, 41, 43, 45, 46, 48, 50, 53, 55, 58, 60, 65, 67], [1, 2, 3, 4, 5, 6, 8, 9, 10, 11, 12, 14, 15, 16, 17, 18, 20, 21, 22, 23, 24, 27, 28, 29, 30, 33, 34, 35, 36, 39, 40, 41, 42, 46, 47, 48, 52, 53, 54, 58, 59, 60, 65, 66, 71, 72, 77, 78]]
      B=[[17], [1, 3, 5, 6, 7, 8, 10, 11, 12, 13, 14, 15, 16, 17, 18, 19, 20, 21, 22, 24, 25, 26, 27, 29, 31, 32, 34, 36], [3, 4, 9, 15, 21], [2, 3, 5, 6, 7, 8, 9, 10, 11, 12, 13, 14, 15, 16, 17, 18, 19, 20, 21, 22, 23, 24, 25, 26, 27, 28, 29, 30, 31, 32, 33, 34, 35, 36, 37, 38, 39, 40, 42, 43, 45, 46, 48, 49, 51, 52, 54, 55, 57, 59, 60, 62, 63, 65, 66, 68, 69, 71, 72], [21, 27, 31, 33, 38, 41, 42, 43, 44, 45, 46, 47, 48, 55, 56, 57, 58, 59, 60, 61, 62, 72, 73, 74, 75, 76, 77]]
      DFS solutions=5000 cap_hit=True true_found=False
  anchor=(4, 16) sum_width=309 cartesian=2438222850000
      A=[[4], [2, 5, 8, 10, 11, 13, 16, 18, 19, 21, 22, 24, 25, 27, 28, 29, 30, 31, 32, 33, 35, 36, 37, 38, 39, 40, 41, 42], [1, 3, 4, 5, 6, 8, 9, 10, 11, 12, 13, 14, 15, 16, 17, 18, 20, 21, 22, 23, 25, 26, 27, 28, 29, 30, 32, 33, 34, 35, 37, 39, 40, 42, 44, 45, 47, 49, 52, 54, 56], [17, 20, 21, 22, 24, 25, 26, 27, 28, 29, 30, 32, 33, 35, 37, 38, 40, 41, 43, 45, 46, 48, 49, 51, 54, 56, 59, 62, 64, 67, 70], [1, 2, 3, 4, 5, 6, 7, 8, 9, 10, 12, 13, 14, 16, 17, 18, 20, 21, 22, 24, 25, 26, 28, 29, 31, 32, 33, 35, 36, 37, 39, 40, 41, 43, 44, 45, 47, 48, 51, 52, 55, 56, 59, 60, 63, 64, 67, 71, 75, 79]]
      B=[[16], [1, 2, 4, 5, 6, 7, 9, 10, 11, 12, 14, 16, 17, 18, 19, 21, 22, 23, 24, 26, 27, 28, 29, 31, 32, 33, 34, 35, 36], [2, 3, 8, 9, 13, 14, 19, 20, 25, 30, 31, 36, 42, 47, 53], [1, 3, 4, 6, 7, 8, 9, 10, 11, 12, 14, 15, 17, 18, 20, 21, 22, 23, 24, 25, 26, 27, 28, 29, 31, 32, 34, 35, 36, 37, 38, 39, 40, 41, 42, 43, 44, 45, 46, 48, 49, 50, 51, 52, 53, 54, 55, 56, 57, 58, 59, 60, 61, 62, 63, 65, 66, 67, 68, 69, 70, 71, 72], [21, 27, 29, 30, 33, 34, 35, 36, 37, 38, 41, 42, 43, 44, 45, 46, 47, 50, 51, 52, 53, 54, 55, 56, 57, 58, 59, 60, 61, 62, 63, 64, 67, 68, 69, 70, 72, 73, 74, 75, 76, 77, 78, 79, 80, 81, 85, 86, 87, 88]]
      DFS solutions=5000 cap_hit=True true_found=False

TRUE ANCHOR RESULT:
  anchor              = (4, 16)
  remaining sum width = 309
  remaining Cartesian space               = 2438222850000
  DFS solutions       = 5000
  DFS cap hit        = True
  true assignment found = False

------------------------------------------------------------------------
BIT SIZE = 54
------------------------------------------------------------------------

Sample 1:
  p = 84909697
  q = 105986267
  n = 8999261817131099

True residue vectors:
  A = [1, 5, 24, 16, 33]
  B = [11, 26, 48, 49, 83]
  true anchor = (1, 11)

Anchor filtering:
  corner-compatible anchors = 221
  globally feasible anchors = 221
  anchor propagation time = 0.355832s

Most constrained surviving anchors:
  anchor=(16, 18) sum_width=259 cartesian=590823525000
      A=[[16], [1, 2, 6, 10, 11, 14, 15, 16, 19, 20, 21, 23, 24, 25, 27, 28, 29, 30, 31, 32, 33, 34, 35, 36, 37, 38, 39, 41, 42], [2, 4, 6, 7, 8, 9, 11, 13, 15, 17, 19, 26, 28, 30, 32], [1, 3, 5, 6, 8, 9, 10, 11, 12, 13, 14, 15, 16, 17, 18, 19, 20, 21, 22, 23, 24, 25, 26, 27, 28, 29, 30, 32, 33, 34, 35, 37, 38, 39, 40, 42, 43, 44, 45, 47, 48, 49, 52, 53, 54, 58, 59, 63, 64, 68], [18, 24, 26, 27, 29, 32, 33, 34, 35, 37, 39, 40, 42, 44, 45, 46, 47, 49, 51, 52, 54, 56, 59, 64, 66, 68, 71, 73, 78]]
      B=[[18], [2, 3, 5, 6, 7, 8, 9, 10, 11, 13, 14, 15, 16, 17, 18, 19, 20, 21, 22, 24, 25, 27, 28, 29, 30, 32, 33, 35, 36], [11, 18, 22, 24, 25, 28, 29, 31, 32, 35, 38, 39, 42, 45, 46, 49, 56], [2, 4, 7, 9, 11, 14, 16, 19, 21, 23, 24, 26, 28, 30, 31, 33, 35, 36, 37, 38, 40, 41, 42, 43, 44, 45, 47, 48, 49, 50, 52, 53, 54, 55, 56, 57, 58, 59, 60, 61, 62, 63, 64, 65, 66, 67, 68, 69, 71, 72], [1, 2, 3, 5, 6, 7, 9, 10, 11, 12, 14, 15, 16, 18, 19, 20, 23, 24, 27, 28, 29, 31, 32, 33, 36, 37, 40, 41, 45, 46, 49, 50, 54, 58, 63, 67, 71, 80]]
      DFS solutions=5000 cap_hit=True true_found=False
  anchor=(14, 18) sum_width=269 cartesian=869995512540
      A=[[14], [1, 2, 6, 10, 11, 14, 15, 16, 19, 20, 21, 23, 24, 25, 27, 28, 29, 30, 31, 32, 33, 34, 35, 36, 37, 38, 39, 41, 42], [2, 4, 6, 7, 8, 9, 11, 13, 15, 17, 19, 26, 28, 30, 32], [1, 3, 4, 5, 6, 8, 9, 10, 11, 12, 13, 14, 15, 16, 17, 18, 19, 20, 21, 22, 23, 24, 25, 26, 27, 28, 29, 30, 32, 33, 34, 35, 37, 38, 39, 40, 42, 43, 44, 45, 47, 48, 49, 52, 53, 54, 58, 59, 63, 64, 68], [15, 18, 21, 24, 25, 26, 27, 28, 29, 30, 33, 34, 35, 37, 39, 40, 42, 44, 45, 46, 47, 49, 51, 52, 54, 56, 59, 64, 66, 68, 71, 73, 78]]
      B=[[18], [1, 2, 3, 8, 9, 10, 11, 12, 13, 14, 15, 16, 17, 18, 19, 20, 21, 22, 23, 24, 25, 26, 27, 28, 29, 30, 31, 32], [11, 16, 18, 22, 23, 24, 25, 26, 31, 32, 33, 34, 38, 39, 40, 41, 47, 48, 49, 55, 56], [3, 7, 8, 11, 12, 15, 16, 19, 20, 23, 24, 25, 28, 29, 32, 33, 36, 37, 40, 41, 42, 44, 45, 46, 48, 49, 50, 52, 53, 54, 56, 57, 58, 59, 60, 61, 62, 63, 64, 65, 66, 67, 68, 69, 70, 71, 72], [1, 2, 3, 4, 5, 6, 8, 9, 10, 11, 12, 13, 15, 16, 18, 19, 21, 22, 23, 25, 26, 28, 29, 32, 33, 35, 36, 38, 39, 42, 43, 45, 46, 49, 52, 55, 56, 59, 62, 66, 69, 72, 79]]
      DFS solutions=5000 cap_hit=True true_found=False
  anchor=(16, 15) sum_width=274 cartesian=1062842634000
      A=[[16], [4, 5, 10, 11, 12, 17, 18, 19, 20, 23, 24, 25, 26, 27, 29, 30, 31, 32, 33, 34, 36, 37, 38, 39, 40, 41, 42], [1, 2, 3, 7, 8, 9, 10, 11, 16, 17, 18, 19, 26, 27, 28, 35, 36, 45], [1, 2, 3, 5, 6, 7, 8, 9, 11, 12, 13, 14, 15, 17, 18, 19, 20, 21, 22, 23, 24, 25, 26, 27, 28, 29, 30, 31, 32, 33, 34, 35, 36, 37, 38, 39, 42, 43, 44, 45, 48, 49, 50, 51, 54, 55, 56, 57, 61, 62, 63, 67, 68, 69], [18, 24, 26, 27, 29, 32, 33, 34, 35, 36, 37, 39, 40, 42, 43, 45, 46, 48, 49, 51, 52, 54, 55, 58, 62, 64, 65, 67, 68, 70, 71, 73, 74, 77, 80]]
      B=[[15], [2, 3, 5, 6, 7, 8, 9, 10, 11, 13, 14, 15, 16, 17, 18, 19, 20, 21, 22, 24, 25, 27, 28, 29, 30, 32, 33, 35, 36], [11, 15, 17, 18, 20, 21, 22, 24, 25, 28, 29, 31, 32, 35, 38, 39, 42, 45, 46, 49, 56], [2, 4, 7, 9, 11, 14, 16, 19, 21, 23, 24, 26, 28, 30, 31, 33, 35, 36, 37, 38, 40, 41, 42, 43, 44, 45, 47, 48, 49, 50, 52, 53, 54, 55, 56, 57, 58, 59, 60, 61, 62, 63, 64, 65, 66, 67, 68, 69, 71, 72], [1, 2, 3, 5, 6, 7, 9, 10, 11, 12, 14, 15, 16, 18, 19, 20, 23, 24, 27, 28, 29, 31, 32, 33, 36, 37, 40, 41, 45, 46, 49, 50, 54, 58, 63, 67, 71, 80]]
      DFS solutions=5000 cap_hit=True true_found=False
  anchor=(16, 16) sum_width=274 cartesian=1070348356000
      A=[[16], [2, 5, 7, 8, 10, 13, 16, 18, 19, 21, 22, 24, 25, 26, 27, 28, 29, 30, 32, 33, 35, 36, 37, 38, 39, 40, 41, 42], [2, 3, 5, 7, 9, 10, 12, 14, 15, 17, 19, 22, 24, 29, 34, 36, 41], [1, 2, 3, 5, 6, 8, 9, 10, 11, 12, 13, 14, 16, 17, 18, 19, 20, 21, 22, 23, 24, 25, 26, 27, 28, 29, 30, 32, 33, 34, 35, 36, 37, 38, 40, 41, 43, 44, 45, 46, 48, 49, 51, 53, 54, 56, 57, 59, 62, 64, 65, 67, 70], [18, 24, 26, 27, 29, 32, 33, 34, 35, 36, 37, 39, 40, 41, 43, 44, 45, 47, 48, 49, 51, 52, 53, 55, 56, 59, 60, 63, 64, 67, 68, 71, 72, 75, 79]]
      B=[[16], [2, 3, 5, 6, 7, 8, 9, 10, 11, 13, 14, 15, 16, 17, 18, 19, 20, 21, 22, 24, 25, 27, 28, 29, 30, 32, 33, 35, 36], [11, 12, 14, 15, 18, 20, 21, 22, 24, 25, 28, 29, 31, 32, 35, 38, 39, 42, 45, 46, 49, 56], [2, 4, 7, 9, 11, 14, 16, 19, 21, 23, 24, 26, 28, 30, 31, 33, 35, 36, 37, 38, 40, 41, 42, 43, 44, 45, 47, 48, 49, 50, 52, 53, 54, 55, 56, 57, 58, 59, 60, 61, 62, 63, 64, 65, 66, 67, 68, 69, 71, 72], [1, 2, 3, 5, 6, 7, 9, 10, 11, 12, 14, 15, 16, 18, 19, 20, 23, 24, 27, 28, 29, 31, 32, 33, 36, 37, 40, 41, 45, 46, 49, 50, 54, 58, 63, 67, 71, 80]]
      DFS solutions=5000 cap_hit=True true_found=False
  anchor=(12, 18) sum_width=275 cartesian=1112643000000
      A=[[12], [1, 2, 6, 10, 11, 14, 15, 16, 19, 20, 21, 23, 24, 25, 27, 28, 29, 30, 31, 32, 33, 34, 35, 36, 37, 38, 39, 41, 42], [2, 4, 6, 7, 8, 9, 11, 13, 15, 17, 19, 26, 28, 30, 32], [1, 4, 5, 6, 8, 9, 10, 11, 12, 13, 14, 15, 16, 17, 18, 19, 20, 21, 22, 23, 24, 25, 26, 27, 28, 29, 30, 32, 33, 34, 35, 37, 38, 39, 40, 42, 43, 44, 45, 47, 48, 49, 52, 53, 54, 58, 59, 63, 64, 68], [16, 17, 18, 21, 23, 24, 25, 26, 27, 29, 30, 32, 33, 34, 35, 37, 39, 40, 42, 44, 45, 46, 47, 49, 51, 52, 54, 56, 59, 64, 66, 68, 71, 73, 78]]
      B=[[18], [1, 4, 5, 6, 8, 9, 10, 12, 13, 14, 15, 17, 18, 19, 20, 21, 22, 23, 24, 25, 26, 27, 28, 30, 31, 32, 33, 35, 36], [11, 16, 18, 19, 22, 23, 24, 26, 28, 32, 33, 34, 35, 37, 39, 41, 43, 45, 47, 50, 52, 54, 56, 58, 60], [10, 11, 12, 13, 14, 15, 25, 26, 27, 28, 29, 30, 31, 32, 39, 40, 41, 42, 43, 44, 45, 46, 47, 48, 49, 54, 55, 56, 57, 58, 59, 60, 61, 62, 63, 64, 65, 66, 69, 70, 71, 72], [1, 2, 3, 4, 6, 7, 8, 9, 10, 12, 13, 14, 15, 16, 18, 19, 20, 21, 24, 25, 26, 27, 30, 31, 32, 33, 36, 37, 38, 42, 43, 44, 48, 49, 50, 54, 55, 60, 61, 65, 66, 67, 71, 72, 77, 78, 83, 84]]
      DFS solutions=5000 cap_hit=True true_found=False
  anchor=(16, 14) sum_width=276 cartesian=1175312754000
      A=[[16], [3, 4, 5, 6, 7, 8, 18, 19, 20, 21, 22, 23, 24, 25, 26, 27, 32, 33, 34, 35, 36, 37, 38, 39, 40, 41, 42], [2, 3, 5, 6, 8, 9, 11, 14, 16, 17, 19, 22, 25, 28, 30, 33, 36, 44, 47], [1, 2, 3, 5, 10, 11, 12, 13, 14, 15, 16, 17, 18, 19, 20, 21, 22, 23, 24, 25, 26, 27, 28, 30, 31, 32, 33, 34, 35, 36, 37, 38, 39, 40, 41, 42, 43, 44, 45, 46, 47, 54, 55, 56, 57, 58, 59, 60, 61, 62, 63, 64, 65, 66], [18, 24, 26, 27, 32, 33, 34, 35, 36, 37, 40, 41, 42, 43, 44, 45, 46, 47, 51, 52, 53, 54, 55, 56, 62, 63, 64, 65, 66, 71, 72, 73, 74, 75, 82]]
      B=[[14], [2, 3, 5, 6, 7, 8, 9, 10, 11, 13, 14, 15, 16, 17, 18, 19, 20, 21, 22, 24, 25, 27, 28, 29, 30, 32, 33, 35, 36], [11, 12, 14, 15, 18, 20, 21, 22, 24, 25, 28, 29, 31, 32, 35, 38, 39, 42, 45, 46, 49, 56], [2, 4, 7, 9, 11, 14, 16, 19, 21, 23, 24, 26, 28, 30, 31, 33, 35, 36, 37, 38, 40, 41, 42, 43, 44, 45, 47, 48, 49, 50, 52, 53, 54, 55, 56, 57, 58, 59, 60, 61, 62, 63, 64, 65, 66, 67, 68, 69, 71, 72], [1, 2, 3, 5, 6, 7, 9, 10, 11, 12, 14, 15, 16, 18, 19, 20, 23, 24, 27, 28, 29, 31, 32, 33, 36, 37, 40, 41, 45, 46, 49, 50, 54, 58, 63, 67, 71, 80]]
      DFS solutions=5000 cap_hit=True true_found=False
  anchor=(12, 17) sum_width=280 cartesian=1343643033600
      A=[[12], [1, 3, 5, 8, 10, 12, 15, 17, 19, 20, 21, 22, 24, 26, 27, 28, 29, 30, 31, 33, 34, 35, 36, 37, 38, 40, 41, 42], [1, 2, 3, 4, 5, 13, 14, 15, 16, 17, 18, 19, 20, 32, 33, 34], [2, 4, 5, 6, 7, 9, 10, 11, 12, 14, 15, 16, 17, 18, 19, 20, 21, 22, 23, 24, 26, 27, 28, 29, 30, 31, 32, 33, 34, 35, 36, 38, 39, 40, 41, 43, 45, 46, 48, 50, 51, 53, 55, 57, 58, 60, 62, 65, 67, 70], [16, 17, 18, 21, 23, 24, 26, 27, 29, 30, 32, 33, 34, 35, 36, 39, 40, 41, 42, 45, 46, 47, 48, 51, 52, 53, 54, 58, 59, 60, 64, 65, 66, 70, 71, 72, 77, 78]]
      B=[[17], [1, 4, 5, 6, 8, 9, 10, 12, 13, 14, 15, 17, 18, 19, 20, 21, 22, 23, 24, 25, 26, 27, 28, 30, 31, 32, 33, 35, 36], [16, 17, 18, 19, 20, 21, 22, 23, 24, 26, 28, 30, 32, 33, 34, 35, 39, 41, 43, 45, 47, 50, 52, 54, 56, 58, 60], [10, 11, 12, 13, 14, 15, 25, 26, 27, 28, 29, 30, 31, 32, 39, 40, 41, 42, 43, 44, 45, 46, 47, 48, 49, 54, 55, 56, 57, 58, 59, 60, 61, 62, 63, 64, 65, 66, 69, 70, 71, 72], [1, 2, 3, 4, 6, 7, 8, 9, 10, 12, 13, 14, 15, 16, 18, 19, 20, 21, 24, 25, 26, 27, 30, 31, 32, 33, 36, 37, 38, 42, 43, 44, 48, 49, 50, 54, 55, 60, 61, 65, 66, 67, 71, 72, 77, 78, 83, 84]]
      DFS solutions=5000 cap_hit=True true_found=False
  anchor=(16, 13) sum_width=280 cartesian=1375242277500
      A=[[16], [1, 5, 8, 9, 12, 13, 16, 19, 20, 23, 24, 26, 27, 28, 30, 31, 32, 33, 34, 35, 37, 38, 39, 41, 42], [1, 2, 5, 6, 7, 8, 11, 12, 13, 17, 18, 19, 24, 25, 30, 31, 36, 37, 43, 49, 55], [2, 3, 6, 7, 8, 10, 11, 12, 14, 15, 16, 18, 19, 20, 21, 22, 23, 24, 25, 26, 27, 28, 29, 30, 31, 32, 33, 34, 35, 36, 37, 38, 39, 41, 42, 43, 45, 46, 47, 49, 50, 51, 53, 54, 55, 57, 58, 61, 62, 65, 66, 69, 70], [18, 24, 26, 27, 29, 32, 33, 34, 35, 36, 37, 39, 41, 43, 45, 46, 47, 48, 49, 50, 51, 52, 53, 54, 55, 56, 58, 60, 62, 64, 66, 68, 70, 72, 74, 75, 77, 79, 81]]
      B=[[13], [2, 3, 5, 6, 7, 8, 9, 10, 11, 13, 14, 15, 16, 17, 18, 19, 20, 21, 22, 24, 25, 27, 28, 29, 30, 32, 33, 35, 36], [11, 12, 14, 15, 17, 18, 20, 21, 22, 24, 25, 28, 29, 31, 32, 35, 38, 39, 42, 45, 46, 49, 56], [2, 4, 7, 9, 11, 14, 16, 19, 21, 23, 24, 26, 28, 30, 31, 33, 35, 36, 37, 38, 40, 41, 42, 43, 44, 45, 47, 48, 49, 50, 52, 53, 54, 55, 56, 57, 58, 59, 60, 61, 62, 63, 64, 65, 66, 67, 68, 69, 71, 72], [1, 2, 3, 5, 6, 7, 9, 10, 11, 12, 14, 15, 16, 18, 19, 20, 23, 24, 27, 28, 29, 31, 32, 33, 36, 37, 40, 41, 45, 46, 49, 50, 54, 58, 63, 67, 71, 80]]
      DFS solutions=5000 cap_hit=True true_found=False
  anchor=(13, 17) sum_width=281 cartesian=1364142124800
      A=[[13], [1, 3, 5, 8, 10, 12, 15, 17, 19, 20, 21, 22, 24, 26, 27, 28, 29, 30, 31, 33, 34, 35, 36, 37, 38, 40, 41, 42], [1, 2, 3, 4, 5, 13, 14, 15, 16, 17, 18, 19, 20, 32, 33, 34], [2, 3, 4, 5, 6, 7, 9, 10, 11, 12, 14, 15, 16, 17, 18, 19, 20, 21, 22, 23, 24, 26, 27, 28, 29, 30, 31, 32, 33, 34, 35, 36, 38, 39, 40, 41, 43, 45, 46, 48, 50, 51, 53, 55, 57, 58, 60, 62, 65, 67, 70], [14, 16, 18, 21, 23, 24, 26, 27, 28, 29, 30, 32, 33, 34, 35, 36, 39, 40, 41, 42, 45, 46, 47, 48, 51, 52, 53, 54, 58, 59, 60, 64, 65, 66, 70, 71, 72, 77, 78]]
      B=[[17], [2, 4, 5, 7, 9, 10, 11, 12, 14, 15, 16, 17, 18, 19, 20, 21, 22, 23, 24, 25, 26, 28, 29, 30, 31, 33, 35, 36], [12, 14, 16, 17, 18, 19, 20, 22, 23, 24, 25, 28, 29, 30, 31, 34, 35, 36, 40, 41, 42, 46, 47, 48, 53, 54, 59], [6, 9, 12, 15, 18, 21, 23, 24, 26, 27, 29, 30, 32, 33, 35, 36, 38, 40, 41, 43, 44, 46, 47, 49, 50, 52, 53, 55, 56, 57, 58, 59, 60, 61, 62, 63, 64, 65, 66, 67, 68, 69, 70, 71, 72], [3, 4, 5, 6, 7, 8, 9, 10, 11, 12, 13, 14, 15, 20, 21, 22, 23, 24, 25, 26, 27, 28, 29, 30, 37, 38, 39, 40, 41, 42, 43, 44, 45, 54, 55, 56, 57, 58, 59, 60, 71, 72, 73, 74, 88]]
      DFS solutions=5000 cap_hit=True true_found=False
  anchor=(7, 18) sum_width=282 cartesian=1236794227200
      A=[[7], [1, 2, 6, 10, 11, 14, 15, 16, 19, 20, 21, 23, 24, 25, 27, 28, 29, 30, 31, 32, 33, 34, 35, 36, 37, 38, 39, 41, 42], [2, 4, 6, 7, 8, 9, 11, 13, 15, 17, 19, 26, 28, 30, 32], [1, 3, 4, 5, 6, 8, 9, 10, 11, 12, 13, 14, 15, 16, 17, 18, 19, 20, 21, 22, 23, 24, 25, 26, 27, 28, 29, 30, 32, 33, 34, 35, 37, 38, 39, 40, 42, 43, 44, 45, 47, 48, 49, 52, 53, 54, 58, 59, 63, 64, 68], [18, 21, 23, 24, 25, 26, 27, 28, 29, 30, 32, 33, 34, 35, 37, 39, 40, 42, 44, 45, 46, 47, 49, 51, 52, 54, 56, 59, 64, 66, 68, 71, 73, 78]]
      B=[[18], [2, 4, 5, 6, 7, 9, 11, 13, 15, 16, 17, 18, 19, 20, 21, 22, 23, 24, 26, 28, 29, 30, 31, 32, 33, 34, 35, 36], [11, 16, 18, 19, 22, 25, 26, 27, 28, 29, 31, 32, 33, 34, 35, 36, 37, 42, 43, 44, 45, 46, 47, 48, 49, 50, 51, 52, 59, 60], [6, 7, 14, 15, 16, 22, 23, 24, 30, 31, 32, 33, 38, 39, 40, 41, 46, 47, 48, 49, 50, 55, 56, 57, 58, 63, 64, 65, 66, 67, 71, 72], [1, 2, 3, 4, 5, 6, 7, 8, 9, 10, 12, 13, 15, 16, 18, 19, 20, 21, 22, 23, 24, 25, 26, 27, 29, 30, 32, 33, 35, 36, 38, 39, 41, 42, 43, 44, 46, 47, 49, 50, 52, 53, 55, 56, 58, 59, 61, 64, 66, 67, 69, 70, 72, 73, 75, 76, 78, 81, 84, 86, 87]]
      DFS solutions=5000 cap_hit=True true_found=False
  anchor=(16, 12) sum_width=283 cartesian=1396665984000
      A=[[16], [3, 5, 7, 9, 11, 13, 15, 17, 19, 21, 22, 23, 24, 25, 26, 28, 30, 32, 34, 36, 38, 40, 41, 42], [1, 3, 4, 6, 7, 9, 10, 12, 13, 16, 19, 20, 22, 23, 26, 29, 32, 35, 39, 42, 45, 48, 58], [2, 6, 8, 9, 10, 11, 12, 13, 14, 15, 16, 17, 18, 19, 21, 22, 23, 24, 25, 26, 27, 28, 29, 30, 31, 32, 33, 34, 35, 36, 38, 39, 40, 41, 42, 43, 44, 45, 46, 47, 48, 49, 51, 53, 55, 57, 58, 59, 60, 61, 62, 63, 64, 66, 68, 70], [18, 24, 26, 27, 29, 32, 33, 34, 35, 36, 39, 40, 41, 42, 43, 44, 45, 46, 47, 48, 49, 50, 51, 52, 58, 59, 60, 62, 63, 64, 65, 66, 67, 68, 69, 77, 78, 79, 80, 81, 82]]
      B=[[12], [2, 3, 5, 6, 7, 8, 9, 10, 11, 13, 14, 15, 16, 17, 18, 19, 20, 21, 22, 24, 25, 27, 28, 29, 30, 32, 33, 35, 36], [15, 17, 18, 20, 21, 22, 24, 25, 28, 29, 31, 32, 35, 38, 39, 42, 45, 46, 49, 56], [2, 4, 7, 9, 11, 14, 16, 19, 21, 23, 24, 26, 28, 30, 31, 33, 35, 36, 37, 38, 40, 41, 42, 43, 44, 45, 47, 48, 49, 50, 52, 53, 54, 55, 56, 57, 58, 59, 60, 61, 62, 63, 64, 65, 66, 67, 68, 69, 71, 72], [1, 2, 3, 5, 6, 7, 9, 10, 11, 12, 14, 15, 16, 18, 19, 20, 23, 24, 27, 28, 29, 31, 32, 33, 36, 37, 40, 41, 45, 46, 49, 50, 54, 58, 63, 67, 71, 80]]
      DFS solutions=5000 cap_hit=True true_found=False
  anchor=(8, 18) sum_width=284 cartesian=1371332497500
      A=[[8], [1, 2, 6, 10, 11, 14, 15, 16, 19, 20, 21, 23, 24, 25, 27, 28, 29, 30, 31, 32, 33, 34, 35, 36, 37, 38, 39, 41, 42], [2, 4, 6, 7, 8, 9, 11, 13, 15, 17, 19, 26, 28, 30, 32], [1, 3, 4, 5, 6, 8, 9, 10, 11, 12, 13, 14, 15, 16, 17, 18, 19, 20, 21, 22, 23, 24, 25, 26, 27, 28, 29, 30, 32, 33, 34, 35, 37, 38, 39, 40, 42, 43, 44, 45, 47, 48, 49, 52, 53, 54, 58, 59, 63, 64, 68], [14, 17, 18, 21, 23, 24, 25, 27, 28, 29, 30, 32, 33, 34, 35, 37, 39, 40, 42, 44, 45, 46, 47, 49, 51, 52, 54, 56, 59, 64, 66, 68, 71, 73, 78]]
      B=[[18], [1, 4, 5, 6, 9, 10, 11, 12, 14, 15, 16, 17, 18, 20, 21, 22, 23, 25, 26, 27, 28, 29, 30, 31, 32, 33, 34, 35, 36], [11, 16, 19, 22, 23, 24, 25, 26, 27, 28, 29, 31, 33, 34, 36, 37, 39, 40, 41, 42, 44, 45, 47, 48, 50, 51, 53, 56, 58, 59], [1, 4, 8, 11, 14, 15, 18, 21, 22, 25, 28, 31, 32, 35, 38, 39, 42, 45, 46, 48, 49, 52, 53, 55, 56, 59, 60, 62, 63, 65, 66, 67, 69, 70, 72], [1, 2, 3, 4, 5, 6, 7, 9, 10, 11, 12, 13, 14, 15, 18, 19, 20, 21, 22, 23, 24, 27, 28, 29, 30, 31, 32, 36, 37, 38, 39, 40, 41, 45, 46, 47, 48, 49, 53, 54, 55, 56, 57, 58, 62, 63, 64, 65, 66, 71, 72, 73, 74, 75, 80, 81, 82, 83]]
      DFS solutions=5000 cap_hit=True true_found=False
  anchor=(1, 11) sum_width=329 cartesian=2781648777600
      A=[[1], [2, 5, 9, 12, 15, 18, 19, 21, 22, 24, 25, 28, 29, 31, 32, 34, 35, 37, 38, 39, 40, 41, 42], [1, 4, 5, 6, 8, 9, 10, 13, 14, 15, 18, 19, 23, 24, 27, 28, 32, 33, 37, 42, 46, 47, 51, 56], [1, 3, 4, 6, 7, 9, 10, 11, 12, 13, 14, 15, 16, 17, 18, 19, 20, 21, 22, 23, 24, 25, 26, 28, 29, 30, 31, 32, 33, 34, 35, 36, 37, 38, 39, 40, 41, 42, 43, 44, 45, 46, 47, 48, 50, 51, 53, 54, 56, 57, 59, 60, 62, 63, 64, 65, 66, 67, 69, 70], [14, 15, 16, 17, 18, 19, 21, 23, 24, 25, 26, 27, 28, 29, 30, 31, 32, 33, 34, 35, 36, 37, 39, 40, 42, 43, 44, 45, 46, 47, 48, 50, 51, 53, 54, 55, 56, 58, 59, 62, 64, 65, 66, 67, 69, 70, 72, 73, 75, 77, 78, 80, 81]]
      B=[[11], [1, 3, 6, 8, 9, 11, 12, 14, 15, 17, 18, 20, 23, 25, 26, 28, 29, 31, 32, 34, 35], [11, 12, 14, 15, 16, 17, 18, 19, 20, 21, 22, 23, 24, 25, 26, 27, 28, 29, 30, 31, 32, 33, 34, 35, 36, 37, 38, 39, 40, 41, 42, 43, 44, 45, 46, 47, 48, 49, 50, 51, 52, 53, 54, 55, 56, 57, 58, 59, 60], [3, 8, 10, 15, 20, 25, 27, 30, 32, 37, 42, 44, 47, 49, 54, 59, 61, 64, 66, 71], [1, 2, 3, 4, 5, 6, 7, 8, 10, 11, 12, 14, 15, 16, 17, 18, 19, 20, 21, 22, 23, 24, 25, 27, 28, 29, 31, 32, 33, 34, 35, 36, 37, 38, 39, 40, 41, 42, 44, 45, 46, 48, 49, 50, 51, 52, 53, 54, 55, 56, 57, 58, 59, 61, 62, 63, 65, 66, 67, 68, 69, 70, 71, 72, 73, 74, 75, 76, 78, 79, 80, 82, 83, 84, 86, 87, 88]]
      DFS solutions=5000 cap_hit=True true_found=False

TRUE ANCHOR RESULT:
  anchor              = (1, 11)
  remaining sum width = 329
  remaining Cartesian space               = 2781648777600
  DFS solutions       = 5000
  DFS cap hit        = True
  true assignment found = False

========================================================================
FINAL SUMMARY
========================================================================

30-bit: best anchor=(16,2), sum_width=184, Cartesian=347443200
36-bit: best anchor=(6,17), sum_width=127, Cartesian=41803776
42-bit: best anchor=(14,1), sum_width=167, Cartesian=516737760
48-bit: best anchor=(16,17), sum_width=237, Cartesian=111120478560
54-bit: best anchor=(16,18), sum_width=259, Cartesian=590823525000

Interpretation:

1. Corner anchoring supplies candidate A_i and B_j domains.
2. Cross-cell product constraints are then propagated.
3. The key measurement is whether the true anchor collapses
   to singleton residue vectors.
4. A singleton 5x5 residue vector can be CRT-reconstructed.

M1 = product(R1) = 254159197
M2 = product(R2) = 278610851

If the recovered CRT residues are smaller than their
corresponding moduli products, they directly give p and q.

========================================================================
FINISHED EXPERIMENT 163
========================================================================
