n	p	q	r1	r2	R	T	K	E	k	l	a	b
1407159571	37889	37139	47	97	4559	308655	307892	763	806	382	7	85
6721596373	76099	88327	61	97	5917	1135980	1134770	1210	1247	910	32	57
817438513	18523	44131	53	103	5459	149741	149372	369	349	428	26	47
1565183131	15923	98297	37	71	2627	595806	595120	686	430	1384	13	33
1257306187	38329	32803	61	73	4453	282350	281972	378	628	449	21	26
2811096479	32203	87293	29	89	2581	1089150	1087800	1350	1110	980	13	73
1121393803	21107	53129	59	71	4189	267699	267036	663	357	748	44	21
1192430189	13043	91423	53	89	4717	252794	252642	152	246	1027	5	20
629251027	46381	13567	29	67	1943	323855	322998	857	1599	202	10	33
4419124219	96557	45767	47	89	4183	1056448	1055756	692	2054	514	19	21
408729107	10193	40099	53	101	5353	76355	76224	131	192	397	17	2
528284753	19763	26731	53	71	3763	140389	139872	517	372	376	47	35
3472015409	76303	45503	43	73	3139	1106089	1105202	887	1774	623	21	24
1390724039	58579	23741	61	73	4453	312311	312000	311	960	325	19	16
4097404459	93563	43793	53	71	3763	1088866	1087240	1626	1765	616	18	57
137271973	13523	10151	59	73	4307	31871	31831	40	229	139	12	4
8060633023	82613	97571	47	89	4183	1926998	1925672	1326	1757	1096	34	27
3904889227	59879	65213	43	71	3053	1279033	1277856	1177	1392	918	23	35
2612065919	77351	33769	61	83	5063	515912	514808	1104	1268	406	3	71
308429543	15413	20011	41	71	2911	105953	105375	578	375	281	38	60
2885762623	83969	34367	47	67	3149	916406	914432	1974	1786	512	27	63
4015530473	57269	70117	29	67	1943	2066665	2064804	1861	1974	1046	23	35
1137030299	48259	23561	29	103	2987	380659	379392	1267	1664	228	3	77
2194494677	23761	92357	59	79	4661	470820	469938	882	402	1169	43	6
3252676363	86239	37717	31	79	2449	1328165	1326537	1628	2781	477	28	34
1138676467	19717	57751	47	103	4841	235215	234640	575	419	560	24	71
4725228467	82619	57193	29	71	2059	2294914	2292640	2274	2848	805	27	38
3537995213	50411	70183	41	83	3403	1039669	1038505	1164	1229	845	22	48
344931283	10007	34469	37	83	3071	112318	112050	268	270	415	17	24
1002811883	27631	36293	53	97	5141	195061	194854	207	521	374	18	15
5185348681	95549	54269	59	103	6077	853274	851594	1680	1619	526	28	91
2917591559	43159	67601	37	79	2923	998149	996930	1219	1166	855	17	56
1109271151	39019	28429	41	97	3977	278921	278643	278	951	293	28	8
2148155239	33767	63617	31	83	2573	834883	834174	709	1089	766	8	39
3749992517	50627	74071	43	71	3053	1228297	1227611	686	1177	1043	16	18
4721560223	55331	85333	41	83	3403	1387469	1386772	697	1349	1028	22	9
717582751	10799	66449	59	73	4307	166608	166530	78	183	910	2	19
6530162503	69857	93479	43	83	3569	1829689	1828624	1065	1624	1126	25	21
4471205447	93187	47981	53	103	5459	819052	817470	1582	1758	465	13	86
2347512131	23581	99551	37	79	2923	803117	802620	497	637	1260	12	11
5434272577	83117	65381	37	83	3071	1769544	1767602	1942	2246	787	15	60
551400959	44017	12527	47	97	4559	120947	120744	203	936	129	25	14
439673131	14323	30697	47	67	3149	139623	139232	391	304	458	35	11
4942144687	82657	59791	47	83	3901	1266891	1265760	1131	1758	720	31	31
1161703303	19727	58889	43	79	3397	341979	341210	769	458	745	33	34
1641658961	22277	73693	59	103	6077	270142	269555	587	377	715	34	48
1973955223	30713	64271	41	101	4141	476685	476364	321	749	636	4	35
4179605051	56269	74279	37	79	2923	1429902	1428800	1102	1520	940	29	19
2912373311	31253	93187	59	103	6077	479245	478216	1029	529	904	42	75
512528701	25939	19759	53	67	3551	144333	143766	567	489	294	22	61
1971764341	33931	58111	41	79	3239	608757	607845	912	827	735	24	46
1944300503	48473	40111	43	83	3569	544774	544341	433	1127	483	12	22
5000488439	64717	77267	47	101	4747	1053399	1052640	759	1376	765	45	2
6447668009	84523	76283	43	79	3397	1898047	1896225	1822	1965	965	28	48
3612827509	40253	89753	47	67	3149	1147293	1146184	1109	856	1339	21	40
6518089549	89273	73013	29	67	1943	3354652	3351942	2710	3078	1089	11	50
2560738163	75389	33967	29	79	2291	1117738	1114971	2767	2599	429	18	76
3274163803	39343	83221	47	67	3149	1039747	1039554	193	837	1242	4	7
4816922771	70589	68239	47	71	3337	1443488	1442461	1027	1501	961	42	8
5959688519	71983	82793	47	89	4183	1424740	1423830	910	1531	930	26	23
3629979877	42139	86143	41	83	3403	1066699	1064999	1700	1027	1037	32	72
6467205473	78929	81937	31	97	3007	2150716	2148824	1892	2546	844	3	69
2544423709	51137	49757	43	79	3397	749020	747881	1139	1189	629	10	66
3476932703	36263	95881	61	71	4331	802801	801900	901	594	1350	29	31
1976474989	89567	22067	37	97	3589	550703	549340	1363	2420	227	27	48
2204569721	63703	34607	61	67	4087	539410	538704	706	1044	516	19	35
6094133537	64763	94099	61	73	4453	1368545	1367629	916	1061	1289	42	2
5121318283	99137	51659	61	71	4331	1182479	1181375	1104	1625	727	12	42
4448801191	46103	96497	29	101	2929	1518880	1517495	1385	1589	955	22	42
8917323479	95701	93179	29	79	2291	3892328	3890700	1628	3300	1179	1	38
160399697	10177	15761	43	103	4429	36215	36108	107	236	153	29	2
949956899	51241	18539	37	89	3293	288477	287872	605	1384	208	33	27
3714708197	47857	77621	43	83	3569	1040826	1039720	1106	1112	935	41	16
3634171721	69221	52501	37	103	3811	953600	951830	1770	1870	509	31	74
6217004107	99793	62299	47	103	4841	1284239	1282292	1947	2123	604	12	87
423496247	11789	35923	61	101	6161	68738	68515	223	193	355	16	68
2868640321	57653	49757	47	101	4747	604305	603192	1113	1226	492	31	65
575754379	18253	31543	59	67	3953	145649	145230	419	309	470	22	53
275294057	19037	14461	59	83	4897	56216	56028	188	322	174	39	19
1052066923	51691	20353	29	103	2987	352215	351054	1161	1782	197	13	62
1598484743	45641	35023	31	79	2449	652709	652096	613	1472	443	9	26
625403783	20011	31253	53	97	5141	121650	121394	256	377	322	30	19
1270738589	22397	56737	37	101	3737	340042	339405	637	605	561	12	76
487170667	21107	23081	59	83	4897	99483	99246	237	357	278	44	7
531949511	33751	15761	59	73	4307	123508	122980	528	572	215	3	66
3615932471	44851	80621	37	67	2479	1458625	1458036	589	1212	1203	7	20
2157985421	27179	79399	29	83	2407	896545	895772	773	937	956	6	51
1486752461	28283	52567	47	89	4183	355427	354590	837	601	590	36	57
2220344411	73553	30187	47	71	3337	665371	664700	671	1564	425	45	12
2070478763	87721	23603	31	83	2573	804694	803436	1258	2829	284	22	31
690290771	29303	23557	47	83	3901	176952	176309	643	623	283	22	68
3015366349	72953	41333	47	71	3337	903615	903264	351	1552	582	9	11
3492450023	91423	38201	61	103	6283	555857	554260	1597	1498	370	45	91
4402925759	47137	93407	47	101	4747	927517	925848	1669	1002	924	43	83
515704139	35257	14627	53	79	4187	123167	123025	142	665	185	12	12
7822015039	82721	94559	37	103	3811	2052483	2051730	753	2235	918	26	5
1861815961	26713	69697	37	83	3071	606257	604919	1338	721	839	36	60
1241666711	28099	44189	47	103	4841	256489	256113	376	597	429	40	2
1939945793	47809	40577	47	97	4559	425520	425106	414	1017	418	10	31
5378358451	59333	90647	59	67	3953	1360576	1358760	1816	1005	1352	38	63
5465111447	56053	97499	43	83	3569	1531272	1529722	1550	1303	1174	24	57
2124708797	80387	26431	43	97	4171	509400	508368	1032	1869	272	20	47
1210084663	70489	17167	31	89	2759	438595	436416	2179	2273	192	26	79
4785292951	54421	87931	61	73	4453	1074622	1073968	654	892	1204	9	39
399073327	14561	27407	53	89	4717	84603	84118	485	274	307	39	84
2207440247	27283	80909	47	101	4747	465017	464580	437	580	801	23	8
5657799827	69833	81019	43	71	3053	1853193	1852984	209	1624	1141	1	8
5191951013	94559	54907	53	79	4187	1240016	1239880	136	1784	695	7	2
2757725777	45833	60169	29	101	2929	941524	940100	1424	1580	595	13	74
985584871	65921	14951	29	101	2929	336491	336404	87	2273	148	4	3
2980883273	32707	91139	43	67	2881	1034669	1033600	1069	760	1360	27	19
1426809491	72949	19559	53	89	4717	302482	301344	1138	1376	219	21	68
1793391241	25841	69401	41	103	4223	424672	423990	682	630	673	11	82
2125543759	32059	66301	59	71	4189	507410	506619	791	543	933	22	58
7161630167	98807	72481	31	83	2573	2783377	2782251	1126	3187	873	10	22
2887247417	75743	38119	53	71	3763	767272	765944	1328	1429	536	6	63
745418711	62467	11933	29	83	2407	309687	308022	1665	2154	143	1	64
6379069399	71821	88819	59	89	5251	1214829	1213349	1480	1217	997	18	86
1434171007	20357	70451	31	101	3131	458055	457232	823	656	697	21	54
4027509331	61627	65353	37	89	3293	1223051	1222110	941	1665	734	22	27
1174110137	12721	92297	29	83	2407	487789	487056	733	438	1112	19	1
4253562823	56897	74759	41	71	2911	1461203	1459124	2079	1387	1052	30	67
3981302957	51043	77999	43	89	3827	1040319	1039812	507	1187	876	2	35
2804473577	65677	42701	53	79	4187	669805	669060	745	1239	540	10	41
1014848489	43969	23081	31	103	3193	317835	317632	203	1418	224	11	9
2736818927	43607	62761	41	79	3239	844957	844022	935	1063	794	24	35
7742774597	94559	81883	43	97	4171	1856335	1855956	379	2199	844	2	15
1146963469	18461	62129	47	97	4559	251582	250880	702	392	640	37	49
1545572849	34739	44491	61	73	4453	347085	346521	564	569	609	30	34
614061053	17707	34679	41	67	2747	223538	222827	711	431	517	36	40
3299154751	99041	33311	29	67	1943	1697969	1697255	714	3415	497	6	12
577171619	26737	21587	43	101	4343	132896	132273	623	621	213	34	74
4669174073	56359	82847	43	89	3827	1220061	1218300	1761	1310	930	29	77
1551762083	31153	49811	37	101	3737	415242	414613	629	841	493	36	18
453872521	15619	29059	29	67	1943	233593	232954	639	538	433	17	48
4677307933	93563	49991	53	83	4399	1063266	1062530	736	1765	602	18	25
817780973	26953	30341	41	97	3977	205627	204984	643	657	312	16	77
7789648271	95027	81973	29	97	2813	2769160	2768220	940	3276	845	23	8
1810955099	24793	73043	43	97	4171	434177	433728	449	576	753	25	2
687579811	19427	35393	37	67	2479	277361	277200	161	525	528	2	17
5720833949	57373	99713	43	101	4343	1317253	1316658	595	1334	987	11	26
2851812443	44021	64783	59	97	5723	498307	497582	725	746	667	7	84
3635827639	55339	65701	43	79	3397	1070305	1068666	1639	1286	831	41	52
5735009783	75161	76303	37	103	3811	1504856	1502940	1916	2031	740	14	83
2991716033	44507	67219	29	79	2291	1305855	1303900	1955	1534	850	21	69
1602178069	48473	33053	29	89	2581	620758	619941	817	1671	371	14	34
6716025989	90067	74567	59	89	5251	1278999	1277262	1737	1526	837	33	74
459669313	11411	40283	41	71	2911	157907	157626	281	278	567	13	26
6561040517	84407	77731	53	103	5459	1201875	1200368	1507	1592	754	31	69
464211817	34537	13441	47	83	3901	118998	118174	824	734	161	39	78
1914300061	64609	29629	31	97	3007	636614	635620	994	2084	305	5	44
6567422009	96479	68071	59	89	5251	1250699	1249140	1559	1635	764	14	75
2246850689	66797	33637	59	71	4189	536369	535436	933	1132	473	9	54
890035963	10267	86689	43	101	4343	204935	204204	731	238	858	33	31
3237564751	40699	79549	29	89	2581	1254383	1252879	1504	1403	893	12	72
3390167839	74279	45641	43	97	4171	812794	811690	1104	1727	470	18	51
2581296649	83621	30869	37	89	3293	783873	781960	1913	2260	346	1	75
3970323499	57751	68749	61	97	5917	671002	669768	1234	946	708	45	73
2951816473	33091	89203	41	103	4223	698985	698862	123	807	866	4	5
7186958803	89449	80347	47	97	4559	1576433	1575684	749	1903	828	8	31
3585076771	55061	65111	43	103	4429	809455	808960	495	1280	632	21	15
506844799	44293	11443	37	67	2479	204455	203490	965	1197	170	4	53
3982095391	47837	83243	31	79	2449	1626008	1624779	1229	1543	1053	4	56
971411201	21227	45763	29	103	2987	325212	324564	648	731	444	28	31
919435717	12721	72277	41	83	3403	270183	269700	483	310	870	11	67
823310687	11953	68879	59	71	4189	196541	195940	601	202	970	35	9
7250841713	79181	91573	29	89	2581	2809314	2806440	2874	2730	1028	11	81
5977987259	97841	61099	29	101	2929	2040965	2037292	3673	3373	604	24	95
1454952307	16253	89519	37	103	3811	381777	381491	286	439	869	10	12
2285680333	51991	43963	47	97	4559	501355	501018	337	1106	453	9	22
745933813	18803	39671	61	79	4819	154790	154616	174	308	502	15	13
2659042237	70853	37529	47	83	3901	681630	681164	466	1507	452	24	13
2756511913	30971	89003	29	89	2581	1068001	1067000	1001	1067	1000	28	3
814625489	21803	37363	41	71	2911	279843	279306	537	531	526	32	17
1836072197	26731	68687	41	101	4141	443388	442680	708	651	680	40	7
851196923	42643	19961	29	79	2291	371539	370440	1099	1470	252	13	53
3041089577	55717	54581	61	67	4087	744088	743182	906	913	814	24	43
1273509833	86287	14759	59	73	4307	295683	295324	359	1462	202	29	13
1143923983	89797	12739	29	67	1943	588741	588240	501	3096	190	13	9
3096954097	57467	53891	59	83	4897	632418	632126	292	974	649	1	24
1881894073	34253	54941	53	83	4399	427800	427006	794	646	661	15	78
3483663941	52153	66797	47	97	4559	764128	762992	1136	1109	688	30	61
611342587	45061	13567	61	71	4331	141155	140958	197	738	191	43	6
549353633	19559	28087	31	101	3131	175456	175140	316	630	278	29	9
3311340589	57251	57839	29	97	2813	1177156	1176504	652	1974	596	5	27
5909612713	75707	78059	61	83	5063	1167215	1166540	675	1241	940	6	39
2318206193	75583	30671	29	89	2581	898181	896464	1717	2606	344	9	55
1112243423	14753	75391	61	67	4087	272141	271125	1016	241	1125	52	16
1957363987	67349	29063	29	103	2987	655294	654804	490	2322	282	11	17
6217445203	86369	71987	41	83	3403	1827048	1825902	1146	2106	867	23	26
5722279973	73019	78367	61	67	4087	1400117	1399293	824	1197	1169	2	44
566635793	19919	28447	31	67	2077	272814	272208	606	642	424	17	39
1674170909	36037	46457	61	97	5917	282942	282020	922	590	478	47	91
3998343889	58393	68473	53	79	4187	954942	953466	1476	1101	866	40	59
1952624563	33641	58043	41	83	3403	573795	573180	615	820	699	21	26
446123429	12149	36721	43	103	4429	100727	100392	335	282	356	23	53
6380253727	86137	74071	59	97	5723	1114844	1113217	1627	1459	763	56	60
942526979	53831	17509	31	101	3131	301030	300328	702	1736	173	15	36
259196947	13829	18743	61	83	5063	51194	50850	344	226	225	43	68
2676436027	68219	39233	43	73	3139	852639	851682	957	1586	537	21	32
1757914057	84731	20747	37	79	2923	601407	599980	1427	2290	262	1	49
5758809671	97771	58901	37	71	2627	2192162	2190218	1944	2642	829	17	42
3025641823	74831	40433	37	97	3589	843031	841152	1879	2022	416	17	81
1002661111	87317	11483	29	89	2581	388477	388290	187	3010	129	27	2
1029308633	23977	42929	43	71	3053	337146	336428	718	557	604	26	45
2630636867	28319	92893	61	103	6283	418691	418064	627	464	901	15	90
7071220631	79621	88811	47	97	4559	1551046	1550010	1036	1694	915	3	56
3255086851	39551	82301	47	71	3337	975453	974719	734	841	1159	24	12
3666451049	59879	61231	29	79	2291	1600371	1599600	771	2064	775	23	6
3490596547	48623	71789	37	89	3293	1060005	1059084	921	1314	806	5	55
382289549	22811	16759	61	73	4453	85849	85417	432	373	229	58	42
4201286069	56989	73721	37	79	2923	1437319	1436820	499	1540	933	9	14
2900361251	36587	79273	43	73	3139	923976	922250	1726	850	1085	37	68
7097616259	78341	90599	41	67	2747	2583770	2582320	1450	1910	1352	31	15
5341389259	59957	89087	31	79	2449	2181049	2179618	1431	1934	1127	3	54
2518478629	93239	27011	37	101	3737	673930	672573	1357	2519	267	36	44
734069629	21661	33889	37	89	3293	222918	222300	618	585	380	16	69
3006860569	75211	39979	61	89	5429	553851	553168	683	1232	449	59	18
8084541041	93557	86413	61	71	4331	1866668	1865661	1007	1533	1217	44	6
2341573309	95213	24593	61	101	6161	380063	379080	983	1560	243	53	50
3882737273	56477	68749	47	83	3901	995318	994428	890	1201	828	30	25
1996540813	23977	83269	31	101	3131	637668	636952	716	773	824	14	45
836056973	24989	33457	47	97	4559	183386	182664	722	531	344	32	89
6738674903	72469	92987	47	103	4841	1392000	1389982	2018	1541	902	42	81
1175780233	32119	36607	61	103	6283	187136	186730	406	526	355	33	42
3679457767	39097	94111	37	67	2479	1484250	1482624	1626	1056	1404	25	43
1456570859	64613	22543	41	101	4141	351743	351225	518	1575	223	38	20
3147698693	44549	70657	59	71	4189	751420	751225	195	755	995	4	12
721671953	35999	20047	31	71	2201	327883	327402	481	1161	282	8	25
4267170581	92401	46181	37	101	3737	1141870	1141129	741	2497	457	12	24
5019133883	50227	99929	61	101	6161	814662	813947	715	823	989	24	40
1287707359	51061	25219	37	71	2627	490181	489900	281	1380	355	1	14
6214818583	73237	84859	43	89	3827	1623940	1622959	981	1703	953	8	42
7181898221	80557	89153	61	71	4331	1658254	1656600	1654	1320	1255	37	48
1368698867	15427	88721	47	101	4747	288329	287984	345	328	878	11	43
671949809	60607	11087	29	89	2581	260344	259036	1308	2089	124	26	51
2875886921	97577	29473	47	97	4559	630815	629028	1787	2076	303	5	82
6063848513	74587	81299	53	71	3763	1611439	1611015	424	1407	1145	16	4
429079709	12343	34763	47	97	4559	94117	93796	321	262	358	29	37
5653921193	93827	60259	37	101	3737	1512957	1510860	2097	2535	596	32	63
8853526937	96799	91463	29	101	2929	3022713	3019985	2728	3337	905	26	58
542230103	12671	42793	59	79	4661	116333	115774	559	214	541	45	54
4123514167	41579	99173	31	71	2201	1873473	1872036	1437	1341	1396	8	57
1036854971	15139	68489	53	71	3763	275539	274740	799	285	964	34	45
5440316059	61099	89041	29	97	2813	1933990	1931202	2788	2106	917	25	92
1603370729	36209	44281	59	103	6077	263842	262977	865	613	429	42	94
839165263	33757	24859	59	79	4661	180039	179608	431	572	314	9	53
1072690963	15313	70051	29	89	2581	415610	415536	74	528	787	1	8
3595385429	41341	86969	29	97	2813	1278132	1276800	1332	1425	896	16	57
1050996341	18637	56393	59	79	4661	225487	224595	892	315	713	52	66
3105092743	42923	72341	41	83	3403	912457	911066	1391	1046	871	37	48
1395885649	89371	15619	53	67	3551	393096	392838	258	1686	233	13	8
3191054239	70379	45341	47	83	3901	818009	817362	647	1497	546	20	23
4269663269	59663	71563	41	73	2993	1426549	1425900	649	1455	980	8	23
2347844689	88129	26641	31	73	2263	1037492	1034488	3004	2842	364	27	69
2547120131	28657	88883	31	73	2263	1125550	1124508	1042	924	1217	13	42
3027451099	45503	66533	43	89	3827	791076	790326	750	1058	747	9	50
1100496863	12613	87251	47	83	3901	282106	281668	438	268	1051	17	18
2665531093	98479	27067	31	103	3193	834804	832112	2692	3176	262	23	81
2831283001	95429	29669	37	67	2479	1142106	1139918	2188	2579	442	6	55
5436892381	93419	58199	43	83	3569	1523365	1522572	793	2172	701	23	16
3660770587	67967	53861	29	103	2987	1225567	1223046	2521	2343	522	20	95
2800524443	28309	98927	43	67	2881	972066	971208	858	658	1476	15	35
3080804281	43669	70549	41	103	4223	729529	728460	1069	1065	684	4	97
810326767	13729	59023	43	79	3397	238541	238293	248	319	747	12	10
752189371	19979	37649	31	103	3193	235574	235060	514	644	365	15	54
3431471201	57059	60139	37	101	3737	918242	917490	752	1542	595	5	44
912764971	12613	72367	29	83	2407	379212	378014	1198	434	871	27	74
1077826523	71233	15131	47	89	4183	257668	257550	118	1515	170	28	1
631859941	61687	10243	61	73	4453	141895	141540	355	1011	140	16	23
584813417	27091	21587	37	103	3811	153454	152988	466	732	209	7	60
950003407	76607	12401	37	79	2923	325009	322920	2089	2070	156	17	77
3410873227	92363	36929	41	89	3649	934741	932328	2413	2252	414	31	83
4969080269	65123	76303	47	83	3901	1273796	1272815	981	1385	919	28	26
4390743101	71647	61283	29	71	2059	2132463	2131610	853	2470	863	17	10
1671560897	17807	93871	37	101	3737	447300	446849	451	481	929	10	42
2541321647	25939	97973	37	103	3811	666838	666651	187	701	951	2	20
1691613251	35509	47639	47	73	3431	493037	492260	777	755	652	24	43
1470061049	63719	23071	59	103	6077	241905	240617	1288	1079	223	58	102
5894420111	82039	71849	53	97	5141	1146551	1144780	1771	1547	740	48	69
853216649	24077	35437	61	71	4331	197002	196606	396	394	499	43	8
7690512821	77339	99439	61	103	6283	1224019	1222655	1364	1267	965	52	44
5210075593	53377	97609	37	83	3071	1696540	1695792	748	1442	1176	23	1
482318693	27737	17389	31	103	3193	151055	150192	863	894	168	23	85
5291504263	65809	80407	31	67	2077	2547666	2546400	1266	2122	1200	27	7
4050791999	52121	77719	37	67	2479	1634042	1631872	2170	1408	1159	25	66
1848980797	21601	85597	37	71	2627	703837	702515	1322	583	1205	30	42
733566011	48481	15131	43	73	3139	233694	233289	405	1127	207	20	20
1323535267	32713	40459	37	83	3071	430978	430508	470	884	487	5	38
1998245947	84589	23623	37	73	2701	739817	738378	1439	2286	323	7	44
2665396439	46091	57829	61	103	6283	424223	423555	668	755	561	36	46
573732563	34871	16453	29	101	2929	195880	194724	1156	1202	162	13	91
922766041	20707	44563	41	73	2993	308308	308050	258	505	610	2	33
2571765103	36877	69739	41	73	2993	859259	858545	714	899	955	18	24
2808509257	77611	36187	53	83	4399	638442	636840	1602	1464	435	19	82
3305473649	77417	42697	53	101	5353	617499	616120	1379	1460	422	37	75
3740322409	81629	45821	61	83	5063	738756	738576	180	1338	552	11	5
6349941383	63773	99571	61	79	4819	1317688	1316700	988	1045	1260	28	31
693586261	18803	36887	43	103	4429	156601	156446	155	437	358	12	13
491959873	39703	12391	61	83	5063	97167	96850	317	650	149	53	24
1477824193	33857	43649	47	101	4747	311317	311040	277	720	432	17	17
2052566273	53917	38069	43	103	4429	463437	462357	1080	1253	369	38	62
502794959	21569	23311	47	67	3149	159668	158926	742	458	347	43	62
2681029801	72341	37061	59	73	4307	622481	621582	899	1226	507	7	50
1349126057	39371	34267	29	97	2813	479604	479021	583	1357	353	18	26
6207286697	97711	63527	29	67	1943	3194692	3193812	880	3369	948	10	11
2700420043	36469	74047	37	71	2627	1027948	1026370	1578	985	1042	24	65
3009630367	62297	48311	37	89	3293	913947	912186	1761	1683	542	26	73
470429473	34649	13577	31	89	2759	170507	169784	723	1117	152	22	49
1314086567	14561	90247	53	71	3763	349212	348254	958	274	1271	39	6
7135353773	72937	97829	43	89	3827	1864477	1863904	573	1696	1099	9	18
1021787777	55541	18397	43	73	3139	325513	325332	181	1291	252	28	1
3940573661	56393	69877	43	79	3397	1160015	1158924	1091	1311	884	20	41
5119468283	86371	59273	61	71	4331	1182052	1180110	1942	1415	834	56	59
1541855873	39989	38557	59	79	4661	330799	330376	423	677	488	46	5
3488843723	37379	93337	53	97	5141	678631	678210	421	705	962	14	23
926569337	74597	12421	31	101	3131	295933	293532	2401	2406	122	11	99
1235655541	12889	95869	41	103	4223	292601	292020	581	314	930	15	79
1405463621	30253	46457	43	103	4429	317332	317053	279	703	451	24	4
1308866609	30509	42901	41	97	3977	329109	328848	261	744	442	5	27
3284136841	89071	36871	37	101	3737	878816	878555	261	2407	365	12	6
651566303	58631	11113	37	73	2701	241231	240768	463	1584	152	23	17
889240367	28393	31319	41	89	3649	243694	242892	802	692	351	21	80
2779701809	31193	89113	61	89	5429	512009	511511	498	511	1001	22	24
1936598263	37309	51907	31	89	2759	701920	701349	571	1203	583	16	20
6127079069	91151	67219	53	73	3869	1583633	1581480	2153	1719	920	44	59
717566089	61231	11719	41	101	4141	173283	173188	95	1493	116	18	3
1697613011	66109	25679	41	89	3649	465226	464256	970	1612	288	17	47
2700766979	53857	50147	61	89	5429	497470	496566	904	882	563	55	40
2969465413	33619	88327	37	79	2923	1015896	1015144	752	908	1118	23	5
1827533627	44549	41023	31	67	2077	879891	879444	447	1437	612	2	19
4954372223	75307	65789	31	101	3131	1582360	1581279	1081	2429	651	8	38
2223977057	89041	24977	43	97	4171	533199	531990	1209	2070	257	31	48
397981589	33329	11941	37	73	2701	147346	146700	646	900	163	29	42
2597702983	93131	27893	43	71	3053	850868	848680	2188	2165	392	36	61
6047522543	74623	81041	29	89	2581	2343092	2341430	1662	2573	910	6	51
3326952113	35201	94513	61	103	6283	529516	529109	407	577	917	4	62
4941424429	58231	84859	37	73	2701	1829479	1827826	1653	1573	1162	30	33
1413224129	21157	66797	47	71	3337	423501	423000	501	450	940	7	57
6413277203	67489	95027	61	83	5063	1266695	1265264	1431	1106	1144	23	75
1396658771	16007	87253	59	73	4307	324276	323845	431	271	1195	18	18
208228411	11491	18121	61	103	6283	33141	32900	241	188	175	23	96
1838170351	51679	35569	59	71	4189	438808	437500	1308	875	500	54	69
6094736743	93139	65437	29	101	2929	2080825	2077517	3308	3211	647	20	90
2217623377	90107	24611	47	71	3337	664556	663282	1274	1917	346	8	45
1103283347	79493	13879	37	103	3811	289499	287832	1667	2148	134	17	77
1012659223	16883	59981	53	83	4399	230202	229596	606	318	722	29	55
3418497553	61507	55579	43	79	3397	1006328	1005290	1038	1430	703	17	42
5213982701	54767	95203	37	103	3811	1368140	1367520	620	1480	924	7	31
7359454811	86869	84719	31	101	3131	2350512	2348076	2436	2802	838	7	81
581013361	30469	19069	47	79	3713	156480	156168	312	648	241	13	30
1021680259	52721	19379	43	83	3569	286265	285658	607	1226	233	3	40
5226085409	73583	71023	61	73	4453	1173610	1172232	1378	1206	972	17	67
1970229383	80329	24527	43	79	3397	579990	579080	910	1868	310	5	37
3156019943	41759	75577	61	79	4819	654911	653904	1007	684	956	35	53
6433907479	65957	97547	53	71	3763	1709781	1708012	1769	1244	1373	25	64
621288653	12073	51461	43	73	3139	197925	197120	805	280	704	33	69
2576197957	37217	69221	29	83	2407	1070294	1068739	1555	1283	833	10	82
5989718743	91967	65129	53	67	3551	1686769	1686420	349	1735	972	12	5
2082286867	38149	54583	31	89	2759	754725	753990	735	1230	613	19	26
1444529243	63493	22751	37	79	2923	494194	492492	1702	1716	287	1	78
7827910421	89783	87187	29	89	2581	3032898	3030005	2893	3095	979	28	56
4256630039	60869	69931	53	103	5459	779745	778344	1401	1148	678	25	97
1098799423	96293	11411	53	103	5459	201282	199760	1522	1816	110	45	81
1526218249	90679	16831	59	83	4897	311663	310272	1391	1536	202	55	65
1794197963	34543	51941	53	97	5141	348997	348285	712	651	535	40	46
1097878673	69149	15877	43	101	4343	252792	252456	336	1608	157	5	20
1494631207	78167	19121	53	101	5353	279213	278586	627	1474	189	45	32
4339252121	72649	59729	61	101	6161	704309	703290	1019	1190	591	59	38
645796211	19231	33581	53	101	5353	120641	120184	457	362	332	45	49
6273524953	71713	87481	31	97	3007	2086306	2084013	2293	2313	901	10	84
317224751	13903	22817	31	101	3131	101317	100800	517	448	225	15	92
3223837367	37253	86539	59	79	4661	691662	690945	717	631	1095	24	34
764760631	49747	15373	61	71	4331	176578	176040	538	815	216	32	37
619572449	36007	17207	41	103	4223	146713	146626	87	878	167	9	6
2222306741	81293	27337	41	103	4223	526238	525230	1008	1982	265	31	42
891101317	54167	16451	59	83	4897	181968	181764	204	918	198	5	17
4743908761	64579	73459	61	89	5429	873808	872850	958	1058	825	41	34
2612487431	33289	78479	59	79	4661	560499	560052	447	564	993	13	32
773991137	12037	64301	29	73	2117	365607	365200	407	415	880	2	61
3282153697	59441	55217	29	89	2581	1271659	1270380	1279	2049	620	20	37
2413742327	52267	46181	31	73	2263	1066611	1065552	1059	1686	632	1	45
2669813123	40153	66491	41	79	3239	824270	823339	931	979	841	14	52
2524450871	65497	38543	47	73	3431	735776	734111	1665	1393	527	26	72
7117324859	92111	77269	59	83	4897	1453405	1451730	1675	1561	930	12	79
3354392311	67057	50023	59	83	4897	684989	683872	1117	1136	602	33	57
761453467	12409	61363	37	97	3589	212163	211720	443	335	632	14	59
235226591	18043	13037	41	79	3239	72623	72600	23	440	165	3	2
3707232283	46643	79481	53	97	5141	721111	720720	391	880	819	3	38
2722570579	61819	44041	31	71	2201	1236969	1236280	689	1994	620	5	21
2575950953	66089	38977	47	97	4559	565025	563806	1219	1406	401	7	80
5243180347	60209	87083	31	83	2573	2037769	2037158	611	1942	1049	7	16
8334162167	90403	92189	61	79	4819	1729438	1728012	1426	1482	1166	1	75
1600257089	19211	83299	29	73	2117	755907	755342	565	662	1141	13	6
1235017831	19501	63331	43	97	4171	296096	295356	740	453	652	22	87
1149887873	36713	31321	29	89	2581	445520	444015	1505	1265	351	28	82
2577305669	73897	34877	29	71	2059	1251726	1251068	658	2548	491	5	16
1502590787	15061	99767	43	73	3139	478684	478100	584	350	1366	11	49
922999639	26801	34439	59	83	4897	188482	187956	526	454	414	15	77
309276659	29741	10399	41	79	3239	95485	94975	510	725	131	16	50
437410109	24181	18089	41	101	4141	105629	105431	198	589	179	32	10
1926607607	58679	32833	61	73	4453	432653	431489	1164	961	449	58	56
2841791881	53069	53549	37	97	3589	791806	791568	238	1434	552	11	5
5051575051	99871	50581	41	97	3977	1270197	1268635	1562	2435	521	36	44
1053972923	81181	12983	47	67	3149	334700	333311	1389	1727	193	12	52
149358191	14207	10513	37	103	3811	39191	39066	125	383	102	36	7
1864871497	22613	82469	37	83	3071	607252	606723	529	611	993	6	50
2554253473	90631	28183	47	79	3713	687921	686368	1553	1928	356	15	59
6521313467	68281	95507	43	73	3139	2077513	2075796	1717	1587	1308	40	23
3014337769	34739	86771	47	73	3431	878559	877932	627	739	1188	6	47
6129574229	62017	98837	43	67	2881	2127585	2126950	635	1442	1475	11	12
6037956713	92153	65521	29	83	2407	2508498	2506653	1845	3177	789	20	34
2684110061	26879	99859	29	97	2813	954180	952854	1326	926	1029	25	46
2999998319	32971	90989	37	97	3589	835886	835758	128	891	938	4	3
6741996997	95581	70537	29	103	2987	2257113	2253780	3333	3295	684	26	85
1597410853	18013	88681	29	83	2407	663652	663228	424	621	1068	4	37
1315581373	22003	59791	37	71	2627	500792	500148	644	594	842	25	9
1511919989	45263	33403	41	79	3239	466786	465466	1320	1103	422	40	65
2017081541	81799	24659	41	101	4141	487100	486780	320	1995	244	4	15
673279429	18047	37307	43	73	3139	214488	214109	379	419	511	30	4
314115031	23623	13297	31	89	2759	113851	113538	313	762	149	1	36
5935272643	90619	65497	47	101	4747	1250320	1249344	976	1928	648	3	49
2807111323	37061	75743	31	67	2077	1351522	1350350	1172	1195	1130	16	33
928501781	35923	25847	37	83	3071	302345	301670	675	970	311	33	34
3242616367	77647	41761	29	83	2407	1347160	1346531	629	2677	503	14	12
4795307849	81047	59167	43	83	3569	1343599	1341408	2191	1884	712	35	71
329839493	13523	24391	29	79	2291	143971	143528	443	466	308	9	59
329257447	10271	32057	43	67	2881	114285	113764	521	238	478	37	31
3686961041	66173	55717	41	73	2993	1231861	1230719	1142	1613	763	40	18
920264173	40343	22811	43	101	4343	211895	211050	845	938	225	9	86
2917241711	29629	98459	47	83	3901	747818	747180	638	630	1186	19	21
3069947339	75833	40483	29	97	2813	1091342	1090038	1304	2614	417	27	34
5282450609	60293	87613	43	97	4171	1266471	1266006	465	1402	903	7	22
996408619	17483	56993	47	101	4747	209902	209244	658	371	564	46	29
8509795187	90107	94441	29	73	2117	4019742	4017351	2391	3107	1293	4	52
6012607127	95467	62981	37	79	2923	2056998	2056260	738	2580	797	7	18
4896937141	88493	55337	29	101	2929	1671880	1668897	2983	3051	547	14	90
4262420611	88843	47977	53	79	4187	1018013	1017332	681	1676	607	15	24
1812498481	27673	65497	47	89	4183	433301	432180	1121	588	735	37	82
3106347551	34487	90073	61	101	6161	504195	503415	780	565	891	22	82
953867261	22573	42257	59	73	4307	221469	220796	673	382	578	35	63
685613941	30977	22133	29	71	2059	332983	332148	835	1068	311	5	52
1042488757	59581	17497	29	79	2291	455036	453934	1102	2054	221	15	38
2278217213	28513	79901	53	103	5459	417332	416175	1157	537	775	52	76
6068433871	64553	94007	37	103	3811	1592346	1590528	1818	1744	912	25	71
3042016661	32969	92269	53	89	4717	644904	644392	512	622	1036	3	65
2808478831	39461	71171	29	103	2987	940233	938400	1833	1360	690	21	101
555224027	22549	24623	47	73	3431	161825	161423	402	479	337	36	22
2732168429	80683	33863	47	73	3431	796318	794508	1810	1716	463	31	64
3651715853	70457	51829	41	73	2993	1220085	1218062	2023	1718	709	19	72
833121061	12323	67607	29	71	2059	404624	403648	976	424	952	27	15
3604087121	68737	52433	61	79	4819	747891	746538	1353	1126	663	51	56
2161636613	62873	34381	53	103	5459	395976	394938	1038	1186	333	15	82
3531621553	39703	88951	61	83	5063	697535	696150	1385	650	1071	53	58
4444556797	98129	45293	59	89	5251	846421	844804	1617	1663	508	12	81
2083812011	32833	63467	53	67	3551	586823	586193	630	619	947	26	18
893848199	10937	81727	41	79	3239	275964	275044	920	266	1034	31	41
2962811009	52561	56369	53	89	4717	628113	627303	810	991	633	38	32
5356028849	73309	73061	59	97	5723	935877	935226	651	1242	753	31	20
2386385483	94559	25237	43	83	3569	668642	668496	146	2199	304	2	5
4708265593	49481	95153	43	83	3569	1319211	1317900	1311	1150	1146	31	35
3191500853	44687	71419	43	83	3569	894228	893540	688	1039	860	10	39
5280724591	68491	77101	43	71	3053	1729683	1727320	2363	1592	1085	35	66
292653187	19603	14929	61	103	6283	46578	46224	354	321	144	22	97
2486036767	89051	27917	37	97	3589	692682	690522	2160	2406	287	29	78
927138923	12647	73309	41	97	3977	233125	232540	585	308	755	19	74
1587747839	96749	16411	37	73	2701	587837	585536	2301	2614	224	31	59
1443983789	56333	25633	31	97	3007	480207	479688	519	1817	264	6	25
5590495517	80749	69233	41	103	4223	1323820	1323168	652	1969	672	20	17
191732353	13763	13931	37	83	3071	62433	61957	476	371	167	36	70
1557615613	90617	17189	37	73	2701	576681	575515	1166	2449	235	4	34
2373054119	37649	63031	59	101	5959	398230	398112	118	638	624	7	7
3808755989	57839	65851	41	89	3649	1043780	1041990	1790	1410	739	29	80
5009143693	62761	79813	41	79	3239	1546509	1545300	1209	1530	1010	31	23
5747131037	84317	68161	61	79	4819	1192598	1191284	1314	1382	862	15	63
4212961499	60317	69847	29	97	2813	1497675	1496880	795	2079	720	26	7
7805302261	95549	81689	43	79	3397	2297704	2297548	156	2222	1034	3	3
2252377807	33587	67061	37	89	3293	683989	682971	1018	907	753	28	44
4197293003	72551	57853	43	79	3397	1235588	1234884	704	1687	732	10	25
689663201	46703	14767	61	79	4819	143113	142290	823	765	186	38	73
2835751679	38557	73547	41	67	2747	1032308	1031180	1128	940	1097	17	48
321424679	15973	20123	31	89	2759	116500	116390	110	515	226	8	9
2530879643	39857	63499	59	67	3953	640242	639225	1017	675	947	32	50
1601441873	96281	16633	37	97	3589	446208	444942	1266	2602	171	7	46
6871575857	72251	95107	29	89	2581	2662369	2660388	1981	2491	1068	12	55
8902069489	89821	99109	59	83	4897	1817861	1817268	593	1522	1194	23	7
811382081	12097	67073	41	97	3977	204018	203845	173	295	691	2	46
1173970621	22349	52529	59	73	4307	272572	271782	790	378	719	47	42
2051979331	79531	25801	43	67	2881	712245	711865	380	1849	385	24	6
2658099097	52783	50359	59	71	4189	634542	633846	696	894	709	37	20
1623610063	36493	44491	37	97	3589	452385	451588	797	986	458	11	65
2903817409	84979	34171	31	97	3007	965685	964832	853	2741	352	8	27
9616780417	99139	97003	43	73	3139	3063644	3061040	2604	2305	1328	24	59
3799129979	41521	91499	43	67	2881	1318684	1317225	1459	965	1365	26	44
377449243	20611	18313	59	73	4307	87636	87250	386	349	250	20	63
2598742243	49433	52571	47	103	4841	536819	536010	809	1051	510	36	41
2150321647	58963	36469	53	79	4187	513570	512632	938	1112	461	27	50
890049047	13093	67979	61	79	4819	184695	184040	655	214	860	39	39
2374161019	45523	52153	59	103	6077	390679	390126	553	771	506	34	35
4611316117	87853	52489	37	97	3589	1284847	1284334	513	2374	541	15	12
8687527949	93077	93337	43	101	4343	2000351	1999536	815	2164	924	25	13
6130251727	87049	70423	47	89	4183	1465515	1464932	583	1852	791	5	24
429779437	10631	40427	59	103	6077	70722	70560	162	180	392	11	51
1955965513	29101	67213	29	89	2581	757832	757265	567	1003	755	14	18
5007030053	59809	83717	47	89	4183	1196994	1195680	1314	1272	940	25	57
4095807361	61991	66071	53	71	3763	1088442	1087170	1272	1169	930	34	41
605534443	14387	42089	61	67	4087	148161	147580	581	235	628	52	13
2199888227	59167	37181	31	79	2449	898280	896760	1520	1908	470	19	51
8899154707	98563	90289	53	71	3763	2364909	2362789	2120	1859	1271	36	48
8988356617	93307	96331	43	83	3569	2518452	2516040	2412	2169	1160	40	51
5532927473	63443	87211	61	97	5917	935089	934960	129	1040	899	3	8
614567479	57809	10631	41	89	3649	168420	167671	749	1409	119	40	40
7504418707	78713	95339	41	103	4223	1777034	1775075	1959	1919	925	34	64
681655021	20407	33403	59	97	5723	119107	118680	427	345	344	52	35
415377661	13127	31643	53	67	3551	116974	116584	390	247	472	36	19
7022796751	99497	70583	29	67	1943	3614409	3611790	2619	3430	1053	27	32
2697354461	53819	50119	61	101	6161	437811	437472	339	882	496	17	23
288523649	14533	19853	47	67	3149	91623	91464	159	309	296	10	21
1402776121	79043	17747	47	97	4559	307693	305942	1751	1681	182	36	93
4115176253	84229	48857	53	89	4717	872413	870772	1641	1589	548	12	85
5691765071	86413	65867	59	73	4307	1321514	1320528	986	1464	902	37	21
5096065171	93559	54469	41	101	4141	1230636	1229459	1177	2281	539	38	30
497445373	30161	16493	43	79	3397	146436	145808	628	701	208	18	61
718853647	44741	16067	29	67	1943	369970	368538	1432	1542	239	23	54
2649444689	65543	40423	37	101	3737	708976	708400	576	1771	400	16	23
3621892739	41351	87589	41	97	3977	910709	909216	1493	1008	902	23	95
8370604367	84691	98837	47	71	3337	2508422	2506992	1430	1801	1392	44	5
962056451	38303	25117	43	67	2881	333931	332860	1071	890	374	33	59
987050059	61357	16087	61	73	4453	221659	221100	559	1005	220	52	27
1678389023	21727	77249	41	83	3403	493208	491970	1238	529	930	38	59
3459326863	49801	69463	43	67	2881	1200738	1199688	1050	1158	1036	7	51
985835029	13009	75781	31	103	3193	308748	307965	783	419	735	20	76
3938557933	45553	86461	29	83	2407	1636293	1634370	1923	1570	1041	23	58
4069629973	74797	54409	37	83	3071	1325180	1323755	1425	2021	655	20	44
7834119511	90823	86257	29	97	2813	2784969	2783459	1510	3131	889	24	24
2678457031	53987	49613	29	73	2117	1265213	1263619	1594	1861	679	18	46
2860169803	41179	69457	59	83	4897	584065	582692	1373	697	836	56	69
4713495569	68539	68771	37	103	3811	1236813	1235284	1529	1852	667	15	70
1996314883	30089	66347	41	89	3649	547085	546085	1000	733	745	36	42
4279943501	52721	81181	53	67	3551	1205278	1203734	1544	994	1211	39	44
6811333301	71699	94999	61	73	4453	1529605	1528675	930	1175	1301	24	26
1514049811	17747	85313	41	89	3649	414921	413856	1065	432	958	35	51
1547658599	59159	26161	37	83	3071	503959	503370	589	1598	315	33	16
930738373	61261	15193	37	89	3293	282641	281350	1291	1655	170	26	63
6775834319	91867	73757	37	103	3811	1777967	1777112	855	2482	716	33	9
7316703727	75367	97081	53	89	4717	1551134	1549980	1154	1422	1090	1	71
3155855363	80447	39229	43	73	3139	1005369	1004190	1179	1870	537	37	28
4721803481	47431	99551	31	73	2263	2086523	2085390	1133	1530	1363	1	52
987282479	11827	83477	41	101	4141	238416	237888	528	288	826	19	51
4413506857	70309	62773	61	83	5063	871717	870912	805	1152	756	37	25
5838117391	94847	61553	37	67	2479	2355029	2352834	2195	2563	918	16	47
2103647717	65353	32189	61	73	4453	472411	471240	1171	1071	440	22	69
5044494331	96337	52363	43	89	3827	1318132	1317120	1012	2240	588	17	31
708315259	37321	18979	53	73	3869	183074	182336	738	704	259	9	72
395625281	32089	12329	37	79	2923	135349	135252	97	867	156	10	5
3084927841	60289	51169	47	97	4559	676667	675614	1053	1282	527	35	50
1845721439	94309	19571	29	83	2407	766814	764220	2594	3252	235	1	66
1474587139	91097	16187	37	101	3737	394591	393920	671	2462	160	3	27
1021183333	12637	80809	29	67	1943	525570	524610	960	435	1206	22	7
2525443939	68699	36761	41	73	2993	843783	842525	1258	1675	503	24	42
3319147751	99833	33247	59	73	4307	770640	769860	780	1692	455	5	32
6695941517	95737	69941	41	83	3403	1967658	1966070	1588	2335	842	2	55
5893341947	87323	67489	31	89	2759	2136042	2134528	1514	2816	758	27	27
6147082079	87739	70061	59	103	6077	1011532	1011160	372	1487	680	6	21
1040499727	27059	38453	61	97	5917	175849	175428	421	443	396	36	41
952961539	34589	27551	53	67	3551	268364	267972	392	652	411	33	14
9078757903	90823	99961	53	97	5141	1765951	1764390	1561	1713	1030	34	51
2205094009	33113	66593	43	89	3827	576193	575960	233	770	748	3	21
667529141	47807	13963	47	83	3901	171117	170856	261	1017	168	8	19
7516415747	89891	83617	43	103	4429	1697090	1694990	2100	2090	811	21	84
3020110661	39181	77081	53	73	3869	780592	779645	947	739	1055	14	66
2640493883	35831	73693	37	103	3811	692861	692120	741	968	715	15	48
998292527	56207	17761	41	79	3239	308210	306880	1330	1370	224	37	65
1059037663	14741	71843	53	89	4717	224515	224346	169	278	807	7	20
883408787	16931	52177	37	71	2627	336280	335438	842	457	734	22	63
2767258007	50333	54979	61	73	4453	621436	621225	211	825	753	8	10
826191071	44797	18443	37	89	3293	250893	250470	423	1210	207	27	20
5246586469	65921	79589	37	97	3589	1461851	1460420	1431	1781	820	24	49
2182026947	23399	93253	31	71	2201	991379	990002	1377	754	1313	25	30
2548139651	58027	43913	41	67	2747	927608	926825	783	1415	655	12	28
4294287763	82619	51977	31	89	2759	1556465	1556360	105	2665	584	4	1
4950236527	61981	79867	43	71	3053	1621433	1619684	1749	1441	1124	18	63
776128781	14249	54469	43	71	3053	254218	253877	341	331	767	16	12
6095070637	78173	77969	37	97	3589	1698264	1695936	2328	2112	803	29	78
2619585211	90709	28879	43	101	4343	603174	601065	2109	2109	285	22	94
236980129	13913	17033	29	89	2581	91817	91489	328	479	191	22	34
2592482077	59747	43391	29	97	2813	921607	920820	787	2060	447	7	32
1430889497	18803	76099	37	101	3737	382897	382524	373	508	753	7	46
624987353	20611	30323	29	67	1943	321661	320920	741	710	452	21	39
1286471729	46559	27631	47	71	3337	385517	385110	407	990	389	29	12
1052497279	49747	21157	47	97	4559	230861	230644	217	1058	218	21	11
3262196137	67391	48407	29	97	2813	1159685	1159177	508	2323	499	24	4
3564683783	56299	63317	47	97	4559	781900	780444	1456	1197	652	40	73
7454527391	94597	78803	43	79	3397	2194444	2192403	2041	2199	997	40	40
4695161441	48823	96167	59	89	5251	894146	893160	986	827	1080	30	47
1884066931	51827	36353	31	67	2077	907109	905682	1427	1671	542	26	39
8761774481	92203	95027	53	71	3763	2328401	2326782	1619	1739	1338	36	29
550675249	41969	13121	29	89	2581	213357	212709	648	1447	147	6	38
2637389681	92033	28657	59	83	4897	538572	537855	717	1559	345	52	22
4389379747	73243	59929	59	97	5723	766971	765697	1274	1241	617	24	80
2959289243	56489	52387	59	97	5723	517087	516780	307	957	540	26	7
4618001981	56999	81019	37	79	2923	1579884	1578500	1384	1540	1025	19	44
1494169267	93967	15901	43	97	4171	358228	356155	2073	2185	163	12	90
3475489123	48677	71399	47	71	3337	1041501	1040175	1326	1035	1005	32	44
4352222621	44029	98849	43	97	4171	1043448	1042437	1011	1023	1019	40	6
8629073273	94531	91283	31	79	2449	3523508	3521595	1913	3049	1155	12	38
1479986509	28979	51071	41	73	2993	494482	493494	988	706	699	33	44
6010621703	66037	91019	41	103	4223	1423306	1421630	1676	1610	883	27	70
6261748351	99083	63197	29	83	2407	2601474	2599576	1898	3416	761	19	34
2925180289	84697	34537	59	73	4307	679168	678755	413	1435	473	32	8
2842050347	87359	32533	43	103	4429	641691	639765	1926	2031	315	26	88
1913866621	65447	29243	61	79	4819	397150	396640	510	1072	370	55	13
5145224221	89189	57689	43	97	4171	1233570	1231956	1614	2074	594	7	71
2352782119	47717	49307	41	83	3403	691384	690822	562	1163	594	34	5
1432936957	16189	88513	31	101	3131	457661	457272	389	522	876	7	37
3761699797	48017	78341	47	73	3431	1096385	1095533	852	1021	1073	30	12
8016996917	84449	94933	59	89	5251	1526756	1525446	1310	1431	1066	20	59
2238259739	85991	26029	43	83	3569	627139	625687	1452	1999	313	34	50
1081700357	77647	13931	41	103	4223	256145	255555	590	1893	135	34	26
2245335181	34061	65921	43	97	4171	538320	537768	552	792	679	5	58
5616918397	64679	86843	61	97	5917	949284	948700	584	1060	895	19	28
2320550363	33811	68633	29	101	2929	792267	791035	1232	1165	679	26	54
1367606623	37699	36277	37	83	3071	445329	444866	463	1018	437	33	6
2142594547	53593	39979	53	67	3551	603377	602556	821	1011	596	10	47
6119161319	97397	62827	37	79	2923	2093452	2092440	1012	2632	795	13	22
3398356673	74527	45599	41	89	3649	931311	930304	1007	1817	512	30	31
2859273787	84317	33911	43	101	4343	658363	656600	1763	1960	335	37	76
2695656779	80173	33623	29	103	2987	902462	901064	1398	2764	326	17	45
317084813	20149	15737	59	67	3953	80213	79794	419	341	234	30	59
3630217699	37529	96731	53	89	4717	769603	768888	715	708	1086	5	77
2184063811	24977	87443	41	97	3977	549173	548709	464	609	901	8	46
445007669	18787	23687	31	67	2077	214255	213918	337	606	353	1	36
936403679	17957	52147	53	71	3763	248844	248092	752	338	734	43	33
1904252969	97499	19531	61	71	4331	439679	439450	229	1598	275	21	6
6468656767	73607	87881	59	73	4307	1501893	1500141	1752	1247	1203	34	62
1676246701	29101	57601	41	83	3403	492579	491337	1242	709	693	32	82
1820218139	19919	91381	47	103	4841	376000	375201	799	423	887	38	20
2228736949	80231	27779	31	67	2077	1073055	1071432	1623	2588	414	3	41
1370892763	42193	32491	47	67	3149	435342	434148	1194	897	484	34	63
2504142607	39343	63649	59	73	4307	581412	580086	1326	666	871	49	66
253471843	17047	14869	47	103	4841	52359	52128	231	362	144	33	37
1224938059	19267	63577	59	79	4661	262805	262104	701	326	804	33	61
1981961699	54601	36299	59	83	4897	404729	404225	504	925	437	26	28
848608963	39439	21517	53	67	3551	238977	238824	153	744	321	7	10
1014563309	69763	14543	59	101	5959	170257	169026	1231	1182	143	25	100
1453471207	92927	15641	31	73	2263	642276	641358	918	2997	214	20	19
2135600099	39313	54323	31	67	2077	1028213	1027080	1133	1268	810	5	53
6047033579	82699	73121	59	67	3953	1529732	1528491	1241	1401	1091	40	24
3558475867	66587	53441	59	67	3953	900196	899016	1180	1128	797	35	42
643577021	38861	16561	47	103	4841	132942	132160	782	826	160	39	81
1227713737	39503	31079	29	79	2291	535885	535266	619	1362	393	5	32
7117663001	72719	97879	29	79	2291	3106793	3103666	3127	2507	1238	16	77
7857832627	85201	92227	41	71	2911	2699358	2697244	2114	2078	1298	3	69
4424722391	60293	73387	37	71	2627	1684325	1682757	1568	1629	1033	20	44
9621229151	99643	96557	41	83	3403	2827278	2826090	1188	2430	1163	13	28
2939453689	83207	35327	29	71	2059	1427612	1425893	1719	2869	497	6	40
3394620643	36389	93287	31	83	2573	1319323	1317279	2044	1173	1123	26	78
5086726003	69623	73061	61	97	5917	859679	859173	506	1141	753	22	20
1357026533	38333	35401	41	97	3977	341218	339976	1242	934	364	39	93
5560784077	91691	60647	61	97	5917	939797	939375	422	1503	625	8	22
2662475813	28289	94117	31	79	2449	1087168	1086192	976	912	1191	17	28
2586638863	36653	70571	29	79	2291	1129043	1127859	1184	1263	893	26	24
4273717027	65581	65167	29	79	2291	1865437	1863064	2373	2261	824	12	71
2018671177	20771	97187	41	83	3403	593203	592020	1183	506	1170	25	77
5108733169	58579	87211	41	97	3977	1284569	1283772	797	1428	899	31	8
1836486293	25409	72277	29	103	2987	614826	614076	750	876	701	5	74
1067053367	83227	12821	43	103	4429	240924	239940	984	1935	124	22	49
3179065859	32783	96973	41	97	3977	799362	798201	1161	799	999	24	70
4519169537	61627	73331	29	101	2929	1542905	1542750	155	2125	726	2	5
5382656261	75437	71353	59	89	5251	1025072	1023678	1394	1278	801	35	64
1930022639	23321	82759	53	71	3763	512894	512600	294	440	1165	1	44
2945279383	99607	29569	37	103	3811	772836	772604	232	2692	287	3	8
2743393481	47717	57493	53	103	5459	502545	502200	345	900	558	17	19
992690981	57107	17383	53	67	3551	279552	278943	609	1077	259	26	30
2808722603	38923	72161	43	97	4171	673393	672415	978	905	743	8	90
1976138419	43607	45317	61	79	4819	410072	409122	950	714	573	53	50
1860339139	42197	44087	29	83	2407	772887	772605	282	1455	531	2	14
648477629	13903	46643	61	73	4453	145627	144826	801	227	638	56	69
1474369783	16453	89611	29	79	2291	643548	642978	570	567	1134	10	25
976458991	42683	22877	59	73	4307	226714	226299	415	723	313	26	28
5514311597	69257	79621	43	89	3827	1440896	1439340	1556	1610	894	27	55
7246316251	79423	91237	43	79	3397	2133151	2131438	1713	1847	1154	2	71
3722994643	72719	51197	53	71	3763	989368	989212	156	1372	721	3	6
5955320123	66413	89671	37	101	3737	1593609	1591278	2331	1794	887	35	84
186936251	13879	13469	43	71	3053	61230	60858	372	322	189	33	50
1595756779	30389	52511	41	103	4223	377872	377169	703	741	509	8	84
2539934981	40693	62417	31	79	2449	1037131	1036480	651	1312	790	21	7
1730758723	17737	97579	31	73	2263	764807	764192	615	572	1336	5	51
899599637	48677	18481	29	67	1943	462995	461450	1545	1678	275	15	56
6054608971	89819	67409	43	67	2881	2101565	2100528	1037	2088	1006	35	7
635600503	10313	61631	59	103	6077	104591	104052	539	174	598	47	37
1539393269	23431	65699	59	67	3953	389424	389060	364	397	980	8	39
1435980641	17981	79861	41	73	2993	479779	478734	1045	438	1093	23	72
874557577	19429	45013	43	101	4343	201371	200695	676	451	445	36	68
349159289	10883	32083	59	73	4307	81067	80776	291	184	439	27	36
6214108111	94573	65707	41	101	4141	1500629	1498900	1729	2306	650	27	57
3364858279	40583	82913	37	71	2627	1280874	1279032	1842	1096	1167	31	56
2766389893	66161	41813	61	97	5917	467532	467204	328	1084	431	37	6
6597403051	69431	95021	37	67	2479	2661316	2660168	1148	1876	1418	19	15
3350360791	71059	47149	47	97	4559	734889	734346	543	1511	486	42	7
3163410347	36457	86771	37	97	3589	881418	880590	828	985	894	12	53
1548390773	23431	66083	31	83	2573	601784	600980	804	755	796	26	15
7319833133	82237	89009	41	73	2993	2445650	2444095	1555	2005	1219	32	22
912967579	19571	46649	47	73	3431	266093	265824	269	416	639	19	2
2613441881	52541	49741	43	73	3139	832571	831501	1070	1221	681	38	28
2565266819	66973	38303	43	73	3139	817224	815868	1356	1557	524	22	51
6616309607	67481	98047	47	97	4559	1451263	1449350	1913	1435	1010	36	77
475208051	13757	34543	37	83	3071	154740	154336	404	371	416	30	15
6962711839	93851	74189	41	83	3403	2046051	2044077	1974	2289	893	2	70
1530297521	53897	28393	43	67	2881	531168	530019	1149	1253	423	18	52
1279409881	55721	22961	37	89	3293	388524	386785	1739	1505	257	36	88
2572460159	68821	37379	59	71	4189	614098	613316	782	1166	526	27	33
3006778561	68059	44179	41	83	3403	883567	882588	979	1659	532	40	23
527679491	30817	17123	61	73	4453	118499	118170	329	505	234	12	41
635131253	12889	49277	29	97	2813	225784	225552	232	444	508	13	1
2268506011	47297	47963	61	67	4087	555054	554125	929	775	715	22	58
5032966573	86711	58043	43	83	3569	1410189	1409184	1005	2016	699	23	26
5489145001	58061	94541	59	97	5723	959137	958416	721	984	974	5	63
8355977953	90373	92461	61	103	6283	1329934	1328457	1477	1481	897	32	70
3844765711	75913	50647	53	89	4717	815087	814808	279	1432	569	17	6
2617883617	53987	48491	37	71	2627	996529	995038	1491	1459	682	4	69
1261289327	56843	22189	43	71	3053	413131	412152	979	1321	312	40	37
6913483463	93983	73561	43	67	2881	2399681	2396945	2736	2185	1097	28	62
5006335753	87299	57347	59	67	3953	1266464	1264545	1919	1479	855	38	62
925330331	34217	27043	53	67	3551	260583	259935	648	645	403	32	42
182662951	13877	13163	41	71	2911	62749	62530	219	338	185	19	28
8176702799	93253	87683	29	67	1943	4208287	4205220	3067	3215	1308	18	47
1845264107	38671	47717	47	103	4841	381174	380586	588	822	463	37	28
5797615513	78803	73571	61	71	4331	1338632	1337476	1156	1291	1036	52	15
2126813371	53047	40093	29	103	2987	712023	711481	542	1829	389	6	26
1507156583	16811	89653	53	67	3551	424431	424146	285	317	1338	10	7
985705241	47497	20753	43	83	3569	276185	276000	185	1104	250	25	3
731196863	13009	56207	59	101	5959	122704	122320	384	220	556	29	51
1911173393	34843	54851	59	103	6077	314492	313880	612	590	532	33	55
861303323	21599	39877	37	83	3071	280463	279840	623	583	480	28	37
926358617	26141	35437	37	103	3811	243074	242864	210	706	344	19	5
4949780093	59509	83177	41	103	4223	1172100	1170957	1143	1451	807	18	56
1599332627	41351	38677	29	101	2929	546033	544350	1683	1425	382	26	95
3807961063	55399	68737	53	79	4187	909472	909150	322	1045	870	14	7
5069576063	62099	81637	59	103	6077	834223	833184	1039	1052	792	31	61
1691529149	17903	94483	61	67	4087	413880	413130	750	293	1410	30	13
1206925409	14947	80747	41	79	3239	372622	372008	614	364	1022	23	9
8936630029	94049	95021	61	101	6161	1450516	1448540	1976	1541	940	48	81
5872481261	61409	95629	29	103	2987	1966013	1964576	1437	2117	928	16	45
2811850463	41941	67043	59	101	5959	471866	470730	1136	710	663	51	80
5225263553	61979	84307	59	89	5251	995098	994350	748	1050	947	29	24
1586114993	20879	75967	59	79	4661	340294	339233	1061	353	961	52	48
1960174201	32693	59957	47	83	3901	502479	501790	689	695	722	28	31
4676384023	50129	93287	31	79	2449	1909507	1908060	1447	1617	1180	2	67
825973019	69427	11897	37	79	2923	282577	281400	1177	1876	150	15	47
2917508959	95191	30649	41	79	3239	900743	898227	2516	2321	387	30	76
1696824967	20287	83641	37	71	2627	645917	645544	373	548	1178	11	3
5418707923	69427	78049	41	67	2747	1972591	1970652	1939	1693	1164	14	61
6017483029	74717	80537	29	67	1943	3097006	3096352	654	2576	1202	13	3
4997554693	55171	90583	41	83	3403	1468573	1467395	1178	1345	1091	26	30
1289987119	24977	51647	47	71	3337	386570	386037	533	531	727	20	30
331923349	21611	15359	47	83	3901	85086	84915	171	459	185	38	4
4494406177	94343	47639	37	83	3071	1463499	1460577	2922	2549	573	30	80
1917032951	24137	79423	43	83	3569	537134	536316	818	561	956	14	75
2017117321	33863	59567	59	83	4897	411908	410841	1067	573	717	56	56
3919694071	87793	44647	61	97	5917	662446	661940	506	1439	460	14	27
8931491887	91499	97613	53	73	3869	2308475	2307662	813	1726	1337	21	12
2006755469	37699	53231	47	71	3337	601365	600698	667	802	749	5	52
8391096569	92221	90989	61	89	5429	1545606	1544242	1364	1511	1022	50	31
801861017	56267	14251	53	73	3869	207252	206895	357	1061	195	34	16
5632452191	93103	60497	31	83	2573	2189060	2186184	2876	3003	728	10	73
5375946007	79433	67679	37	73	2701	1990353	1989342	1011	2146	927	31	8
1897696657	77867	24371	43	101	4343	436955	436210	745	1810	241	37	30
2669415863	83219	32077	31	73	2263	1179591	1178276	1315	2684	439	15	30
291007669	27893	10433	53	103	5459	53307	53126	181	526	101	15	30
7714229671	97771	78901	47	71	3337	2311726	2310880	846	2080	1111	11	20
1339610539	50231	26669	47	73	3431	390443	389820	623	1068	365	35	24
4777208383	51607	92569	53	101	5353	892435	891268	1167	973	916	38	53
5194217993	73877	70309	37	83	3071	1691376	1690612	764	1996	847	25	8
3717827339	72167	51517	43	83	3569	1041700	1040360	1340	1678	620	13	57
1041998339	68207	15277	37	71	2627	396649	396245	404	1843	215	16	12
1679026009	95731	17539	61	71	4331	387676	387543	133	1569	247	22	2
2472844097	81373	30389	59	83	4897	504971	504714	257	1379	366	12	11
4709434201	50227	93763	41	97	3977	1184167	1183350	817	1225	966	2	61
2152329407	40487	53161	37	89	3293	653607	653118	489	1094	597	9	28
1366264399	54409	25111	31	103	3193	427893	426465	1428	1755	243	4	82
895387333	15377	58229	41	79	3239	276439	276375	64	375	737	2	6
1210541239	24593	49223	43	101	4343	278733	278077	656	571	487	40	36
3117866923	60821	51263	37	67	2479	1257711	1256895	816	1643	765	30	8
2325165329	35317	65837	47	71	3337	696783	696177	606	751	927	20	20
1225229923	29209	41947	41	73	2993	409365	408688	677	712	574	17	45
1609046221	86587	18583	31	101	3131	513908	511119	2789	2793	183	4	100
4007391601	73421	54581	61	97	5917	677267	676086	1181	1203	562	38	67
1332009337	44029	30253	53	67	3551	375108	374330	778	830	451	39	36
3668585651	80911	45341	43	73	3139	1168711	1168101	610	1881	621	28	8
1943046013	20959	92707	29	103	2987	650500	649800	700	722	900	21	7
2166400519	22367	96857	43	71	3053	709597	709280	317	520	1364	7	13
823819049	16519	49871	43	103	4429	186005	185856	149	384	484	7	19
3871283881	46997	82373	61	89	5429	713074	712250	824	770	925	27	48
3751307627	53597	69991	59	71	4189	895513	894380	1133	908	985	25	56
371854633	14731	25243	61	79	4819	77164	76879	285	241	319	30	42
6789246983	88861	76403	43	89	3827	1774038	1772628	1410	2066	858	23	41
1862304271	37171	50101	61	71	4331	429994	429345	649	609	705	22	46
2161946957	23609	91573	31	79	2449	882787	881999	788	761	1159	18	12
2063980747	27239	75773	31	103	3193	646408	645330	1078	878	735	21	68
385850263	24407	15809	53	79	4187	92154	92000	154	460	200	27	9
4530849173	68171	66463	59	101	5959	760337	759990	347	1155	658	26	5
2591376919	66721	38839	53	83	4399	589083	587486	1597	1258	467	47	78
6349456543	78839	80537	61	97	5917	1073087	1072360	727	1292	830	27	27
3154620571	70841	44531	29	103	2987	1056116	1054944	1172	2442	432	23	35
931840033	65729	14177	29	103	2987	311965	310442	1523	2266	137	15	66
357085591	19429	18379	41	71	2911	122667	122034	633	473	258	36	61
3598728047	37019	97213	31	79	2449	1469468	1468620	848	1194	1230	5	43
259125731	19213	13487	59	103	6077	42640	42250	390	325	130	38	97
7481084587	86137	86851	53	101	5353	1397549	1395875	1674	1625	859	12	92
8402946599	91943	91393	47	101	4747	1770159	1768224	1935	1956	904	11	89
3920586347	96989	40423	61	83	5063	774360	773843	517	1589	487	60	2
6529671959	76493	85363	31	103	3193	2044995	2042676	2319	2467	828	16	79
2115607591	34019	62189	53	89	4717	448507	447418	1089	641	698	46	67
2328104017	87257	26681	43	67	2881	808088	807542	546	2029	398	10	15
3922496113	58481	67073	41	73	2993	1310556	1309068	1488	1426	918	15	59
8455776503	99371	85093	37	71	2627	3218795	3216630	2165	2685	1198	26	35
4143653177	81973	50549	31	73	2263	1831044	1829648	1396	2644	692	9	33
5093382319	92033	55343	47	103	4841	1052134	1051446	688	1958	537	7	32
3165586687	49999	63313	41	73	2993	1057663	1056873	790	1219	867	20	22
1607619217	30293	53069	37	79	2923	549989	548878	1111	818	671	27	60
6818639921	71941	94781	29	89	2581	2641859	2638720	3139	2480	1064	21	85
244705093	13421	18233	29	103	2987	81923	81774	149	462	177	23	2
2119636429	79301	26729	41	103	4223	501926	500906	1020	1934	259	7	52
3691175933	47287	78059	53	101	5353	689552	688624	928	892	772	11	87
1492410041	71479	20879	31	101	3131	476656	474830	1826	2305	206	24	73
4163807581	80683	51607	59	79	4661	893329	892651	678	1367	653	30	20
2157583651	56783	37997	29	89	2581	835948	834108	1840	1958	426	1	83
7702266937	95791	80407	53	71	3763	2046842	2045524	1318	1807	1132	20	35
769837391	18269	42139	29	83	2407	319832	318903	929	629	507	28	58
499213373	26951	18523	29	71	2059	242454	241540	914	929	260	10	63
3796389379	52543	72253	61	101	6161	616196	615615	581	861	715	22	38
4505788303	55901	80603	31	89	2759	1633123	1631715	1408	1803	905	8	58
3979926089	76837	51797	47	97	4559	872982	870922	2060	1634	533	39	96
508123939	47653	10663	47	71	3337	152269	151950	319	1013	150	42	13
232539149	12107	19207	29	89	2581	90096	89655	441	417	215	14	72
2050638349	81281	25229	59	73	4307	476117	475065	1052	1377	345	38	44
2211238873	27793	79561	31	83	2573	859401	858368	1033	896	958	17	47
1204546331	14551	82781	29	79	2291	525773	524547	1226	501	1047	22	68
2557071409	69959	36551	41	101	4141	617500	615866	1634	1706	361	13	90
1814950693	22621	80233	29	83	2407	754030	753480	550	780	966	1	55
2794687319	40123	69653	47	73	3431	814540	813762	778	853	954	32	11
3204717521	58907	54403	59	89	5251	610306	609778	528	998	611	25	24
6970126349	74287	93827	37	83	3071	2269660	2267910	1750	2007	1130	28	37
5762403529	89591	64319	31	103	3193	1804698	1803360	1338	2890	624	1	47
1791000923	91513	19571	37	67	2479	722469	722116	353	2473	292	12	7
2255540519	23917	94307	61	67	4087	551881	551544	337	392	1407	5	38
1896449329	23117	82037	59	73	4307	440317	439093	1224	391	1123	48	58
3067039471	80803	37957	47	67	3149	973972	972954	1018	1719	566	10	35
5765029547	87443	65929	43	67	2881	2001051	2000472	579	2033	984	24	1
6297447697	68371	92107	31	79	2449	2571436	2568825	2611	2205	1165	16	72
1444984237	61153	23629	31	67	2077	695707	694144	1563	1972	352	21	45
6349658209	74077	85717	59	71	4189	1515793	1514785	1008	1255	1207	32	20
1954385107	64627	30241	41	101	4141	471959	471224	735	1576	299	11	42
987529111	15647	63113	37	83	3071	321565	320720	845	422	760	33	33
553460239	38083	14533	41	101	4141	133653	132704	949	928	143	35	90
1914291671	62483	30637	61	67	4087	468385	467968	417	1024	457	19	18
1871361143	64483	29021	37	89	3293	568284	567892	392	1742	326	29	7
8662874189	98519	87931	59	73	4307	2011347	2009476	1871	1669	1204	48	39
1537439339	78839	19501	61	79	4819	319037	317832	1205	1292	246	27	67
2587534909	63347	40847	47	73	3431	754163	752973	1190	1347	559	38	40
7501738109	76387	98207	53	83	4399	1705328	1704703	625	1441	1183	14	18
1892087149	58109	32561	59	67	3953	478645	477240	1405	984	485	53	66
3350421413	36269	92377	37	89	3293	1017437	1016260	1177	980	1037	9	84
709999567	12197	58211	31	67	2077	341838	341124	714	393	868	14	55
1359407317	78583	17299	29	101	2929	464119	463239	880	2709	171	22	28
2874286957	38119	75403	37	79	2923	983334	982620	714	1030	954	9	37
2565394633	51229	50077	53	71	3763	681741	681030	711	966	705	31	22
2245948417	25889	86753	61	73	4453	504367	503712	655	424	1188	25	29
3469546001	79411	43691	29	97	2813	1233397	1232100	1297	2738	450	9	41
1042107403	39719	26237	31	79	2449	425523	425292	231	1281	332	8	9
836052631	16823	49697	53	73	3869	216090	215560	530	317	680	22	57
1853589187	32917	56311	59	103	6077	305017	304122	895	557	546	54	73
1776570469	40039	44371	41	101	4141	429019	428464	555	976	439	23	32
5828534441	85361	68281	47	101	4747	1227835	1227616	219	1816	676	9	5
603437113	12841	46993	29	89	2581	233799	233376	423	442	528	23	1
5127226207	97241	52727	29	83	2407	2130131	2129155	976	3353	635	4	22
9412439359	99119	94961	61	83	5063	1859063	1857856	1207	1624	1144	55	9
7718204861	92479	83459	37	101	3737	2065347	2064174	1173	2499	826	16	33
1016735477	19843	51239	59	67	3953	257206	256704	502	336	764	19	51
2663114591	41999	63409	61	103	6283	423860	423120	740	688	615	31	64
4753256419	47819	99401	31	89	2759	1722818	1720872	1946	1542	1116	17	77
1249666181	25717	48593	41	71	2911	429291	428868	423	627	684	10	29
948669607	13669	69403	31	97	3007	315487	314600	887	440	715	29	48
1130999761	22111	51151	47	103	4841	233629	233120	509	470	496	21	63
1826308061	22147	82463	61	97	5917	308654	308550	104	363	850	4	13
6725032949	72461	92809	41	71	2911	2310213	2309469	744	1767	1307	14	12
1829353541	42701	42841	29	73	2117	864125	862592	1533	1472	586	13	63
758972261	65843	11527	47	79	3713	204409	203000	1409	1400	145	43	72
952116479	19861	47939	59	67	3953	240859	240240	619	336	715	37	34
1392464839	68483	20333	31	89	2759	504699	503652	1047	2209	228	4	41
6691494787	99809	67043	31	89	2759	2425333	2423907	1426	3219	753	20	26
1993173953	26407	75479	37	97	3589	555356	554714	642	713	778	26	13
4208835019	48679	86461	31	73	2263	1859847	1858880	967	1570	1184	9	29
2740047997	68213	40169	37	83	3071	892233	890169	2064	1843	483	22	80
957471833	36187	26459	41	97	3977	240752	239904	848	882	272	25	75
2822172757	87317	32321	31	101	3131	901364	901120	244	2816	320	21	1
1425035099	27299	52201	41	89	3649	390527	389690	837	665	586	34	47
3968909891	46199	85909	37	71	2627	1510814	1508832	1982	1248	1209	23	70
1367039549	26821	50969	41	67	2747	497648	497040	608	654	760	7	49
2037318389	23623	86243	43	71	3053	667316	666486	830	549	1214	16	49
4061097883	85513	47491	43	83	3569	1137881	1137136	745	1988	572	29	15
5446499857	67157	81101	41	101	4141	1315261	1312874	2387	1637	802	40	99
1137010291	32411	35081	47	89	4183	271816	271466	350	689	394	28	15
746763553	28279	26407	53	67	3551	210296	210002	294	533	394	30	9
6008057257	66751	90007	53	103	5459	1100578	1099107	1471	1259	873	24	88
8139262759	89599	90841	47	97	4559	1785317	1784016	1301	1906	936	17	49
726307921	11587	62683	43	103	4429	163989	163552	437	269	608	20	59
4814543927	54449	88423	29	71	2059	2338292	2336865	1427	1877	1245	16	28
1662252001	16657	99793	37	67	2479	670533	670050	483	450	1489	7	30
2433631649	64217	37897	59	73	4307	565041	564672	369	1088	519	25	10
2933269093	65447	44819	59	83	4897	598993	597751	1242	1109	539	16	82
6771381173	85453	79241	29	71	2059	3288674	3287736	938	2946	1116	19	5
1768410179	26393	67003	31	103	3193	553839	553150	689	851	650	12	53
1751628077	32377	54101	47	103	4841	361831	361200	631	688	525	41	26
522439681	42061	12421	43	97	4171	125255	125184	71	978	128	7	5
8788378297	88547	99251	41	67	2747	3199264	3197479	1785	2159	1481	28	24
5362951889	83233	64433	47	97	4559	1176343	1175280	1063	1770	664	43	25
1085187757	33713	32189	61	97	5917	183401	182712	689	552	331	41	82
249769063	14669	17027	43	89	3827	65264	65131	133	341	191	6	28
487644299	21011	23209	31	89	2759	176746	176020	726	677	260	24	69
3086804431	96847	31873	59	67	3953	780876	779475	1401	1641	475	28	48
1008095029	76031	13259	53	73	3869	260556	259554	1002	1434	181	29	46
1146065593	95881	11953	59	97	5723	200256	199875	381	1625	123	6	22
1133055499	25633	44203	41	71	2911	389232	388750	482	625	622	8	41
630501173	21499	29327	31	73	2263	278612	277893	719	693	401	16	54
2617229213	79111	33083	41	67	2747	952759	950997	1762	1929	493	22	52
3091613831	74323	41597	37	89	3293	938844	937736	1108	2008	467	27	34
2537855417	44917	56501	41	79	3239	783530	782925	605	1095	715	22	16
2267636383	56009	40487	43	71	3053	742756	742140	616	1302	570	23	17
1269945247	12899	98453	47	73	3431	370138	369352	786	274	1348	21	49
2471782513	48731	50723	53	97	5141	480797	479718	1079	919	522	24	89
2085867353	41879	49807	43	103	4429	470956	469959	997	973	483	40	58
3213788741	74623	43067	47	83	3901	823837	822066	1771	1587	518	34	73
9191633653	91943	99971	31	101	3131	2935686	2932385	3301	2965	989	28	82
685577801	13679	50119	37	73	2701	253823	253134	689	369	686	26	41
440280037	36559	12043	41	101	4141	106322	106029	293	891	119	28	24
1202665957	12149	98993	43	79	3397	354037	353346	691	282	1253	23	6
7498540381	83791	89491	53	83	4399	1704601	1703240	1361	1580	1078	51	17
5047761347	96769	52163	37	79	2923	1726911	1725900	1011	2615	660	14	23
2122216037	24517	86561	59	97	5723	370822	370180	642	415	892	32	37
4125125051	67891	60761	61	73	4453	926369	925184	1185	1112	832	59	25
1062480011	10949	97039	41	73	2993	354988	354843	145	267	1329	2	22
2177498171	78347	27793	29	79	2291	950457	948051	2406	2701	351	18	64
1302698161	91411	14251	37	79	2923	445671	444600	1071	2470	180	21	31
2603456131	87011	29921	61	71	4331	601121	600346	775	1426	421	25	30
4499232691	87257	51563	31	97	3007	1496252	1494234	2018	2814	531	23	56
3718895269	40559	91691	31	83	2573	1445353	1444032	1321	1308	1104	11	59
2467822573	26717	92369	47	89	4183	589964	589016	948	568	1037	21	76
904339081	60077	15053	43	67	2881	313897	312928	969	1397	224	6	45
668488987	14369	46523	53	103	5459	122456	122221	235	271	451	6	70
849120329	64853	13093	47	103	4841	175401	175133	268	1379	127	40	12
4465167989	93529	47741	41	67	2747	1625470	1624072	1398	2281	712	8	37
2098881131	36389	57679	43	101	4343	483279	483066	213	846	571	11	8
7193474017	73721	97577	53	97	5141	1399236	1396950	2286	1390	1005	51	92
5244720529	65881	79609	43	83	3569	1469521	1469188	333	1532	959	5	12
5492250529	90397	60757	59	101	5959	921673	920732	941	1532	601	9	56
6389495239	71693	89123	31	79	2449	2609022	2607936	1086	2312	1128	21	11
3687186161	87943	41927	61	97	5917	623151	622512	639	1441	432	42	23
7555282661	85621	88241	59	83	4897	1542839	1542413	426	1451	1063	12	12
3330454373	44963	74071	59	83	4897	680100	679704	396	762	892	5	35
1379239619	28051	49169	37	67	2479	556369	555614	755	758	733	5	58
910671901	50867	17903	59	101	5959	152822	152574	248	862	177	9	26
2616361493	77773	33641	59	73	4307	607467	606280	1187	1318	460	11	61
2510898421	26423	95027	31	101	3131	801947	800880	1067	852	940	11	87
2196447047	26783	82009	47	71	3337	658210	657195	1015	569	1155	40	4
6769293683	78593	86131	53	83	4399	1538825	1536834	1991	1482	1037	47	60
2108990161	75029	28109	29	79	2291	920554	918385	2169	2587	355	6	64
4917918017	49297	99761	61	73	4453	1104405	1103728	677	808	1366	9	43
550804123	36097	15259	31	71	2201	250251	249096	1155	1164	214	13	65
4837251269	60209	80341	53	89	4717	1025493	1024672	821	1136	902	1	63
6384863209	84913	75193	37	83	3071	2079082	2076070	3012	2294	905	35	78
7238023823	95717	75619	41	83	3403	2126953	2126274	679	2334	911	23	6
5628674957	68171	82567	31	101	3131	1797724	1796583	1141	2199	817	2	50
1145792551	43781	26171	41	89	3649	314001	313698	303	1067	294	34	5
4017606371	50153	80107	53	97	5141	781483	780450	1033	946	825	15	82
132024127	10169	12983	47	83	3901	33843	33696	147	216	156	17	35
1801985179	51899	34721	59	73	4307	418385	417525	860	879	475	38	46
1139691593	56783	20071	43	67	2881	395588	394680	908	1320	299	23	38
5776450807	62081	93047	31	97	3007	1921001	1919918	1083	2002	959	19	24
2507931161	57557	43573	29	97	2813	891550	890816	734	1984	449	21	20
4918303069	92863	52963	31	83	2573	1911505	1910810	695	2995	638	18	9
2717645773	36587	74279	41	89	3649	744764	743928	836	892	834	15	53
6111536831	65327	93553	37	71	2627	2326431	2324505	1926	1765	1317	22	46
1331454767	67453	19739	43	79	3397	391950	390432	1518	1568	249	29	68
5907171653	83639	70627	61	101	6161	958800	958329	471	1371	699	8	28
3278270377	54403	60259	53	101	5353	612417	611496	921	1026	596	25	63
1716557543	95881	17903	41	83	3403	504424	502670	1754	2338	215	23	58
6288775607	71707	87701	31	97	3007	2091378	2090952	426	2313	904	4	13
1387822027	93601	14827	43	97	4171	332731	330752	1979	2176	152	33	83
2818497793	39451	71443	37	101	3737	754214	753662	552	1066	707	9	36
7573558591	77621	97571	61	103	6283	1205404	1204584	820	1272	947	29	30
3063847447	39857	76871	61	103	6283	487640	487138	502	653	746	24	33
1269009389	75703	16763	59	73	4307	294638	293807	831	1283	229	6	46
1511312261	21179	71359	53	73	3869	390620	389823	797	399	977	32	38
3870298057	41579	93083	31	89	2759	1402790	1401345	1445	1341	1045	8	78
4248409961	86117	49333	31	83	2573	1651150	1649538	1612	2777	594	30	31
6043575943	87719	68897	31	73	2263	2670603	2667747	2856	2829	943	20	58
1342909021	39983	33587	59	103	6077	220982	220702	280	677	326	40	9
4292222419	60899	70481	41	103	4223	1016391	1015740	651	1485	684	14	29
