====================================================================================================
THREE-CLOSE-PRIME HYPERBOLA / BATCH-DIVISOR ISOLATION EXPERIMENT
====================================================================================================
M                         = 111,546,435
factor range              = 10,000 - 100,000
anchors                   = 300
modulus prime range       = 300 - 3,000
close ratio               = 20%
seed                      = 1,511,464,998

====================================================================================================
BUILDING PRIME POOLS
====================================================================================================
factor primes             = 8,363
modulus primes            = 368

====================================================================================================
BUILDING ANCHORS
====================================================================================================
actual anchors            = 300

====================================================================================================
SELECTING ANCHOR-SPECIFIC CLOSE TRIPLES
====================================================================================================
anchor  25/300
anchor  50/300
anchor  75/300
anchor 100/300
anchor 125/300
anchor 150/300
anchor 175/300
anchor 200/300
anchor 225/300
anchor 250/300
anchor 275/300
anchor 300/300

====================================================================================================
VALIDATING MODULUS TRIPLES
====================================================================================================
triple validation failures = 0
unique modulus triples      = 300

====================================================================================================
RUNNING BATCH-DIVISOR ISOLATION SEARCH
====================================================================================================
anchor  25/300
anchor  50/300
anchor  75/300
anchor 100/300
anchor 125/300
anchor 150/300
anchor 175/300
anchor 200/300
anchor 225/300
anchor 250/300
anchor 275/300
anchor 300/300

====================================================================================================
SUMMARY
====================================================================================================
anchors analyzed            = 300
average q candidates        = 62,420.117
average prime q candidates  = 5,728.930
average direct divisor tests= 62,420.117
average batch values        = 65,163.603
average batch gcd calls     = 234.400
average leaf intervals      = 7.983
average exact solutions     = 1.000

====================================================================================================
BATCH REDUCTION
====================================================================================================
batch gcd / direct tests    = 0.003755200
batch values / direct tests = 1.043951963
q candidates / 8,363        = 7.463842720
prime q / 8,363            = 0.685032883

====================================================================================================
RECOVERY
====================================================================================================
correctly recovered         = 300/300
recovery rate               = 100.0000%

====================================================================================================
GAP CORRELATION
====================================================================================================
mean gap                    = 19,320.393
minimum gap                 = 4
maximum gap                 = 98,052
corr(gap,q candidates)      = -0.011638
corr(gap,batch gcd calls)   = -0.041476

====================================================================================================
STRONGEST BATCH COLLAPSES
====================================================================================================
n=141,281,213 p=10,159 q=13,907 mods=(431,547,599) R/n=0.9995557088 gap=62,770 q=3,658 primeQ=384 gcd=28 leaves=3 exact=1
n=9,508,942,913 p=95,923 q=99,131 mods=(1879,2129,2377) R/n=0.9999985797 gap=13,506 q=4,912 primeQ=427 gcd=48 leaves=3 exact=1
n=9,381,451,279 p=96,221 q=97,499 mods=(1693,2351,2357) R/n=0.9999980250 gap=18,528 q=6,187 primeQ=540 gcd=52 leaves=6 exact=1
n=9,247,231,703 p=93,811 q=98,573 mods=(1877,1997,2467) R/n=0.9999994182 gap=5,380 q=7,529 primeQ=659 gcd=52 leaves=6 exact=1
n=204,092,881 p=11,353 q=17,977 mods=(503,631,643) R/n=0.9999550107 gap=9,182 q=10,286 primeQ=1,063 gcd=60 leaves=3 exact=1
n=194,241,613 p=10,799 q=17,987 mods=(541,569,631) R/n=0.9999922056 gap=1,514 q=8,897 primeQ=920 gcd=64 leaves=4 exact=1
n=9,082,319,251 p=92,987 q=97,673 mods=(1669,2213,2459) R/n=0.9999988849 gap=10,128 q=9,178 primeQ=806 gcd=66 leaves=5 exact=1
n=217,873,169 p=12,401 q=17,569 mods=(557,599,653) R/n=0.9999803096 gap=4,290 q=11,726 primeQ=1,208 gcd=66 leaves=6 exact=1
n=8,661,516,151 p=91,801 q=94,351 mods=(1667,2113,2459) R/n=0.9999993232 gap=5,862 q=13,386 primeQ=1,171 gcd=66 leaves=4 exact=1
n=8,414,275,829 p=85,009 q=98,981 mods=(1699,2143,2311) R/n=0.9999971237 gap=24,202 q=15,859 primeQ=1,390 gcd=66 leaves=3 exact=1
n=8,597,123,569 p=90,997 q=94,477 mods=(1759,2179,2243) R/n=0.9999980987 gap=16,346 q=14,030 primeQ=1,232 gcd=68 leaves=4 exact=1
n=8,447,527,909 p=88,007 q=95,987 mods=(1733,2137,2281) R/n=0.9999970870 gap=24,608 q=15,526 primeQ=1,357 gcd=68 leaves=4 exact=1
n=8,373,254,023 p=86,539 q=96,757 mods=(1847,1871,2423) R/n=0.9999996092 gap=3,272 q=16,268 primeQ=1,422 gcd=72 leaves=6 exact=1
n=8,374,852,753 p=84,299 q=99,347 mods=(1747,2087,2297) R/n=0.9999980871 gap=16,020 q=16,251 primeQ=1,421 gcd=77 leaves=5 exact=1
n=269,223,397 p=12,979 q=20,743 mods=(547,677,727) R/n=0.9999944878 gap=1,484 q=15,899 primeQ=1,619 gcd=78 leaves=4 exact=1
n=282,221,617 p=16,573 q=17,029 mods=(619,643,709) R/n=0.9999023321 gap=27,564 q=16,817 primeQ=1,712 gcd=78 leaves=4 exact=1
n=270,201,829 p=15,959 q=16,931 mods=(593,673,677) R/n=0.9999312514 gap=18,576 q=16,798 primeQ=1,710 gcd=86 leaves=5 exact=1
n=225,312,119 p=10,781 q=20,899 mods=(557,577,701) R/n=0.9999182024 gap=18,430 q=12,469 primeQ=1,284 gcd=94 leaves=7 exact=1
n=7,922,536,997 p=83,639 q=94,723 mods=(1669,1997,2377) R/n=0.9999984051 gap=12,636 q=20,776 primeQ=1,829 gcd=98 leaves=4 exact=1
n=341,891,203 p=17,209 q=19,867 mods=(631,733,739) R/n=0.9997463930 gap=86,706 q=23,856 primeQ=2,395 gcd=98 leaves=4 exact=1

====================================================================================================
WEAKEST BATCH COLLAPSES
====================================================================================================
n=1,081,842,781 p=12,011 q=90,071 mods=(911,971,1223) R/n=0.9999997985 gap=218 q=89,129 primeQ=8,272 gcd=396 leaves=24 exact=1
n=1,259,843,083 p=15,823 q=79,621 mods=(1061,1063,1117) R/n=0.9999663037 gap=42,452 q=87,365 primeQ=8,085 gcd=396 leaves=15 exact=1
n=1,434,402,509 p=16,619 q=86,311 mods=(1009,1091,1303) R/n=0.9999753542 gap=35,352 q=85,622 primeQ=7,905 gcd=396 leaves=15 exact=1
n=1,142,468,387 p=11,497 q=99,371 mods=(839,1153,1181) R/n=0.9999930326 gap=7,960 q=88,527 primeQ=8,209 gcd=392 leaves=21 exact=1
n=1,248,301,801 p=12,941 q=96,461 mods=(881,1151,1231) R/n=0.9999762557 gap=29,640 q=87,470 primeQ=8,097 gcd=382 leaves=21 exact=1
n=1,483,714,811 p=15,541 q=95,471 mods=(1063,1093,1277) R/n=0.9999859353 gap=20,868 q=85,130 primeQ=7,852 gcd=381 leaves=16 exact=1
n=1,075,129,381 p=20,963 q=51,287 mods=(983,997,1097) R/n=0.9999875048 gap=13,434 q=88,641 primeQ=8,230 gcd=372 leaves=11 exact=1
n=1,098,260,699 p=13,451 q=81,649 mods=(947,977,1187) R/n=0.9999765575 gap=25,746 q=88,970 primeQ=8,255 gcd=370 leaves=19 exact=1
n=1,549,292,203 p=18,661 q=83,023 mods=(977,1217,1303) R/n=0.9999913018 gap=13,476 q=84,472 primeQ=7,779 gcd=370 leaves=11 exact=1
n=1,258,572,647 p=13,619 q=92,413 mods=(929,1051,1289) R/n=0.9999840168 gap=20,116 q=87,372 primeQ=8,084 gcd=368 leaves=19 exact=1
n=1,093,454,701 p=16,607 q=65,843 mods=(941,1069,1087) R/n=0.9999909662 gap=9,878 q=89,014 primeQ=8,261 gcd=362 leaves=15 exact=1
n=1,286,476,427 p=15,581 q=82,567 mods=(1019,1069,1181) R/n=0.9999998943 gap=136 q=87,093 primeQ=8,055 gcd=350 leaves=17 exact=1
n=869,002,643 p=10,723 q=81,041 mods=(853,953,1069) R/n=0.9999966375 gap=2,922 q=74,857 primeQ=7,036 gcd=348 leaves=20 exact=1
n=1,264,298,131 p=15,739 q=80,329 mods=(947,1097,1217) R/n=0.9999946785 gap=6,728 q=87,316 primeQ=8,078 gcd=346 leaves=17 exact=1
n=865,993,151 p=11,161 q=77,591 mods=(839,971,1063) R/n=0.9999999954 gap=4 q=75,972 primeQ=7,129 gcd=346 leaves=17 exact=1
n=1,090,865,287 p=15,803 q=69,029 mods=(829,1103,1193) R/n=0.9999985369 gap=1,596 q=89,041 primeQ=8,262 gcd=344 leaves=14 exact=1
n=1,984,592,723 p=22,171 q=89,513 mods=(1069,1327,1399) R/n=0.9999883674 gap=23,086 q=80,126 primeQ=7,345 gcd=342 leaves=11 exact=1
n=891,820,031 p=11,839 q=75,329 mods=(823,1033,1049) R/n=0.9999963670 gap=3,240 q=73,317 primeQ=6,906 gcd=342 leaves=21 exact=1
n=1,477,021,583 p=14,867 q=99,349 mods=(1039,1091,1303) R/n=0.9999951010 gap=7,236 q=85,195 primeQ=7,855 gcd=340 leaves=15 exact=1
n=901,082,069 p=10,163 q=88,663 mods=(809,1019,1093) R/n=0.9999505417 gap=44,566 q=75,637 primeQ=7,104 gcd=340 leaves=17 exact=1

====================================================================================================
ANCHOR RESULTS
====================================================================================================
 ID       p       q    r1    r2    r3        Q   PRIMEQ   DIRECT    GCD   LEAF EXACT
----------------------------------------------------------------------------------------------------
  1  14,821  45,491   809   853   977   54,081    5,192   54,081    254      8     1
  2  92,987  97,673  1669  2213  2459    9,178      806    9,178     66      5     1
  3  30,293  44,483  1019  1069  1237   86,483    7,994   86,483    318     14     1
  4  67,819  83,417  1451  1933  2017   43,426    3,854   43,426    141      5     1
  5  11,161  77,591   839   971  1063   75,972    7,129   75,972    346     17     1
  6  61,583  92,893  1553  1867  1973   42,790    3,790   42,790    141      6     1
  7  61,603  92,893  1597  1879  1907   42,771    3,788   42,771    147      4     1
  8  70,607  95,773  1597  1987  2131   32,378    2,853   32,378    114      3     1
  9  18,121  83,233  1087  1129  1229   84,882    7,829   84,882    326     13     1
 10  51,853  70,459  1277  1549  1847   63,454    5,719   63,454    202      4     1
 11  12,401  17,569   557   599   653   11,726    1,208   11,726     66      6     1
 12  59,219  89,527  1601  1613  2053   46,982    4,182   46,982    194      5     1
 13  49,549  78,317  1499  1597  1621   61,187    5,503   61,187    195      6     1
 14  46,831  55,901  1187  1381  1597   73,802    6,713   73,802    244      5     1
 15  38,861  38,959  1009  1213  1237   84,830    7,822   84,830    294      9     1
 16  25,057  98,479  1217  1409  1439   75,303    6,859   75,303    280     11     1
 17  54,101  98,893  1433  1879  1987   46,494    4,140   46,494    144      5     1
 18  13,451  81,649   947   977  1187   88,970    8,255   88,970    370     19     1
 19  51,797  82,153  1453  1637  1789   57,439    5,142   57,439    190      4     1
 20  13,913  26,393   641   691   829   25,795    2,575   25,795    112      7     1
 21  52,387  65,353  1429  1489  1609   65,752    5,935   65,752    189      4     1
 22  32,141  63,211  1153  1289  1367   79,657    7,297   79,657    278      7     1
 23  17,393  98,899  1009  1193  1429   82,767    7,608   82,767    318     11     1
 24  67,493  69,911  1361  1777  1951   52,812    4,725   52,812    196      5     1
 25  20,327  57,587  1019  1051  1093   88,254    8,186   88,254    320      8     1
 26  75,553  83,443  1523  1879  2203   36,957    3,270   36,957    130      4     1
 27  44,021  64,969  1223  1481  1579   71,382    6,477   71,382    232      6     1
 28  49,139  63,617  1237  1559  1621   68,729    6,221   68,729    264      4     1
 29  34,327  76,651  1171  1423  1579   73,670    6,700   73,670    280      7     1
 30  11,897  33,049   673   733   797   28,936    2,872   28,936    152      9     1
 31  53,939  55,817  1163  1597  1621   69,875    6,334   69,875    205      6     1
 32  84,299  99,347  1747  2087  2297   16,251    1,421   16,251     77      5     1
 33  17,093  99,611  1097  1193  1301   82,942    7,628   82,942    322     16     1
 34  25,747  39,227   877  1031  1117   85,824    8,006   85,824    314      9     1
 35  61,129  98,729  1583  1879  2029   39,646    3,503   39,646    144      3     1
 36  46,103  60,271  1249  1427  1559   72,197    6,560   72,197    234      8     1
 37  12,497  47,791   719   859   967   49,309    4,764   49,309    220     11     1
 38  69,911  95,239  1523  2069  2113   33,419    2,954   33,419    160      3     1
 39  38,713  51,203  1151  1231  1399   80,154    7,345   80,154    266      7     1
 40  14,821  32,411   661   823   883   35,404    3,480   35,404    186      8     1
 41  51,197  92,369  1433  1709  1931   52,706    4,717   52,706    180      5     1
 42  42,227  43,411  1097  1171  1427   81,640    7,488   81,640    276      8     1
 43  25,013  46,819   863  1097  1237   88,238    8,181   88,238    316     11     1
 44  36,677  37,871  1033  1087  1237   86,074    7,950   86,074    294      8     1
 45  30,517  30,977   937   971  1039   81,682    7,631   81,682    294     12     1
 46  16,607  65,843   941  1069  1087   89,014    8,261   89,014    362     15     1
 47  15,803  69,029   829  1103  1193   89,041    8,262   89,041    344     14     1
 48  16,619  86,311  1009  1091  1303   85,622    7,905   85,622    396     15     1
 49  96,221  97,499  1693  2351  2357    6,187      540    6,187     52      6     1
 50  22,171  89,513  1069  1327  1399   80,126    7,345   80,126    342     11     1
 51  15,959  16,931   593   673   677   16,798    1,710   16,798     86      5     1
 52  23,549  55,163   941  1163  1187   86,968    8,044   86,968    312     11     1
 53  55,373  81,931  1409  1627  1979   54,628    4,885   54,628    224      3     1
 54  14,867  99,349  1039  1091  1303   85,195    7,855   85,195    340     15     1
 55  35,729  51,199  1013  1321  1367   81,676    7,495   81,676    272      6     1
 56  55,291  66,383  1409  1607  1621   63,289    5,701   63,289    194      4     1
 57  24,877  96,731  1187  1367  1483   75,919    6,915   75,919    324     10     1
 58  22,567  31,277   811   919   947   56,918    5,438   56,918    242      9     1
 59  21,193  22,679   683   751   937   36,895    3,615   36,895    168      8     1
 60  79,111  93,553  1811  1907  2143   25,990    2,291   25,990     98      3     1
 61  12,941  96,461   881  1151  1231   87,470    8,097   87,470    382     21     1
 62  29,567  47,123   929  1151  1303   86,023    7,939   86,023    305     10     1
 63  56,477  57,713  1289  1423  1777   67,389    6,093   67,389    204      6     1
 64  46,441  91,753  1489  1523  1879   57,382    5,137   57,382    200      6     1
 65  13,619  92,413   929  1051  1289   87,372    8,084   87,372    368     19     1
 66  57,329  97,373  1571  1753  2027   44,175    3,927   44,175    142      3     1
 67  47,713  53,591  1223  1433  1459   74,411    6,776   74,411    249      7     1
 68  35,423  83,227  1259  1483  1579   70,504    6,387   70,504    270      8     1
 69  62,921  67,579  1399  1609  1889   57,472    5,143   57,472    174      5     1
 70  56,671  95,483  1567  1669  2069   45,885    4,082   45,885    198      5     1
 71  51,869  82,997  1489  1627  1777   56,942    5,094   56,942    175      4     1
 72  62,971  82,009  1559  1601  2069   48,355    4,307   48,355    154      3     1
 73  66,523  74,149  1511  1601  2039   50,668    4,525   50,668    166      4     1
 74  17,477  48,649   811  1009  1039   70,608    6,659   70,608    290     13     1
 75  15,541  95,471  1063  1093  1277   85,130    7,852   85,130    381     16     1
 76  54,083  79,039  1483  1613  1787   57,244    5,122   57,244    175      5     1
 77  54,829  56,957  1321  1453  1627   68,754    6,226   68,754    212      5     1
 78  19,603  96,517  1087  1193  1459   81,051    7,435   81,051    308     12     1
 79  14,251  65,129   883   967  1087   77,555    7,271   77,555    338     19     1
 80  10,799  17,987   541   569   631    8,897      920    8,897     64      4     1
 81  27,689  91,733  1093  1483  1567   74,580    6,789   74,580    256     11     1
 82  33,191  35,027   967   983  1223   88,332    8,190   88,332    320     10     1
 83  49,207  61,409  1297  1483  1571   69,768    6,323   69,768    274      7     1
 84  56,179  66,377  1511  1559  1583   62,701    5,643   62,701    182      3     1
 85  66,457  71,429  1567  1699  1783   52,527    4,699   52,527    208      3     1
 86  38,821  46,807  1087  1279  1307   81,803    7,509   81,803    328      9     1
 87  70,877  73,613  1601  1627  2003   47,820    4,259   47,820    174      4     1
 88  29,663  77,477  1117  1303  1579   76,997    7,027   76,997    270     11     1
 89  51,133  76,081  1499  1601  1621   61,090    5,492   61,090    241      4     1
 90  10,223  55,339   683   853   971   45,198    4,378   45,198    220     13     1
 91  65,789  85,627  1433  1949  2017   43,665    3,881   43,665    188      4     1
 92  35,597  48,353   971  1237  1433   82,751    7,608   82,751    290      9     1
 93  16,573  17,029   619   643   709   16,817    1,712   16,817     78      4     1
 94  48,527  84,443  1433  1579  1811   59,015    5,301   59,015    242      5     1
 95  27,239  93,529  1213  1283  1637   74,505    6,780   74,505    264      7     1
 96  11,149  62,053   773   887  1009   58,814    5,610   58,814    296     13     1
 97  21,841  83,591  1087  1289  1303   81,715    7,497   81,715    336     10     1
 98  10,687  79,319   887   911  1049   69,609    6,572   69,609    318     14     1
 99  42,397  78,049  1301  1571  1619   66,898    6,045   66,898    220      7     1
100  31,489  40,973   953  1039  1303   87,059    8,055   87,059    326     14     1
101  20,963  51,287   983   997  1097   88,641    8,230   88,641    372     11     1
102  18,671  51,197   809  1009  1171   80,849    7,558   80,849    292     11     1
103  15,581  82,567  1019  1069  1181   87,093    8,055   87,093    350     17     1
104  52,567  83,719  1459  1607  1877   55,984    5,012   55,984    178      4     1
105  35,899  38,603   971  1097  1301   86,102    7,952   86,102    294      7     1
106  55,631  95,191  1597  1811  1831   47,040    4,190   47,040    160      5     1
107  25,471  58,909  1093  1117  1229   84,962    7,836   84,962    280      7     1
108  23,473  23,833   661   911   929   42,877    4,167   42,877    198     11     1
109  18,253  35,759   751   877   991   52,049    5,007   52,049    208      8     1
110  30,809  77,359  1201  1303  1523   76,144    6,939   76,144    266      8     1
111  26,161  54,631   941  1171  1297   85,666    7,912   85,666    300      9     1
112  64,037  92,009  1471  1951  2053   41,081    3,637   41,081    132      5     1
113  38,873  42,953  1109  1223  1231   83,277    7,660   83,277    282      8     1
114  55,903  82,207  1409  1801  1811   54,040    4,834   54,040    228      4     1
115  42,697  99,787  1471  1619  1789   57,386    5,137   57,386    203      7     1
116  17,971  36,007   727   911   977   53,547    5,133   53,547    234      7     1
117  95,923  99,131  1879  2129  2377    4,912      427    4,912     48      3     1
118  40,487  85,049  1283  1531  1753   65,553    5,914   65,553    266      6     1
119  47,981  69,427  1321  1579  1597   66,676    6,025   66,676    274      6     1
120  42,641  45,959  1013  1301  1487   80,371    7,369   80,371    282      8     1
121  77,213  96,851  1931  1949  1987   25,220    2,217   25,220    100      5     1
122  65,557  96,827  1511  2011  2089   36,523    3,230   36,523    128      3     1
123  55,079  55,829  1223  1553  1619   69,236    6,275   69,236    212      5     1
124  40,529  60,889  1181  1409  1483   75,299    6,860   75,299    249      7     1
125  59,119  68,683  1553  1607  1627   59,386    5,336   59,386    184      5     1
126  50,423  74,017  1259  1657  1789   62,666    5,640   62,666    212      3     1
127  26,641  34,231   881   947  1093   76,225    7,153   76,225    288     13     1
128  79,537  92,357  1597  2029  2267   26,542    2,339   26,542    120      3     1
129  26,863  37,201   827  1039  1163   82,908    7,746   82,908    300     13     1
130  70,921  88,969  1619  1871  2083   36,902    3,266   36,902    117      5     1
131  46,757  74,279  1327  1493  1753   65,256    5,882   65,256    220      8     1
132  53,507  85,447  1433  1637  1949   54,275    4,855   54,275    225      4     1
133  27,997  72,889  1063  1291  1487   79,566    7,284   79,566    279      9     1
134  55,217  75,217  1453  1531  1867   58,463    5,249   58,463    212      4     1
135  72,719  76,753  1487  1889  1987   44,181    3,928   44,181    160      6     1
136  16,063  45,137   823   911   967   57,741    5,516   57,741    244     11     1
137  33,997  94,811  1381  1447  1613   67,759    6,135   67,759    220      5     1
138  11,353  17,977   503   631   643   10,286    1,063   10,286     60      3     1
139  14,197  31,513   683   719   911   33,654    3,321   33,654    156      9     1
140  10,163  88,663   809  1019  1093   75,637    7,104   75,637    340     17     1
141  40,241  45,659  1019  1319  1367   81,600    7,486   81,600    334     10     1
142  41,117  54,907  1181  1289  1483   77,404    7,067   77,404    310      7     1
143  44,959  76,943  1439  1483  1621   65,400    5,897   65,400    252      8     1
144  52,453  67,049  1399  1459  1723   64,820    5,841   64,820    190      3     1
145  83,639  94,723  1669  1997  2377   20,776    1,829   20,776     98      4     1
146  18,661  83,023   977  1217  1303   84,472    7,779   84,472    370     11     1
147  56,773  67,213  1453  1493  1759   61,834    5,564   61,834    180      4     1
148  33,713  67,931  1153  1367  1453   77,074    7,035   77,074    246      7     1
149  88,007  95,987  1733  2137  2281   15,526    1,357   15,526     68      4     1
150  43,487  71,993  1291  1453  1669   68,678    6,218   68,678    232      4     1
151  65,993  71,341  1429  1759  1873   52,915    4,736   52,915    173      4     1
152  37,277  75,767  1229  1439  1597   71,740    6,515   71,740    283      7     1
153  59,467  83,269  1483  1667  2003   50,478    4,503   50,478    204      4     1
154  27,809  41,513   937  1103  1117   88,407    8,193   88,407    330     12     1
155  33,563  93,371  1423  1481  1487   68,652    6,212   68,652    268      7     1
156  15,823  79,621  1061  1063  1117   87,365    8,085   87,365    396     15     1
157  23,339  96,269  1049  1399  1531   77,506    7,078   77,506    298     11     1
158  39,979  53,773  1151  1307  1429   78,478    7,179   78,478    252      7     1
159  32,531  82,613  1249  1447  1487   73,107    6,639   73,107    254     10     1
160  16,447  47,791   769  1009  1013   62,978    5,986   62,978    262      9     1
161  21,317  49,367   857  1009  1217   89,424    8,304   89,424    338     14     1
162  22,129  50,087   919   991  1217   88,875    8,248   88,875    310     12     1
163  20,771  41,399   839   977  1049   75,370    7,080   75,370    310     12     1
164  37,987  73,037  1327  1433  1459   72,239    6,565   72,239    285      5     1
165  36,467  44,701  1093  1129  1321   83,667    7,698   83,667    336      8     1
166  28,597  40,829   971  1013  1187   88,279    8,190   88,279    320     14     1
167  13,177  70,729   859   941  1153   80,373    7,524   80,373    334     18     1
168  50,647  72,101  1399  1489  1753   63,475    5,722   63,475    202      4     1
169  63,559  66,541  1451  1543  1889   57,700    5,171   57,700    172      4     1
170  22,921  29,401   733   941   977   55,637    5,328   55,637    232      9     1
171  43,481  90,281  1451  1583  1709   60,739    5,457   60,739    212      6     1
172  17,209  19,867   631   733   739   23,856    2,395   23,856     98      4     1
173  38,699  77,347  1223  1523  1607   70,053    6,350   70,053    266      5     1
174  26,683  59,453   947  1213  1381   84,099    7,741   84,099    290     10     1
175  12,157  27,809   601   743   757   23,082    2,317   23,082    120      6     1
176  39,703  90,659  1307  1571  1753   63,995    5,769   63,995    212      6     1
177  42,293  55,313  1123  1399  1489   76,579    6,985   76,579    258      7     1
178  26,891  81,553  1223  1229  1459   78,048    7,130   78,048    281     10     1
179  43,063  90,697  1511  1579  1637   60,935    5,480   60,935    198      6     1
180  14,891  39,079   743   827   947   45,921    4,447   45,921    210      7     1
181  78,101  93,427  1823  1873  2137   27,034    2,377   27,034    100      6     1
182  22,643  31,319   797   863  1031   58,417    5,572   58,417    252      8     1
183  59,233  99,767  1481  1901  2099   40,905    3,617   40,905    186      5     1
184  19,013  21,841   719   751   769   31,241    3,089   31,241    142      7     1
185  33,889  50,333  1061  1217  1321   82,914    7,622   82,914    324      7     1
186  12,149  29,077   587   733   821   23,422    2,349   23,422    122      8     1
187  62,563  73,951  1361  1777  1913   53,732    4,807   53,732    187      4     1
188  21,283  24,043   733   787   887   39,845    3,890   39,845    176     11     1
189  36,109  67,927  1231  1283  1553   75,452    6,870   75,452    235      6     1
190  67,807  83,003  1567  1741  2063   43,716    3,882   43,716    155      3     1
191  10,781  20,899   557   577   701   12,469    1,284   12,469     94      7     1
192  63,211  80,779  1579  1721  1879   48,936    4,364   48,936    164      5     1
193  90,997  94,477  1759  2179  2243   14,030    1,232   14,030     68      4     1
194  93,811  98,573  1877  1997  2467    7,529      659    7,529     52      6     1
195  30,203  45,247   911  1153  1301   86,296    7,976   86,296    298      8     1
196  44,851  95,203  1619  1621  1627   57,295    5,129   57,295    230      8     1
197  16,231  21,787   613   733   787   23,923    2,404   23,923    118      5     1
198  21,599  37,049   857   859  1087   67,779    6,418   67,779    278     10     1
199  37,889  82,469  1367  1493  1531   68,739    6,224   68,739    232      8     1
200  28,627  46,901  1049  1093  1171   86,534    7,994   86,534    312     10     1
201  33,997  46,691  1019  1181  1319   84,093    7,743   84,093    287      9     1
202  64,271  72,797  1459  1601  2003   53,207    4,757   53,207    162      3     1
203  27,527  54,497  1061  1123  1259   84,968    7,836   84,968    282      8     1
204  13,259  67,579   853   911  1153   77,495    7,264   77,495    332     16     1
205  63,841  72,649  1489  1663  1873   53,616    4,798   53,616    170      3     1
206  11,497  99,371   839  1153  1181   88,527    8,209   88,527    392     21     1
207  47,111  97,327  1571  1601  1823   54,144    4,843   54,144    242      6     1
208  11,717  72,019   883   911  1049   69,607    6,571   69,607    318     17     1
209  28,513  84,131  1117  1367  1571   75,989    6,924   75,989    256      8     1
210  62,563  99,929  1483  1997  2111   37,481    3,315   37,481    120      3     1
211  11,839  75,329   823  1033  1049   73,317    6,906   73,317    342     21     1
212  22,391  68,111   983  1213  1279   84,711    7,810   84,711    304     11     1
213  58,367  97,463  1669  1747  1951   43,110    3,825   43,110    138      3     1
214  26,591  32,647   809  1021  1051   72,508    6,833   72,508    294     11     1
215  91,801  94,351  1667  2113  2459   13,386    1,171   13,386     66      4     1
216  39,097  46,867  1109  1153  1433   81,650    7,491   81,650    280      7     1
217  29,429  67,619  1213  1259  1303   80,079    7,339   80,079    276      9     1
218  46,451  56,081  1217  1373  1559   73,931    6,724   73,931    288      7     1
219  49,393  77,081  1427  1493  1787   61,920    5,569   61,920    256      8     1
220  44,983  90,397  1307  1741  1787   59,328    5,330   59,328    198      5     1
221  58,099  86,467  1559  1667  1933   49,760    4,435   49,760    166      4     1
222  29,147  33,317   857  1009  1123   84,384    7,875   84,384    314     13     1
223  24,197  60,631  1087  1109  1217   85,296    7,870   85,296    308     12     1
224  17,851  61,297   971  1031  1093   89,018    8,259   89,018    330     14     1
225  25,579  31,601   769   967  1087   65,043    6,167   65,043    256      7     1
226  43,391  99,733  1447  1607  1861   56,721    5,076   56,721    219      6     1
227  12,979  20,743   547   677   727   15,899    1,619   15,899     78      4     1
228  10,007  50,951   659   853   907   38,337    3,746   38,337    168      8     1
229  10,159  13,907   431   547   599    3,658      384    3,658     28      3     1
230  38,377  40,949  1109  1153  1229   84,258    7,759   84,258    284      8     1
231  32,003  53,551  1039  1151  1433   82,829    7,616   82,829    298     11     1
232  53,089  54,287  1297  1459  1523   71,167    6,453   71,167    210      3     1
233  31,567  61,843  1109  1187  1483   80,450    7,375   80,450    280      9     1
234  25,033  36,793   881   953  1097   77,084    7,229   77,084    296     12     1
235  41,641  52,379  1091  1399  1429   78,163    7,144   78,163    303      7     1
236  20,809  41,467   809   967  1103   72,011    6,795   72,011    270      9     1
237  30,187  63,743  1019  1327  1423   80,727    7,408   80,727    270      8     1
238  69,557  85,597  1667  1867  1913   40,459    3,573   40,459    156      6     1
239  64,157  94,273  1663  1741  2089   39,518    3,494   39,518    176      4     1
240  43,271  78,179  1459  1493  1553   66,163    5,969   66,163    256      5     1
241  15,739  80,329   947  1097  1217   87,316    8,078   87,316    346     17     1
242  20,297  70,157  1049  1063  1277   85,726    7,916   85,726    300     11     1
243  27,253  45,281   953  1123  1153   87,614    8,114   87,614    319     12     1
244  26,893  77,447  1181  1277  1381   79,144    7,245   79,144    276      9     1
245  14,843  40,699   757   859   929   46,979    4,550   46,979    200      6     1
246  33,113  70,537  1129  1327  1559   76,620    6,987   76,620    252      9     1
247  65,729  84,421  1621  1709  2003   44,508    3,960   44,508    148      5     1
248  71,719  89,839  1621  1801  2207   35,569    3,146   35,569    130      5     1
249  55,721  67,901  1499  1559  1619   62,155    5,591   62,155    180      4     1
250  45,763  89,917  1399  1567  1877   58,843    5,285   58,843    196      6     1
251  52,631  99,551  1579  1637  2027   47,602    4,236   47,602    172      6     1
252  39,119  61,211  1279  1301  1439   76,035    6,928   76,035    260      6     1
253  35,363  44,201  1049  1193  1249   84,335    7,765   84,335    278      6     1
254  42,793  74,527  1291  1543  1601   68,093    6,166   68,093    232      8     1
255  26,423  86,743  1123  1367  1493   77,054    7,031   77,054    262      8     1
256  35,449  45,083  1097  1201  1213   83,986    7,729   83,986    288     10     1
257  33,533  62,459  1031  1381  1471   79,029    7,233   79,029    256      7     1
258  10,723  81,041   853   953  1069   74,857    7,036   74,857    348     20     1
259  32,429  37,889   911  1123  1201   87,668    8,120   87,668    322     14     1
260  18,077  36,523   797   821  1009   53,697    5,158   53,697    234     10     1
261  14,767  59,183   821   953  1117   71,846    6,773   71,846    304     14     1
262  46,099  72,937  1303  1489  1733   66,364    5,990   66,364    260      5     1
263  12,011  90,071   911   971  1223   89,129    8,272   89,129    396     24     1
264  77,383  80,669  1567  1931  2063   37,572    3,323   37,572    135      5     1
265  70,901  86,851  1621  1889  2011   38,420    3,398   38,420    141      6     1
266  28,099  47,087  1013  1061  1231   86,735    8,018   86,735    312     11     1
267  10,007  46,877   709   751   881   34,094    3,359   34,094    166     10     1
268  29,867  38,959   881  1049  1259   88,316    8,190   88,316    328     11     1
269  37,907  86,753  1229  1609  1663   67,100    6,067   67,100    268      7     1
270  86,539  96,757  1847  1871  2423   16,268    1,422   16,268     72      6     1
271  31,963  84,719  1223  1483  1493   72,905    6,621   72,905    294      9     1
272  57,397  66,071  1439  1579  1669   62,066    5,581   62,066    198      4     1
273  32,969  95,429  1321  1427  1669   68,522    6,204   68,522    238      9     1
274  46,691  81,971  1291  1637  1811   61,717    5,553   61,717    214      8     1
275  85,009  98,981  1699  2143  2311   15,859    1,390   15,859     66      3     1
276  19,403  39,971   761   929  1097   62,760    5,963   62,760    262      9     1
277  50,773  96,337  1511  1621  1997   51,083    4,562   51,083    204      4     1
278  43,801  55,207  1223  1319  1499   75,797    6,899   75,797    260      7     1
279  28,573  81,041  1109  1439  1451   76,819    7,007   76,819    280      8     1
280  58,789  78,887  1549  1621  1847   53,617    4,796   53,617    171      4     1
281  13,331  52,541   719   983   991   59,550    5,670   59,550    280     13     1
282  62,873  95,857  1483  1951  2083   39,731    3,510   39,731    132      4     1
283  21,503  54,907  1039  1063  1069   88,152    8,175   88,152    322     14     1
284  17,077  66,037   857  1103  1193   88,675    8,226   88,675    330     13     1
285  21,341  97,283  1021  1373  1481   79,207    7,250   79,207    295     11     1
286  15,017  32,497   683   811   881   37,618    3,678   37,618    164      8     1
287  19,211  34,267   787   829  1009   54,314    5,212   54,314    238     10     1
288  55,829  65,239  1289  1669  1693   63,570    5,730   63,570    246      5     1
289  45,307  56,857  1193  1429  1511   74,218    6,756   74,218    244      7     1
290  24,767  52,501  1063  1103  1109   86,961    8,041   86,961    322      9     1
291  63,211  65,579  1301  1783  1787   58,539    5,255   58,539    177      4     1
292  69,467  91,943  1811  1867  1889   36,131    3,186   36,131    160      4     1
293  30,427  93,059  1297  1367  1597   71,669    6,506   71,669    258      9     1
294  29,123  82,487  1129  1429  1489   75,956    6,919   75,956    314     11     1
295  37,441  81,223  1237  1553  1583   69,571    6,305   69,571    226      8     1
296  33,343  36,341   967  1061  1181   87,838    8,137   87,838    310      9     1
297  83,389  95,891  1783  2003  2239   20,038    1,761   20,038    104      3     1
298  26,987  51,043   911  1201  1259   86,184    7,961   86,184    304      7     1
299  18,269  33,521   691   907   977   49,056    4,744   49,056    224      9     1
300  26,111  91,639  1103  1453  1493   76,050    6,925   76,050    318      7     1

====================================================================================================
TIMING
====================================================================================================
search runtime              = 44.306 seconds
total runtime               = 49.334 seconds

====================================================================================================
MATHEMATICAL INTERPRETATION
====================================================================================================

The previous defect experiment appeared to produce a powerful
condition:

    a = (D-k*r1*c)/(l*r2+c)

with only ~4.3 exact division hits per anchor.

But the identity simplifies:

    D = n-k*l*r1*r2

therefore:

    D-k*r1*c
      = n-k*r1(l*r2+c)

Set:

    q = l*r2+c.

Then:

    a = n/q-k*r1.

Consequently:

    exact division
        <=>
    q | n.

So the previous "division collapse" was simply rediscovering
the divisors of n.

The present experiment asks whether the hyperbola intervals can
make that divisor search computationally sparse.

For each quotient k:

    k*r1 <= p < (k+1)*r1

and therefore:

    n/((k+1)*r1) < q <= n/(k*r1).

This produces an explicit q interval.

Instead of testing:

    n % q

for every q independently, we form:

    P_interval =
        product(q_lo ... q_hi) mod n

and compute:

    gcd(P_interval,n).

If the gcd is 1, the complete interval contains no divisor.

If the gcd is nontrivial, the interval contains at least one divisor
and is recursively split.

Thus:

    q interval
         |
         v
    batch product
         |
         v
       gcd
      /        1   nontrivial
         |
         v
      recursive
        split
         |
         v
      exact factor

The important comparison is:

    direct divisor tests
        versus
    batch gcd calls.

However, there is an equally important second comparison:

    number of q values multiplied.

A reduction in gcd calls alone does NOT mean the underlying
factorization complexity disappeared, because forming the product
still processes all candidate q values.

Therefore the experiment deliberately reports both.

A genuinely interesting result would require:

    batch gcd calls << direct tests

AND ideally:

    batch values << direct tests.

If only the gcd count collapses while the number of multiplied q
values remains essentially unchanged, then this is a batching
optimization, not a new mathematical factorization mechanism.

The experiment also gives a clean negative test:

    if every anchor requires nearly all q values to be incorporated,
    then the hyperbola interval contains no hidden sparse divisor
    structure beyond the fact that exactly one q divides n.

Every recovered candidate is finally checked with:

    p*q == n.

====================================================================================================
EXPERIMENT COMPLETE
====================================================================================================

