START EXPERIMENT 141

SUMMARY

actual_ratio	assumed_C	cases	contained	successes	failures	containment_rate	success_rate	interval_misses	N_failures	wrong_factor	avg_probes	max_probes
1.05-1.50	1.5	100	100	100	0	1.0000	1.0000	0	0	0	9.570	11
1.05-1.50	2.0	100	100	100	0	1.0000	1.0000	0	0	0	10.230	11
1.05-1.50	3.0	100	100	100	0	1.0000	1.0000	0	0	0	10.730	12
1.05-1.50	4.0	100	100	100	0	1.0000	1.0000	0	0	0	10.930	12
1.05-1.50	5.0	100	100	100	0	1.0000	1.0000	0	0	0	11.120	12
1.05-1.50	6.0	100	100	100	0	1.0000	1.0000	0	0	0	11.250	12
1.05-1.50	8.0	100	100	100	0	1.0000	1.0000	0	0	0	11.380	12
1.05-1.50	10.0	100	100	100	0	1.0000	1.0000	0	0	0	11.400	12
1.05-1.50	16.0	100	100	100	0	1.0000	1.0000	0	0	0	11.510	12
1.50-2.00	1.5	100	0	0	100	0.0000	0.0000	100	0	0	0.000	0
1.50-2.00	2.0	100	100	100	0	1.0000	1.0000	0	0	0	10.530	11
1.50-2.00	3.0	100	100	100	0	1.0000	1.0000	0	0	0	11.040	12
1.50-2.00	4.0	100	100	100	0	1.0000	1.0000	0	0	0	11.150	12
1.50-2.00	5.0	100	100	100	0	1.0000	1.0000	0	0	0	11.370	12
1.50-2.00	6.0	100	100	100	0	1.0000	1.0000	0	0	0	11.500	12
1.50-2.00	8.0	100	100	100	0	1.0000	1.0000	0	0	0	11.620	13
1.50-2.00	10.0	100	100	100	0	1.0000	1.0000	0	0	0	11.650	13
1.50-2.00	16.0	100	100	100	0	1.0000	1.0000	0	0	0	11.790	13
2.00-3.00	1.5	100	0	0	100	0.0000	0.0000	100	0	0	0.000	0
2.00-3.00	2.0	100	0	0	100	0.0000	0.0000	100	0	0	0.000	0
2.00-3.00	3.0	100	100	100	0	1.0000	1.0000	0	0	0	11.280	12
2.00-3.00	4.0	100	100	100	0	1.0000	1.0000	0	0	0	11.440	12
2.00-3.00	5.0	100	100	100	0	1.0000	1.0000	0	0	0	11.620	13
2.00-3.00	6.0	100	100	100	0	1.0000	1.0000	0	0	0	11.700	13
2.00-3.00	8.0	100	100	100	0	1.0000	1.0000	0	0	0	11.840	13
2.00-3.00	10.0	100	100	100	0	1.0000	1.0000	0	0	0	11.870	13
2.00-3.00	16.0	100	100	100	0	1.0000	1.0000	0	0	0	11.970	13
3.00-4.00	1.5	100	0	0	100	0.0000	0.0000	100	0	0	0.000	0
3.00-4.00	2.0	100	0	0	100	0.0000	0.0000	100	0	0	0.000	0
3.00-4.00	3.0	100	0	0	100	0.0000	0.0000	100	0	0	0.000	0
3.00-4.00	4.0	100	100	100	0	1.0000	1.0000	0	0	0	11.690	13
3.00-4.00	5.0	100	100	100	0	1.0000	1.0000	0	0	0	11.860	13
3.00-4.00	6.0	100	100	100	0	1.0000	1.0000	0	0	0	11.900	13
3.00-4.00	8.0	100	100	100	0	1.0000	1.0000	0	0	0	12.160	13
3.00-4.00	10.0	100	100	100	0	1.0000	1.0000	0	0	0	12.180	13
3.00-4.00	16.0	100	100	100	0	1.0000	1.0000	0	0	0	12.280	13
4.00-6.00	1.5	100	0	0	100	0.0000	0.0000	100	0	0	0.000	0
4.00-6.00	2.0	100	0	0	100	0.0000	0.0000	100	0	0	0.000	0
4.00-6.00	3.0	100	0	0	100	0.0000	0.0000	100	0	0	0.000	0
4.00-6.00	4.0	100	0	0	100	0.0000	0.0000	100	0	0	0.000	0
4.00-6.00	5.0	100	48	0	100	0.4800	0.0000	52	0	48	5.790	13
4.00-6.00	6.0	100	100	0	100	1.0000	0.0000	0	0	100	12.170	13
4.00-6.00	8.0	100	100	0	100	1.0000	0.0000	0	0	100	12.360	13
4.00-6.00	10.0	100	100	0	100	1.0000	0.0000	0	0	100	12.450	13
4.00-6.00	16.0	100	100	0	100	1.0000	0.0000	0	0	100	12.590	14
6.00-10.00	1.5	100	0	0	100	0.0000	0.0000	100	0	0	0.000	0
6.00-10.00	2.0	100	0	0	100	0.0000	0.0000	100	0	0	0.000	0
6.00-10.00	3.0	100	0	0	100	0.0000	0.0000	100	0	0	0.000	0
6.00-10.00	4.0	100	0	0	100	0.0000	0.0000	100	0	0	0.000	0
6.00-10.00	5.0	100	0	0	100	0.0000	0.0000	100	0	0	0.000	0
6.00-10.00	6.0	100	0	0	100	0.0000	0.0000	100	0	0	0.000	0
6.00-10.00	8.0	100	43	0	100	0.4300	0.0000	57	0	43	5.370	13
6.00-10.00	10.0	100	100	13	87	1.0000	0.1300	0	0	87	12.690	14
6.00-10.00	16.0	100	100	44	56	1.0000	0.4400	0	0	56	12.810	14

FIRST SUCCESSFUL N-ONLY TRACE

actual_ratio=1.401260
p=4127
q=5783
N=23866441
initial=[3455,4885]
  01: [3455,4885] mid=4170 k=4887 d=715 gcd=1 MISS OK
  02: [3455,4170] mid=3812 k=4172 d=358 gcd=4127 HIT OK
  03: [3813,4170] mid=3991 k=4172 d=179 gcd=4127 HIT OK
  04: [3992,4170] mid=4081 k=4172 d=89 gcd=4127 HIT OK
  05: [4082,4170] mid=4126 k=4172 d=44 gcd=4127 HIT OK
  06: [4127,4170] mid=4148 k=4172 d=22 gcd=1 MISS OK
  07: [4127,4148] mid=4137 k=4150 d=11 gcd=1 MISS OK
  08: [4127,4137] mid=4132 k=4139 d=5 gcd=1 MISS OK
  09: [4127,4132] mid=4129 k=4134 d=3 gcd=1 MISS OK
  10: [4127,4129] mid=4128 k=4131 d=1 gcd=1 MISS OK
  11: [4127,4128] mid=4127 k=4130 d=1 gcd=1 MISS OK

runtime_seconds=2.758554

FINISHED EXPERIMENT 141
