START EXPERIMENT 438
PRIME_LIMIT=10000
K_LIMIT=3000
M_MAX=64
PRIME_COUNT=1229

TOTAL_EXCEPTIONAL_POINTS=1364
M5_POINTS=1323
M7_POINTS=41
M5_PRIME_COUNT=720
M7_PRIME_COUNT=214

RUNS
M5_RUN_COUNT=25
M7_RUN_COUNT=1
M5_MAX_RUN=298
M7_MAX_RUN=41

M5_STRUCTURE
M5_K_LESS_T=472
M5_K_EQUAL_T=0
M5_K_GREATER_T=851
M5_SIGN_PLUS=446
M5_SIGN_MINUS=877
M5_GCD_K_VALUE_GT1=446

M7_STRUCTURE
M7_K_LESS_T=22
M7_K_EQUAL_T=0
M7_K_GREATER_T=19
M7_SIGN_PLUS=18
M7_SIGN_MINUS=23
M7_GCD_K_VALUE_GT1=18

MARGIN
M5_MARGIN_POSITIVE=1323
M7_MARGIN_POSITIVE=41
M5_MARGIN_SUM=252336
M7_MARGIN_SUM=3611

M5_K_HISTOGRAM
32 1
72 1
73 2
74 2
75 2
76 2
77 2
78 2
79 2
80 1
81 1
82 1
83 1
84 1
85 1
86 1
87 1
88 1
94 1
95 1
96 1
97 1
98 1
111 1
112 1
113 1
114 1
115 1
116 1
117 1
118 1
119 1
120 1
121 1
122 1
123 2
124 2
125 2
126 3
127 3
128 3
129 3
130 3
131 3
132 4
133 4
134 4
135 4
136 4
137 4
138 4
139 4
140 4
141 4
142 4
143 4
144 4
145 4
146 5
147 5
148 5
149 5
150 5
151 5
152 5
153 6
154 6
155 5
156 6
157 6
158 6
159 6
160 5
161 6
162 6
163 5
164 5
165 5
166 5
167 5
168 5
169 5
170 5
171 5
172 5
173 5
174 5
175 5
176 5
177 4
178 4
179 3
180 3
181 3
182 3
183 3
184 3
185 3
186 3
187 3
188 3
189 4
190 4
191 4
192 4
193 4
194 4
195 4
196 4
197 4
198 5
199 5
200 5
201 5
202 5
203 5
204 5
205 5
206 5
207 5
208 5
209 5
210 5
211 5
212 5
213 5
214 5
215 5
216 5
217 5
218 5
219 5
220 5
221 5
222 5
223 5
224 6
225 6
226 6
227 6
228 6
229 5
230 5
231 5
232 5
233 5
234 5
235 5
236 5
237 5
238 5
239 5
240 5
241 5
242 5
243 5
244 5
245 5
246 5
247 4
248 4
249 4
250 4
251 4
252 4
253 4
254 4
255 4
256 4
257 4
258 4
259 4
260 4
261 4
262 4
263 4
264 5
265 5
266 5
267 5
268 5
269 5
270 5
271 5
272 5
273 4
274 4
275 4
276 4
277 4
278 4
279 4
280 4
281 4
282 5
283 5
284 5
285 5
286 5
287 5
288 5
289 5
290 5
291 5
292 6
293 5
294 5
295 4
296 4
297 4
298 4
299 3
300 3
301 3
302 3
303 3
304 3
305 3
306 3
307 3
308 3
309 3
310 3
311 3
312 3
313 2
314 2
315 2
316 2
317 2
318 2
319 2
320 2
321 3
322 3
323 3
324 3
325 3
326 3
327 3
328 3
329 3
330 3
331 3
332 3
333 3
334 3
335 3
336 3
337 2
338 2
339 2
340 2
341 2
342 2
343 2
344 2
345 2
346 1
347 1
348 1
349 1
350 1
351 1
352 1
353 1
354 1
355 1
356 1
357 1
358 1
359 1
360 1
361 1
362 1
363 1
364 1
365 1
366 1
367 1
368 1
369 1
370 1
371 1
372 1
373 1
374 1
375 1
376 1
377 1
378 2
379 2
380 2
381 2
382 2
383 2
384 2
385 2
386 2
387 2
388 2
389 2
390 2
391 2
392 2
393 2
394 2
395 2
396 2
397 2
398 2
399 2
400 2
401 2
402 2
403 2
404 2
405 2
406 2
407 2
408 2
409 2
410 2
411 2
412 2
413 2
414 2
415 2
416 2
417 2
418 2
419 2
420 2
421 1
422 1
423 2
424 2
425 2
426 2
427 2
428 2
429 2
430 2
431 2
432 2
433 2
434 2
435 2
436 2
437 2
438 2
439 2
440 2
441 2
442 2
443 2
444 2
445 2
446 2
447 2
448 2
449 2
450 2
451 2
452 2
453 2
454 2
455 2
456 2
457 2
458 2
459 2
460 2
461 2
462 2
463 2
464 2
465 2
466 2
467 2
468 2
469 2
470 2
471 2
472 2
473 2
474 2
475 2
476 2
477 2
478 2
479 2
480 2
481 2
482 2
483 2
484 2
485 2
486 2
487 2
488 2
489 2
490 2
491 2
492 2
493 2
494 2
495 1
496 1
497 1
498 1
584 1
585 1
586 1
587 1
588 1
589 1
590 1
591 1
592 1
593 1
594 1
595 1
596 1
597 1
598 1
599 1
600 1
601 1
602 1
603 1
604 1
605 1
606 1
607 1
608 1
609 1
610 1
611 1
612 1
613 1
614 1
615 1
616 1
617 1
618 1
619 1
620 1
621 1
622 1
623 1
624 1
625 1
626 1
627 1
628 1
629 1
630 1
631 1
632 1
633 1
634 1
635 1
636 1
637 1
638 1
639 1
640 1
641 1
642 1
643 1
644 1
645 1
646 1
647 1
648 1
649 1
650 1
651 1
652 1
653 1
654 1
655 1
656 1
657 1
658 1
1512 1
1513 1
1514 1
1515 1
1516 1
1517 1
1518 1
1519 1
1520 1
1521 1
1522 1
1523 1
1524 1
1525 1
1526 1
1527 1

M7_K_HISTOGRAM
222 1
223 1
224 1
225 1
226 1
227 1
228 1
229 1
230 1
231 1
232 1
233 1
234 1
235 1
236 1
237 1
238 1
239 1
240 1
241 1
242 1
243 1
244 1
245 1
246 1
247 1
248 1
249 1
250 1
251 1
252 1
253 1
254 1
255 1
256 1
257 1
258 1
259 1
260 1
261 1
262 1

M5_K_VALUE_HISTOGRAM
32 1
72 5
73 6
77 7
79 1
84 4
88 1
94 4
98 1
111 1
112 14
123 9
126 11
131 33
132 40
138 17
144 10
146 12
153 24
154 24
156 16
158 2
161 2
164 82
168 8
172 10
176 13
182 76
189 34
198 63
214 33
216 15
224 5
231 36
243 30
246 41
252 12
258 15
264 62
273 28
282 13
287 21
292 24
297 2
301 12
308 113
316 30
321 16
378 18
396 36
423 18
432 30
441 54
462 37
584 48
632 27
1512 16

M7_K_VALUE_HISTOGRAM
222 10
232 12
244 11
255 8

M5_T_HISTOGRAM
32 16
72 37
73 27
77 30
79 48
84 36
88 18
94 54
98 18
111 29
112 2
123 113
126 49
131 15
132 50
138 6
144 21
146 30
153 13
154 56
156 12
158 24
161 5
164 48
168 18
172 28
176 9
182 15
189 46
198 38
214 25
216 14
224 2
231 77
243 45
246 10
252 12
258 76
264 7
273 10
282 24
287 22
292 2
297 14
301 16
308 9
316 12
321 5
378 1
396 4
423 1
432 7
441 4
462 5
584 1
632 6
1512 1

M7_T_HISTOGRAM
222 8
232 11
244 12
255 10

M5_MARGIN_HISTOGRAM
1 1
3 20
6 21
7 31
9 1
11 63
16 5
17 36
22 58
27 24
29 6
31 7
32 9
33 9
38 12
41 21
42 22
44 15
49 16
52 4
57 1
59 6
64 11
74 7
83 42
87 45
89 90
101 25
131 28
137 67
139 62
143 7
153 13
161 10
163 6
166 27
171 14
179 7
181 8
183 16
201 33
227 8
233 41
239 2
251 7
259 3
267 30
271 21
331 12
353 37
377 21
397 12
469 33
503 113
541 15
593 15
631 23
667 2
683 22

M7_MARGIN_HISTOGRAM
27 10
67 12
115 11
159 8

FIRST_EXCEPTIONAL_POINTS
POINT=1 PRIME=3643 K=132
WINNER=(m=5,k=132,t=138,sign=+1,value=18216)
ALLOWED=(m=2,k=47,t=155,sign=-1,value=7285)
POINT=2 PRIME=3643 K=133
WINNER=(m=5,k=132,t=138,sign=+1,value=18216)
ALLOWED=(m=2,k=47,t=155,sign=-1,value=7285)
POINT=3 PRIME=3643 K=134
WINNER=(m=5,k=132,t=138,sign=+1,value=18216)
ALLOWED=(m=2,k=47,t=155,sign=-1,value=7285)
POINT=4 PRIME=3643 K=135
WINNER=(m=5,k=132,t=138,sign=+1,value=18216)
ALLOWED=(m=2,k=47,t=155,sign=-1,value=7285)
POINT=5 PRIME=3643 K=136
WINNER=(m=5,k=132,t=138,sign=+1,value=18216)
ALLOWED=(m=2,k=47,t=155,sign=-1,value=7285)
POINT=6 PRIME=3643 K=137
WINNER=(m=5,k=132,t=138,sign=+1,value=18216)
ALLOWED=(m=2,k=47,t=155,sign=-1,value=7285)
POINT=7 PRIME=3643 K=138
WINNER=(m=5,k=138,t=132,sign=+1,value=18216)
ALLOWED=(m=2,k=47,t=155,sign=-1,value=7285)
POINT=8 PRIME=3643 K=139
WINNER=(m=5,k=138,t=132,sign=+1,value=18216)
ALLOWED=(m=2,k=47,t=155,sign=-1,value=7285)
POINT=9 PRIME=3643 K=140
WINNER=(m=5,k=138,t=132,sign=+1,value=18216)
ALLOWED=(m=2,k=47,t=155,sign=-1,value=7285)
POINT=10 PRIME=3643 K=141
WINNER=(m=5,k=138,t=132,sign=+1,value=18216)
ALLOWED=(m=2,k=47,t=155,sign=-1,value=7285)

FINISHED EXPERIMENT 438
