====================================================================================================
THREE-MODULUS DISCRIMINANT / SUM-OF-FACTORS RECOVERY EXPERIMENT
====================================================================================================
M                         = 111,546,435
factor range             = 10,000 - 100,000
actual anchors            = 300
modulus prime range      = 300 - 3,000
close ratio              = 20%
seed                      = 1,511,464,998

====================================================================================================
BUILDING PRIME POOLS
====================================================================================================
factor primes             = 8,363
modulus primes            = 368
actual anchors            = 300

====================================================================================================
BUILDING QUADRATIC-RESIDUE TABLES
====================================================================================================
done

====================================================================================================
SELECTING MAXIMUM-PRODUCT CLOSE PRIME TRIPLES
====================================================================================================
anchor  25/300
anchor  50/300
anchor  75/300
anchor 100/300
anchor 125/300
anchor 150/300
anchor 175/300
anchor 200/300
anchor 225/300
anchor 250/300
anchor 275/300
anchor 300/300

====================================================================================================
DIRECT RECOVERY
====================================================================================================
anchor  25/300
anchor  50/300
anchor  75/300
anchor 100/300
anchor 125/300
anchor 150/300
anchor 175/300
anchor 200/300
anchor 225/300
anchor 250/300
anchor 275/300
anchor 300/300

====================================================================================================
SANITY CHECK
====================================================================================================
recovery failures         = 0
recovered correctly       = 300/300

====================================================================================================
GLOBAL SEARCH REDUCTION
====================================================================================================
baseline s candidates     = 15,104,868
after mod-4               = 7,552,438
after r1 QR filter        = 3,776,209
after r1+r2 QR filters    = 1,888,312
after r1+r2+r3 filters    = 944,649
exact square solutions     = 300

mod-4 reduction           = 50.0000%
r1 reduction              = 50.0001%
r2 additional reduction   = 49.9945%
r3 additional reduction   = 49.9739%
TOTAL modular reduction   = 93.7461%

====================================================================================================
MEAN CANDIDATE COUNTS PER ANCHOR
====================================================================================================
baseline                   = 50349.560
after mod-4                = 25174.793
after r1                   = 12587.363
after r1+r2               = 6294.373
after r1+r2+r3           = 3148.830

====================================================================================================
SELECTED MODULUS TRIPLES
====================================================================================================
mean R/n                  = 0.9999544233
minimum R/n              = 0.9993296189
maximum R/n              = 0.9999999309

====================================================================================================
RECOVERY QUALITY
====================================================================================================
anchors correctly recovered = 300/300
anchors with exactly one perfect-square candidate = 300/300
anchors needing <=1 exact square check after filters = 0/300

====================================================================================================
FINAL MODULAR FILTER LOAD
====================================================================================================
r1+r2+r3 candidates =  141 anchors =    1
r1+r2+r3 candidates =  191 anchors =    1
r1+r2+r3 candidates =  251 anchors =    1
r1+r2+r3 candidates =  277 anchors =    1
r1+r2+r3 candidates =  438 anchors =    1
r1+r2+r3 candidates =  449 anchors =    1
r1+r2+r3 candidates =  523 anchors =    1
r1+r2+r3 candidates =  529 anchors =    1
r1+r2+r3 candidates =  531 anchors =    1
r1+r2+r3 candidates =  534 anchors =    1
r1+r2+r3 candidates =  696 anchors =    1
r1+r2+r3 candidates =  703 anchors =    1
r1+r2+r3 candidates =  857 anchors =    1
r1+r2+r3 candidates =  902 anchors =    1
r1+r2+r3 candidates =  941 anchors =    1
r1+r2+r3 candidates =  943 anchors =    1
r1+r2+r3 candidates = 1126 anchors =    1
r1+r2+r3 candidates = 1128 anchors =    1
r1+r2+r3 candidates = 1211 anchors =    1
r1+r2+r3 candidates = 1216 anchors =    1
r1+r2+r3 candidates = 1256 anchors =    1
r1+r2+r3 candidates = 1293 anchors =    1
r1+r2+r3 candidates = 1303 anchors =    1
r1+r2+r3 candidates = 1315 anchors =    1
r1+r2+r3 candidates = 1336 anchors =    1
r1+r2+r3 candidates = 1361 anchors =    1
r1+r2+r3 candidates = 1368 anchors =    1
r1+r2+r3 candidates = 1403 anchors =    1
r1+r2+r3 candidates = 1408 anchors =    1
r1+r2+r3 candidates = 1415 anchors =    1
r1+r2+r3 candidates = 1419 anchors =    1
r1+r2+r3 candidates = 1460 anchors =    1
r1+r2+r3 candidates = 1493 anchors =    1
r1+r2+r3 candidates = 1517 anchors =    1
r1+r2+r3 candidates = 1524 anchors =    1
r1+r2+r3 candidates = 1536 anchors =    1
r1+r2+r3 candidates = 1540 anchors =    1
r1+r2+r3 candidates = 1542 anchors =    1
r1+r2+r3 candidates = 1583 anchors =    1
r1+r2+r3 candidates = 1608 anchors =    1
r1+r2+r3 candidates = 1621 anchors =    1
r1+r2+r3 candidates = 1624 anchors =    1
r1+r2+r3 candidates = 1654 anchors =    1
r1+r2+r3 candidates = 1665 anchors =    1
r1+r2+r3 candidates = 1689 anchors =    1
r1+r2+r3 candidates = 1718 anchors =    1
r1+r2+r3 candidates = 1720 anchors =    1
r1+r2+r3 candidates = 1768 anchors =    1
r1+r2+r3 candidates = 1793 anchors =    1
r1+r2+r3 candidates = 1814 anchors =    1
r1+r2+r3 candidates = 1824 anchors =    1
r1+r2+r3 candidates = 1853 anchors =    1
r1+r2+r3 candidates = 1865 anchors =    1
r1+r2+r3 candidates = 1937 anchors =    1
r1+r2+r3 candidates = 1965 anchors =    1
r1+r2+r3 candidates = 1967 anchors =    1
r1+r2+r3 candidates = 1981 anchors =    1
r1+r2+r3 candidates = 1984 anchors =    1
r1+r2+r3 candidates = 1985 anchors =    1
r1+r2+r3 candidates = 2001 anchors =    1
r1+r2+r3 candidates = 2005 anchors =    1
r1+r2+r3 candidates = 2017 anchors =    1
r1+r2+r3 candidates = 2020 anchors =    1
r1+r2+r3 candidates = 2031 anchors =    1
r1+r2+r3 candidates = 2048 anchors =    1
r1+r2+r3 candidates = 2110 anchors =    1
r1+r2+r3 candidates = 2124 anchors =    1
r1+r2+r3 candidates = 2137 anchors =    1
r1+r2+r3 candidates = 2153 anchors =    1
r1+r2+r3 candidates = 2166 anchors =    1
r1+r2+r3 candidates = 2185 anchors =    2
r1+r2+r3 candidates = 2200 anchors =    1
r1+r2+r3 candidates = 2207 anchors =    1
r1+r2+r3 candidates = 2229 anchors =    1
r1+r2+r3 candidates = 2231 anchors =    1
r1+r2+r3 candidates = 2249 anchors =    1
r1+r2+r3 candidates = 2261 anchors =    1
r1+r2+r3 candidates = 2262 anchors =    1
r1+r2+r3 candidates = 2282 anchors =    1
r1+r2+r3 candidates = 2301 anchors =    1
r1+r2+r3 candidates = 2305 anchors =    1
r1+r2+r3 candidates = 2371 anchors =    1
r1+r2+r3 candidates = 2388 anchors =    2
r1+r2+r3 candidates = 2390 anchors =    1
r1+r2+r3 candidates = 2391 anchors =    1
r1+r2+r3 candidates = 2394 anchors =    1
r1+r2+r3 candidates = 2403 anchors =    1
r1+r2+r3 candidates = 2407 anchors =    1
r1+r2+r3 candidates = 2422 anchors =    1
r1+r2+r3 candidates = 2461 anchors =    1
r1+r2+r3 candidates = 2464 anchors =    1
r1+r2+r3 candidates = 2474 anchors =    1
r1+r2+r3 candidates = 2493 anchors =    1
r1+r2+r3 candidates = 2496 anchors =    1
r1+r2+r3 candidates = 2510 anchors =    1
r1+r2+r3 candidates = 2512 anchors =    2
r1+r2+r3 candidates = 2550 anchors =    1
r1+r2+r3 candidates = 2597 anchors =    1
r1+r2+r3 candidates = 2615 anchors =    1
r1+r2+r3 candidates = 2619 anchors =    1
r1+r2+r3 candidates = 2621 anchors =    1
r1+r2+r3 candidates = 2639 anchors =    1
r1+r2+r3 candidates = 2659 anchors =    1
r1+r2+r3 candidates = 2675 anchors =    1
r1+r2+r3 candidates = 2686 anchors =    1
r1+r2+r3 candidates = 2708 anchors =    1
r1+r2+r3 candidates = 2742 anchors =    1
r1+r2+r3 candidates = 2745 anchors =    1
r1+r2+r3 candidates = 2753 anchors =    1
r1+r2+r3 candidates = 2755 anchors =    1
r1+r2+r3 candidates = 2757 anchors =    1
r1+r2+r3 candidates = 2774 anchors =    1
r1+r2+r3 candidates = 2780 anchors =    1
r1+r2+r3 candidates = 2788 anchors =    1
r1+r2+r3 candidates = 2797 anchors =    1
r1+r2+r3 candidates = 2847 anchors =    1
r1+r2+r3 candidates = 2853 anchors =    1
r1+r2+r3 candidates = 2854 anchors =    1
r1+r2+r3 candidates = 2884 anchors =    1
r1+r2+r3 candidates = 2902 anchors =    2
r1+r2+r3 candidates = 2927 anchors =    1
r1+r2+r3 candidates = 2935 anchors =    1
r1+r2+r3 candidates = 2955 anchors =    1
r1+r2+r3 candidates = 2963 anchors =    1
r1+r2+r3 candidates = 2980 anchors =    1
r1+r2+r3 candidates = 3006 anchors =    1
r1+r2+r3 candidates = 3051 anchors =    1
r1+r2+r3 candidates = 3057 anchors =    1
r1+r2+r3 candidates = 3064 anchors =    1
r1+r2+r3 candidates = 3067 anchors =    1
r1+r2+r3 candidates = 3069 anchors =    1
r1+r2+r3 candidates = 3071 anchors =    1
r1+r2+r3 candidates = 3080 anchors =    1
r1+r2+r3 candidates = 3093 anchors =    1
r1+r2+r3 candidates = 3108 anchors =    1
r1+r2+r3 candidates = 3129 anchors =    1
r1+r2+r3 candidates = 3145 anchors =    1
r1+r2+r3 candidates = 3180 anchors =    1
r1+r2+r3 candidates = 3195 anchors =    1
r1+r2+r3 candidates = 3198 anchors =    1
r1+r2+r3 candidates = 3205 anchors =    1
r1+r2+r3 candidates = 3206 anchors =    1
r1+r2+r3 candidates = 3231 anchors =    1
r1+r2+r3 candidates = 3254 anchors =    1
r1+r2+r3 candidates = 3261 anchors =    1
r1+r2+r3 candidates = 3263 anchors =    1
r1+r2+r3 candidates = 3271 anchors =    1
r1+r2+r3 candidates = 3276 anchors =    1
r1+r2+r3 candidates = 3285 anchors =    1
r1+r2+r3 candidates = 3307 anchors =    1
r1+r2+r3 candidates = 3358 anchors =    1
r1+r2+r3 candidates = 3370 anchors =    1
r1+r2+r3 candidates = 3373 anchors =    1
r1+r2+r3 candidates = 3374 anchors =    1
r1+r2+r3 candidates = 3384 anchors =    1
r1+r2+r3 candidates = 3399 anchors =    1
r1+r2+r3 candidates = 3404 anchors =    1
r1+r2+r3 candidates = 3428 anchors =    1
r1+r2+r3 candidates = 3443 anchors =    1
r1+r2+r3 candidates = 3450 anchors =    1
r1+r2+r3 candidates = 3464 anchors =    1
r1+r2+r3 candidates = 3480 anchors =    1
r1+r2+r3 candidates = 3494 anchors =    1
r1+r2+r3 candidates = 3505 anchors =    1
r1+r2+r3 candidates = 3524 anchors =    1
r1+r2+r3 candidates = 3535 anchors =    1
r1+r2+r3 candidates = 3537 anchors =    1
r1+r2+r3 candidates = 3561 anchors =    2
r1+r2+r3 candidates = 3567 anchors =    1
r1+r2+r3 candidates = 3576 anchors =    1
r1+r2+r3 candidates = 3598 anchors =    1
r1+r2+r3 candidates = 3635 anchors =    1
r1+r2+r3 candidates = 3650 anchors =    1
r1+r2+r3 candidates = 3662 anchors =    2
r1+r2+r3 candidates = 3664 anchors =    1
r1+r2+r3 candidates = 3679 anchors =    1
r1+r2+r3 candidates = 3764 anchors =    1
r1+r2+r3 candidates = 3766 anchors =    1
r1+r2+r3 candidates = 3781 anchors =    1
r1+r2+r3 candidates = 3788 anchors =    1
r1+r2+r3 candidates = 3791 anchors =    1
r1+r2+r3 candidates = 3796 anchors =    1
r1+r2+r3 candidates = 3799 anchors =    1
r1+r2+r3 candidates = 3823 anchors =    1
r1+r2+r3 candidates = 3827 anchors =    1
r1+r2+r3 candidates = 3832 anchors =    1
r1+r2+r3 candidates = 3834 anchors =    2
r1+r2+r3 candidates = 3849 anchors =    1
r1+r2+r3 candidates = 3863 anchors =    1
r1+r2+r3 candidates = 3879 anchors =    1
r1+r2+r3 candidates = 3885 anchors =    1
r1+r2+r3 candidates = 3898 anchors =    1
r1+r2+r3 candidates = 3905 anchors =    1
r1+r2+r3 candidates = 3907 anchors =    1
r1+r2+r3 candidates = 3908 anchors =    1
r1+r2+r3 candidates = 3913 anchors =    1
r1+r2+r3 candidates = 3924 anchors =    1
r1+r2+r3 candidates = 3930 anchors =    1
r1+r2+r3 candidates = 3934 anchors =    1
r1+r2+r3 candidates = 3936 anchors =    1
r1+r2+r3 candidates = 3941 anchors =    1
r1+r2+r3 candidates = 3950 anchors =    1
r1+r2+r3 candidates = 3968 anchors =    1
r1+r2+r3 candidates = 3971 anchors =    1
r1+r2+r3 candidates = 3975 anchors =    1
r1+r2+r3 candidates = 4022 anchors =    1
r1+r2+r3 candidates = 4024 anchors =    1
r1+r2+r3 candidates = 4027 anchors =    1
r1+r2+r3 candidates = 4049 anchors =    1
r1+r2+r3 candidates = 4065 anchors =    1
r1+r2+r3 candidates = 4073 anchors =    1
r1+r2+r3 candidates = 4094 anchors =    1
r1+r2+r3 candidates = 4111 anchors =    1
r1+r2+r3 candidates = 4112 anchors =    1
r1+r2+r3 candidates = 4115 anchors =    1
r1+r2+r3 candidates = 4120 anchors =    1
r1+r2+r3 candidates = 4121 anchors =    1
r1+r2+r3 candidates = 4124 anchors =    1
r1+r2+r3 candidates = 4125 anchors =    1
r1+r2+r3 candidates = 4128 anchors =    1
r1+r2+r3 candidates = 4130 anchors =    1
r1+r2+r3 candidates = 4137 anchors =    1
r1+r2+r3 candidates = 4147 anchors =    1
r1+r2+r3 candidates = 4170 anchors =    1
r1+r2+r3 candidates = 4171 anchors =    1
r1+r2+r3 candidates = 4172 anchors =    1
r1+r2+r3 candidates = 4182 anchors =    1
r1+r2+r3 candidates = 4221 anchors =    1
r1+r2+r3 candidates = 4250 anchors =    1
r1+r2+r3 candidates = 4269 anchors =    1
r1+r2+r3 candidates = 4299 anchors =    1
r1+r2+r3 candidates = 4310 anchors =    1
r1+r2+r3 candidates = 4311 anchors =    1
r1+r2+r3 candidates = 4316 anchors =    1
r1+r2+r3 candidates = 4321 anchors =    1
r1+r2+r3 candidates = 4355 anchors =    1
r1+r2+r3 candidates = 4362 anchors =    1
r1+r2+r3 candidates = 4366 anchors =    1
r1+r2+r3 candidates = 4370 anchors =    1
r1+r2+r3 candidates = 4387 anchors =    1
r1+r2+r3 candidates = 4395 anchors =    1
r1+r2+r3 candidates = 4412 anchors =    1
r1+r2+r3 candidates = 4420 anchors =    1
r1+r2+r3 candidates = 4422 anchors =    1
r1+r2+r3 candidates = 4434 anchors =    1
r1+r2+r3 candidates = 4435 anchors =    1
r1+r2+r3 candidates = 4448 anchors =    1
r1+r2+r3 candidates = 4464 anchors =    2
r1+r2+r3 candidates = 4483 anchors =    1
r1+r2+r3 candidates = 4490 anchors =    1
r1+r2+r3 candidates = 4512 anchors =    1
r1+r2+r3 candidates = 4526 anchors =    1
r1+r2+r3 candidates = 4527 anchors =    1
r1+r2+r3 candidates = 4529 anchors =    1
r1+r2+r3 candidates = 4530 anchors =    1
r1+r2+r3 candidates = 4551 anchors =    2
r1+r2+r3 candidates = 4579 anchors =    2
r1+r2+r3 candidates = 4592 anchors =    1
r1+r2+r3 candidates = 4644 anchors =    1
r1+r2+r3 candidates = 4652 anchors =    2
r1+r2+r3 candidates = 4673 anchors =    1
r1+r2+r3 candidates = 4706 anchors =    1
r1+r2+r3 candidates = 4721 anchors =    1
r1+r2+r3 candidates = 4726 anchors =    1
r1+r2+r3 candidates = 4735 anchors =    1
r1+r2+r3 candidates = 4743 anchors =    1
r1+r2+r3 candidates = 4758 anchors =    1
r1+r2+r3 candidates = 4791 anchors =    1
r1+r2+r3 candidates = 4798 anchors =    1
r1+r2+r3 candidates = 4877 anchors =    1
r1+r2+r3 candidates = 4887 anchors =    1
r1+r2+r3 candidates = 4902 anchors =    1
r1+r2+r3 candidates = 4917 anchors =    1
r1+r2+r3 candidates = 4942 anchors =    1
r1+r2+r3 candidates = 4967 anchors =    1
r1+r2+r3 candidates = 4992 anchors =    1
r1+r2+r3 candidates = 5049 anchors =    1
r1+r2+r3 candidates = 5081 anchors =    2
r1+r2+r3 candidates = 5089 anchors =    1
r1+r2+r3 candidates = 5146 anchors =    1
r1+r2+r3 candidates = 5156 anchors =    1
r1+r2+r3 candidates = 5242 anchors =    1
r1+r2+r3 candidates = 5258 anchors =    1
r1+r2+r3 candidates = 5269 anchors =    1
r1+r2+r3 candidates = 5293 anchors =    1
r1+r2+r3 candidates = 5364 anchors =    1
r1+r2+r3 candidates = 5439 anchors =    1
r1+r2+r3 candidates = 5479 anchors =    1

====================================================================================================
ANCHOR RESULTS
====================================================================================================
 ID        p        q        r1      r2      r3         R/n  BASE   MOD4   QR1   QR2   QR3   EXACT
----------------------------------------------------------------------------------------------------
  1   14,821   45,491      827      887      919  0.999865653  74035  37018 18522  9216  4644      1
  2   92,987   97,673    1,951    2,081    2,237  0.999996707   4699   2350  1179   566   277      1
  3   30,293   44,483    1,039    1,087    1,193  0.999882993  63292  31646 15834  7912  3941      1
  4   67,819   83,417    1,723    1,753    1,873  0.999997749  24786  12393  6193  3096  1517      1
  5   11,161   77,591      911      967      983  0.999962956  70573  35287 17663  8926  4420      1
  6   61,583   92,893    1,723    1,741    1,907  0.999979073  24366  12183  6088  3095  1540      1
  7   61,603   92,893    1,597    1,879    1,907  0.999994331  24353  12177  6092  3041  1493      1
  8   70,607   95,773    1,783    1,871    2,027  0.999972435  17768   8884  4448  2243  1126      1
  9   18,121   83,233    1,087    1,129    1,229  0.999994612  61164  30582 15296  7632  3905      1
 10   51,853   70,459    1,433    1,567    1,627  0.999982447  39556  19778  9909  4962  2474      1
 11   12,401   17,569      557      599      653  0.999980310  85240  42620 21267 10656  5258      1
 12   59,219   89,527    1,601    1,753    1,889  0.999977216  27188  13594  6779  3359  1665      1
 13   49,549   78,317    1,499    1,597    1,621  0.999996838  37707  18853  9403  4715  2388      1
 14   46,831   55,901    1,259    1,433    1,451  0.999968511  48835  24418 12214  6094  3051      1
 15   38,861   38,959    1,093    1,109    1,249  0.999982440  61091  30546 15283  7713  3913      1
 16   25,057   98,479    1,217    1,409    1,439  0.999976197  50326  25163 12570  6303  3108      1
 17   54,101   98,893    1,669    1,697    1,889  0.999998371  26855  13427  6715  3399  1720      1
 18   13,451   81,649      983    1,051    1,063  0.999963287  66860  33430 16698  8304  4125      1
 19   51,797   82,153    1,511    1,601    1,759  0.999985267  34768  17384  8700  4394  2200      1
 20   13,913   26,393      691      719      739  0.999866075  80838  40419 20174 10098  5049      1
 21   52,387   65,353    1,429    1,489    1,609  0.999985985  41489  20745 10370  5204  2615      1
 22   32,141   63,211    1,153    1,289    1,367  0.999996992  54927  27464 13719  6796  3370      1
 23   17,393   98,899    1,151    1,187    1,259  0.999966326  58526  29263 14620  7264  3635      1
 24   67,493   69,911    1,613    1,663    1,759  0.999972851  31309  15655  7822  3956  1981      1
 25   20,327   57,587    1,019    1,051    1,093  0.999998435  65787  32893 16431  8201  4137      1
 26   75,553   83,443    1,753    1,783    2,017  0.999994322  20600  10300  5144  2588  1303      1
 27   44,021   64,969    1,307    1,409    1,553  0.999981465  46522  23261 11621  5767  2935      1
 28   49,139   63,617    1,367    1,423    1,607  0.999976496  44089  22045 11006  5529  2797      1
 29   34,327   76,651    1,231    1,453    1,471  0.999960085  48705  24352 12189  6030  3006      1
 30   11,897   33,049      673      733      797  0.999957577  80172  40086 20004  9988  4967      1
 31   53,939   55,817    1,399    1,453    1,481  0.999928636  45131  22566 11277  5674  2853      1
 32   84,299   99,347    1,873    1,997    2,239  0.999983320   8486   4243  2101  1055   534      1
 33   17,093   99,611    1,097    1,193    1,301  0.999997180  58737  29369 14693  7485  3781      1
 34   25,747   39,227      941    1,033    1,039  0.999985641  68220  34110 17070  8559  4250      1
 35   61,129   98,729    1,723    1,831    1,913  0.999992084  22314  11157  5574  2791  1368      1
 36   46,103   60,271    1,279    1,459    1,489  0.999960742  47287  23643 11838  5915  2955      1
 37   12,497   47,791      811      857      859  0.999638449  75562  37781 18874  9456  4743      1
 38   69,911   95,239    1,697    1,951    2,011  0.999978912  18402   9201  4605  2304  1128      1
 39   38,713   51,203    1,213    1,237    1,321  0.999956444  55478  27739 13848  6938  3535      1
 40   14,821   32,411      727      797      829  0.999947790  78083  39042 19558  9761  4877      1
 41   51,197   92,369    1,571    1,723    1,747  0.999962267  31233  15616  7810  3879  1967      1
 42   42,227   43,411    1,153    1,163    1,367  0.999971260  57186  28593 14284  7172  3505      1
 43   25,013   46,819    1,009    1,039    1,117  0.999935461  65779  32890 16422  8251  4115      1
 44   36,677   37,871    1,033    1,087    1,237  0.999997667  62731  31366 15662  7775  3863      1
 45   30,517   30,977      937      971    1,039  0.999984285  69254  34627 17335  8629  4311      1
 46   16,607   65,843      941    1,069    1,087  0.999990966  66933  33466 16722  8362  4128      1
 47   15,803   69,029      941    1,051    1,103  0.999992470  66972  33486 16752  8362  4147      1
 48   16,619   86,311    1,039    1,163    1,187  0.999942310  62127  31063 15507  7817  3898      1
 49   96,221   97,499    2,039    2,137    2,153  0.999990215   3143   1572   776   376   191      1
 50   22,171   89,513    1,187    1,223    1,367  0.999940816  55452  27726 13872  6939  3494      1
 51   15,959   16,931      593      673      677  0.999931251  83563  41781 20934 10497  5269      1
 52   23,549   55,163    1,031    1,049    1,201  0.999900566  63958  31979 16003  8022  4022      1
 53   55,373   81,931    1,609    1,627    1,733  0.999990446  32645  16323  8153  4039  2048      1
 54   14,867   99,349    1,031    1,181    1,213  0.999959757  61568  30784 15378  7667  3849      1
 55   35,729   51,199    1,153    1,201    1,321  0.999983404  57230  28615 14322  7130  3561      1
 56   55,291   66,383    1,409    1,607    1,621  0.999996695  39417  19708  9859  4912  2464      1
 57   24,877   96,731    1,223    1,373    1,433  0.999952800  50946  25473 12733  6365  3205      1
 58   22,567   31,277      811      919      947  0.999971047  73433  36717 18330  9073  4529      1
 59   21,193   22,679      701      827      829  0.999911858  78077  39039 19551  9728  4902      1
 60   79,111   93,553    1,811    1,907    2,143  0.999992451  13971   6986  3499  1753   902      1
 61   12,941   96,461    1,033    1,039    1,163  0.999944709  64669  32334 16176  8166  4094      1
 62   29,567   47,123    1,039    1,153    1,163  0.999964027  62674  31337 15657  7831  3975      1
 63   56,477   57,713    1,399    1,483    1,571  0.999976470  42909  21454 10751  5350  2675      1
 64   46,441   91,753    1,459    1,697    1,721  0.999991178  34723  17361  8670  4335  2185      1
 65   13,619   92,413    1,031    1,087    1,123  0.999976230  64524  32262 16125  8001  3950      1
 66   57,329   97,373    1,663    1,777    1,889  0.999997048  25286  12643  6317  3118  1621      1
 67   47,713   53,591    1,223    1,433    1,459  0.999998513  49434  24717 12346  6201  3067      1
 68   35,423   83,227    1,307    1,481    1,523  0.999956183  45704  22852 11414  5769  2902      1
 69   62,921   67,579    1,489    1,607    1,777  0.999978414  34792  17396  8693  4330  2124      1
 70   56,671   95,483    1,699    1,747    1,823  0.999967812  26440  13220  6614  3275  1624      1
 71   51,869   82,997    1,489    1,627    1,777  0.999998638  34388  17194  8614  4357  2166      1
 72   62,971   82,009    1,609    1,699    1,889  0.999952279  28138  14069  7042  3549  1824      1
 73   66,523   74,149    1,627    1,663    1,823  0.999975469  29768  14884  7424  3644  1793      1
 74   17,477   48,649      907      929    1,009  0.999938669  70842  35421 17728  8930  4464      1
 75   15,541   95,471    1,069    1,129    1,229  0.999707840  61481  30741 15357  7630  3832      1
 76   54,083   79,039    1,543    1,559    1,777  0.999993687  34620  17310  8656  4335  2207      1
 77   54,829   56,957    1,367    1,471    1,553  0.999988974  44118  22059 11009  5462  2757      1
 78   19,603   96,517    1,123    1,289    1,307  0.999958340  56503  28252 14135  7091  3576      1
 79   14,251   65,129      947      983      997  0.999951428  69535  34768 17402  8734  4362      1
 80   10,799   17,987      541      569      631  0.999992206  86063  43031 21558 10774  5439      1
 81   27,689   91,733    1,249    1,423    1,429  0.999923325  49602  24801 12410  6160  3057      1
 82   33,191   35,027      991    1,039    1,129  0.999907588  65904  32952 16494  8214  4073      1
 83   49,207   61,409    1,367    1,427    1,549  0.999965443  45030  22515 11239  5695  2884      1
 84   56,179   66,377    1,511    1,559    1,583  0.999999701  38935  19468  9749  4846  2422      1
 85   66,457   71,429    1,567    1,699    1,783  0.999996353  31102  15551  7760  3856  1937      1
 86   38,821   46,807    1,153    1,193    1,321  0.999988587  57373  28687 14350  7083  3450      1
 87   70,877   73,613    1,663    1,721    1,823  0.999999871  27768  13884  6955  3456  1718      1
 88   29,663   77,477    1,289    1,291    1,381  0.999965394  52061  26031 13035  6487  3254      1
 89   51,133   76,081    1,499    1,601    1,621  0.999996531  37629  18814  9413  4729  2391      1
 90   10,223   55,339      769      811      907  0.999872936  76215  38107 19027  9532  4721      1
 91   65,789   85,627    1,709    1,723    1,913  0.999950027  24945  12473  6223  3149  1542      1
 92   35,597   48,353    1,151    1,171    1,277  0.999968439  58513  29256 14612  7298  3662      1
 93   16,573   17,029      619      643      709  0.999902332  83201  41600 20762 10447  5242      1
 94   48,527   84,443    1,481    1,619    1,709  0.999992799  35987  17993  8998  4462  2249      1
 95   27,239   93,529    1,277    1,373    1,453  0.999976049  49526  24763 12392  6153  3080      1
 96   11,149   62,053      829      863      967  0.999984117  73698  36849 18449  9165  4579      1
 97   21,841   83,591    1,087    1,289    1,303  0.999988113  57272  28636 14333  7173  3524      1
 98   10,687   79,319      887      911    1,049  0.999964185  70886  35443 17745  9002  4551      1
 99   42,397   78,049    1,423    1,447    1,607  0.999969693  42476  21238 10632  5328  2639      1
100   31,489   40,973    1,009    1,109    1,153  0.999989378  64081  32040 16013  7998  4065      1
101   20,963   51,287      983      997    1,097  0.999987505  67211  33605 16781  8353  4182      1
102   18,671   51,197      877    1,039    1,049  0.999950581  69083  34542 17254  8677  4310      1
103   15,581   82,567    1,019    1,069    1,181  0.999999894  64133  32067 16022  7934  3936      1
104   52,567   83,719    1,543    1,627    1,753  0.999995787  33662  16831  8418  4151  2110      1
105   35,899   38,603      997    1,171    1,187  0.999998537  62774  31387 15710  7849  3907      1
106   55,631   95,191    1,597    1,811    1,831  0.999997593  27230  13615  6811  3397  1654      1
107   25,471   58,909    1,093    1,117    1,229  0.999994408  61265  30633 15329  7677  3766      1
108   23,473   23,833      739      863      877  0.999787070  76348  38174 19117  9434  4706      1
109   18,253   35,759      839      881      883  0.999951540  74452  37226 18591  9292  4579      1
110   30,809   77,359    1,231    1,327    1,459  0.999990372  51181  25591 12790  6340  3195      1
111   26,161   54,631    1,039    1,153    1,193  0.999981136  62196  31098 15563  7753  3827      1
112   64,037   92,009    1,663    1,783    1,987  0.999954343  23241  11620  5803  2942  1460      1
113   38,873   42,953    1,109    1,223    1,231  0.999941276  59138  29569 14773  7325  3650      1
114   55,903   82,207    1,543    1,699    1,753  0.999993798  32210  16105  8042  4007  2031      1
115   42,697   99,787    1,447    1,699    1,733  0.999975006  34727  17364  8688  4336  2153      1
116   17,971   36,007      821      827      953  0.999959439  74563  37281 18663  9371  4735      1
117   95,923   99,131    1,987    2,039    2,347  0.999990657   2487   1243   624   298   141      1
118   40,487   85,049    1,427    1,451    1,663  0.999997296  41320  20660 10340  5165  2619      1
119   47,981   69,427    1,361    1,523    1,607  0.999945225  42284  21142 10579  5353  2708      1
120   42,641   45,959    1,213    1,223    1,321  0.999981865  55732  27866 13940  7017  3537      1
121   77,213   96,851    1,931    1,949    1,987  0.999994115  13524   6762  3387  1681   857      1
122   65,557   96,827    1,741    1,747    2,087  0.999996725  20328  10164  5085  2612  1293      1
123   55,079   55,829    1,429    1,451    1,483  0.999988249  44548  22274 11134  5576  2774      1
124   40,529   60,889    1,291    1,321    1,447  0.999983562  50324  25162 12606  6329  3129      1
125   59,119   68,683    1,553    1,607    1,627  0.999996660  36279  18139  9068  4559  2305      1
126   50,423   74,017    1,499    1,559    1,597  0.999982741  38909  19455  9720  4900  2461      1
127   26,641   34,231      887      967    1,063  0.999800269  69802  34901 17432  8736  4395      1
128   79,537   92,357    1,811    1,877    2,161  0.999996468  14293   7146  3569  1820   941      1
129   26,863   37,201      911    1,009    1,087  0.999838742  68388  34194 17126  8516  4316      1
130   70,921   88,969    1,777    1,787    1,987  0.999991452  20566  10283  5134  2546  1256      1
131   46,757   74,279    1,367    1,579    1,609  0.999986189  41068  20534 10273  5142  2597      1
132   53,507   85,447    1,511    1,697    1,783  0.999977500  32384  16192  8110  4090  2020      1
133   27,997   72,889    1,193    1,289    1,327  0.999978804  54827  27413 13696  6901  3464      1
134   55,217   75,217    1,487    1,621    1,723  0.999978001  35555  17777  8890  4469  2231      1
135   72,719   76,753    1,621    1,783    1,931  0.999938694  25292  12646  6330  3161  1583      1
136   16,063   45,137      823      911      967  0.999966236  73074  36537 18289  9069  4551      1
137   33,997   94,811    1,381    1,447    1,613  0.999993679  43226  21613 10810  5441  2753      1
138   11,353   17,977      547      571      653  0.999329619  85714  42857 21388 10644  5293      1
139   14,197   31,513      719      769      809  0.999809871  78849  39424 19687  9798  4992      1
140   10,163   88,663      907      947    1,049  0.999927256  69982  34991 17475  8701  4321      1
141   40,241   45,659    1,163    1,237    1,277  0.999873715  57136  28568 14275  7074  3567      1
142   41,117   54,907    1,229    1,259    1,459  0.999962629  52486  26243 13119  6635  3263      1
143   44,959   76,943    1,439    1,483    1,621  0.999998161  41185  20592 10298  5198  2512      1
144   52,453   67,049    1,381    1,571    1,621  0.999977530  40697  20348 10178  5048  2510      1
145   83,639   94,723    1,879    1,973    2,137  0.999986441  10992   5496  2754  1368   703      1
146   18,661   83,023    1,109    1,171    1,193  0.999989753  60639  30320 15160  7656  3823      1
147   56,773   67,213    1,433    1,607    1,657  0.999975712  38228  19114  9542  4790  2388      1
148   33,713   67,931    1,259    1,291    1,409  0.999994375  52145  26073 13050  6512  3276      1
149   88,007   95,987    1,907    2,069    2,141  0.999995892   8090   4045  2032  1033   529      1
150   43,487   71,993    1,427    1,433    1,531  0.999989948  44047  22024 11019  5529  2755      1
151   65,993   71,341    1,613    1,637    1,783  0.999993842  31386  15693  7853  3948  2001      1
152   37,277   75,767    1,279    1,483    1,489  0.999966263  46856  23428 11711  5902  2980      1
153   59,467   83,269    1,619    1,721    1,777  0.999898157  29632  14816  7420  3691  1865      1
154   27,809   41,513      937    1,103    1,117  0.999997202  66024  33012 16488  8272  4112      1
155   33,563   93,371    1,423    1,481    1,487  0.999995727  44020  22010 11014  5535  2742      1
156   15,823   79,621    1,061    1,063    1,117  0.999966304  64506  32253 16099  8051  4024      1
157   23,339   96,269    1,223    1,291    1,423  0.999974430  52600  26300 13137  6614  3358      1
158   39,979   53,773    1,249    1,297    1,327  0.999947373  53635  26818 13421  6724  3384      1
159   32,531   82,613    1,249    1,447    1,487  0.999991091  48160  24080 12053  6085  3071      1
160   16,447   47,791      887      907      977  0.999983100  71964  35982 17966  9017  4483      1
161   21,317   49,367      983    1,009    1,061  0.999993660  67560  33780 16909  8375  4130      1
162   22,129   50,087      947    1,061    1,103  0.999894240  66708  33354 16698  8325  4170      1
163   20,771   41,399      929      953      971  0.999725082  70676  35338 17648  8914  4464      1
164   37,987   73,037    1,327    1,433    1,459  0.999987295  47327  23664 11843  5936  2902      1
165   36,467   44,701    1,097    1,151    1,291  0.999979087  59626  29813 14883  7445  3679      1
166   28,597   40,829      967    1,049    1,151  0.999972525  65831  32915 16478  8300  4121      1
167   13,177   70,729      877    1,013    1,049  0.999931991  69472  34736 17352  8610  4299      1
168   50,647   72,101    1,493    1,549    1,579  0.999996182  39571  19786  9878  4958  2496      1
169   63,559   66,541    1,549    1,607    1,699  0.999986863  34968  17484  8742  4383  2229      1
170   22,921   29,401      811      883      941  0.999943630  74041  37020 18537  9196  4652      1
171   43,481   90,281    1,451    1,583    1,709  0.999987348  37347  18673  9335  4607  2282      1
172   17,209   19,867      631      733      739  0.999746393  81510  40755 20398 10190  5089      1
173   38,699   77,347    1,303    1,483    1,549  0.999985650  45290  22645 11330  5645  2847      1
174   26,683   59,453    1,091    1,181    1,231  0.999825643  60171  30086 15055  7512  3796      1
175   12,157   27,809      659      683      751  0.999848654  81614  40807 20368 10191  5146      1
176   39,703   90,659    1,429    1,511    1,667  0.999995498  40005  20002  9994  4988  2512      1
177   42,293   55,313    1,249    1,307    1,433  0.999973544  51634  25817 12904  6425  3271      1
178   26,891   81,553    1,223    1,229    1,459  0.999969463  53171  26586 13309  6653  3374      1
179   43,063   90,697    1,511    1,579    1,637  0.999995556  37505  18753  9399  4634  2371      1
180   14,891   39,079      821      827      857  0.999912927  75877  37938 18942  9509  4758      1
181   78,101   93,427    1,823    1,873    2,137  0.999999931  14580   7290  3647  1835   943      1
182   22,643   31,319      859      881      937  0.999923580  73371  36685 18322  9153  4592      1
183   59,233   99,767    1,627    1,879    1,933  0.999989742  23127  11564  5782  2855  1415      1
184   19,013   21,841      719      751      769  0.999935530  79622  39811 19924  9934  4942      1
185   33,889   50,333    1,087    1,223    1,283  0.999933428  58700  29350 14688  7345  3788      1
186   12,149   29,077      647      727      751  0.999973521  81205  40602 20271 10176  5081      1
187   62,563   73,951    1,553    1,627    1,831  0.999967157  31981  15990  7992  3987  1965      1
188   21,283   24,043      761      811      829  0.999858493  77380  38690 19371  9663  4798      1
189   36,109   67,927    1,279    1,361    1,409  0.999958018  50475  25238 12620  6322  3198      1
190   67,807   83,003    1,709    1,783    1,847  0.999981537  24979  12489  6245  3129  1536      1
191   10,781   20,899      557      631      641  0.999903370  84990  42495 21284 10718  5364      1
192   63,211   80,779    1,579    1,721    1,879  0.999996885  28543  14271  7139  3523  1768      1
193   90,997   94,477    1,973    2,039    2,137  0.999990016   7280   3640  1830   920   449      1
194   93,811   98,573    1,873    2,207    2,237  0.999987002   3838   1919   958   465   251      1
195   30,203   45,247    1,033    1,087    1,217  0.999955265  63033  31516 15743  7834  3968      1
196   44,851   95,203    1,619    1,621    1,627  0.999987686  34656  17328  8663  4314  2185      1
197   16,231   21,787      673      683      769  0.999584232  81196  40598 20329 10181  5081      1
198   21,599   37,049      881      911      997  0.999952358  71712  35856 17937  9020  4530      1
199   37,889   82,469    1,367    1,493    1,531  0.999999174  44102  22051 11015  5512  2788      1
200   28,627   46,901    1,049    1,093    1,171  0.999987577  63359  31680 15856  7922  3924      1
201   33,997   46,691    1,063    1,213    1,231  0.999950145  60159  30080 15058  7527  3664      1
202   64,271   72,797    1,531    1,669    1,831  0.999980042  31599  15800  7897  3983  1985      1
203   27,527   54,497    1,061    1,123    1,259  0.999975574  61269  30635 15330  7707  3791      1
204   13,259   67,579      887      997    1,013  0.999782871  70067  35033 17540  8846  4412      1
205   63,841   72,649    1,531    1,699    1,783  0.999978335  31898  15949  7966  4024  2017      1
206   11,497   99,371      991    1,021    1,129  0.999882913  66200  33100 16564  8309  4171      1
207   47,111   97,327    1,571    1,601    1,823  0.999996606  32287  16143  8084  4069  2005      1
208   11,717   72,019      883      911    1,049  0.999979397  70951  35476 17763  8843  4448      1
209   28,513   84,131    1,213    1,361    1,453  0.999966786  51023  25512 12745  6342  3145      1
210   62,563   99,929    1,747    1,801    1,987  0.999989357  20932  10466  5231  2626  1315      1
211   11,839   75,329      883      997    1,013  0.999972564  70137  35069 17518  8775  4355      1
212   22,391   68,111    1,049    1,181    1,231  0.999983173  60948  30474 15214  7599  3834      1
213   58,367   97,463    1,669    1,747    1,951  0.999998536  24578  12289  6141  3060  1524      1
214   26,591   32,647      881      967    1,019  0.999996816  70537  35268 17654  8765  4434      1
215   91,801   94,351    1,973    2,039    2,153  0.999987155   6933   3467  1725   873   438      1
216   39,097   46,867    1,123    1,237    1,319  0.999962382  57194  28597 14316  7132  3598      1
217   29,429   67,619    1,213    1,259    1,303  0.999969371  55392  27696 13859  6971  3480      1
218   46,451   56,081    1,303    1,399    1,429  0.999962105  48961  24481 12246  6155  3069      1
219   49,393   77,081    1,483    1,511    1,699  0.999968338  38297  19148  9580  4814  2403      1
220   44,983   90,397    1,493    1,559    1,747  0.999991697  36233  18117  9040  4556  2261      1
221   58,099   86,467    1,607    1,669    1,873  0.999979144  29123  14561  7283  3646  1853      1
222   29,147   33,317      911      977    1,091  0.999949210  68838  34419 17241  8684  4387      1
223   24,197   60,631    1,087    1,109    1,217  0.999989438  61698  30849 15439  7736  3879      1
224   17,851   61,297      971    1,031    1,093  0.999991451  66922  33461 16715  8340  4172      1
225   25,579   31,601      881      883    1,039  0.999925794  71569  35785 17922  8958  4490      1
226   43,391   99,733    1,583    1,609    1,699  0.999981109  34217  17109  8548  4290  2137      1
227   12,979   20,743      613      643      683  0.999952456  83592  41796 20865 10404  5156      1
228   10,007   50,951      733      829      839  0.999916774  77420  38710 19323  9640  4791      1
229   10,159   13,907      499      523      541  0.999344173  88114  44057 21997 11027  5479      1
230   38,377   40,949    1,109    1,153    1,229  0.999996347  60358  30179 15080  7540  3799      1
231   32,003   53,551    1,087    1,223    1,289  0.999886355  58603  29301 14666  7320  3662      1
232   53,089   54,287    1,297    1,459    1,523  0.999987990  46316  23158 11569  5796  2927      1
233   31,567   61,843    1,129    1,303    1,327  0.999966432  55817  27908 13962  6927  3404      1
234   25,033   36,793      907      983    1,033  0.999960918  69652  34826 17408  8671  4370      1
235   41,641   52,379    1,249    1,283    1,361  0.999928316  53298  26649 13329  6684  3443      1
236   20,809   41,467      929      937      991  0.999712523  70626  35313 17637  8785  4435      1
237   30,187   63,743    1,187    1,229    1,319  0.999988357  56135  28067 14011  7088  3561      1
238   69,557   85,597    1,667    1,867    1,913  0.999989642  22839  11419  5708  2830  1419      1
239   64,157   94,273    1,777    1,823    1,867  0.999970156  22230  11115  5543  2778  1403      1
240   43,271   78,179    1,459    1,493    1,553  0.999998877  41838  20919 10476  5175  2550      1
241   15,739   80,329    1,021    1,031    1,201  0.999949158  64444  32222 16096  7982  3930      1
242   20,297   70,157    1,069    1,109    1,201  0.999883490  62265  31132 15580  7776  3885      1
243   27,253   45,281      991    1,049    1,187  0.999929857  64872  32436 16200  8107  4124      1
244   26,893   77,447    1,181    1,277    1,381  0.999978407  54363  27182 13603  6778  3399      1
245   14,843   40,699      821      839      877  0.999998355  75422  37711 18837  9409  4673      1
246   33,113   70,537    1,213    1,327    1,451  0.999962290  51672  25836 12891  6544  3285      1
247   65,729   84,421    1,597    1,861    1,867  0.999972577  25510  12755  6384  3210  1608      1
248   71,719   89,839    1,783    1,889    1,913  0.999998012  19731   9865  4943  2438  1211      1
249   55,721   67,901    1,499    1,559    1,619  0.999998905  38490  19245  9626  4794  2390      1
250   45,763   89,917    1,523    1,559    1,733  0.999973027  35853  17927  8985  4479  2301      1
251   52,631   99,551    1,609    1,733    1,879  0.999986503  27616  13808  6906  3410  1689      1
252   39,119   61,211    1,279    1,301    1,439  0.999980235  51067  25533 12778  6386  3231      1
253   35,363   44,201    1,049    1,193    1,249  0.999993494  60465  30233 15132  7606  3834      1
254   42,793   74,527    1,319    1,543    1,567  0.999984676  43527  21764 10861  5422  2659      1
255   26,423   86,743    1,283    1,301    1,373  0.999903129  52126  26063 13019  6548  3261      1
256   35,449   45,083    1,097    1,201    1,213  0.999985354  60024  30012 15006  7471  3764      1
257   33,533   62,459    1,249    1,283    1,307  0.999993660  54235  27118 13558  6839  3428      1
258   10,723   81,041      887      967    1,013  0.999858267  70522  35261 17597  8813  4422      1
259   32,429   37,889      997    1,033    1,193  0.999975187  64948  32474 16227  8079  4049      1
260   18,077   36,523      821      823      977  0.999872801  74306  37153 18602  9212  4527      1
261   14,767   59,183      911      947    1,013  0.999973637  70438  35219 17642  8832  4366      1
262   46,099   72,937    1,361    1,543    1,601  0.999944699  42015  21008 10507  5263  2621      1
263   12,011   90,071      977    1,013    1,093  0.999907946  67109  33554 16749  8462  4269      1
264   77,383   80,669    1,669    1,871    1,999  0.999978546  20992  10496  5250  2648  1336      1
265   70,901   86,851    1,753    1,759    1,997  0.999996861  21529  10765  5401  2705  1361      1
266   28,099   47,087    1,013    1,123    1,163  0.999947112  63626  31813 15908  7936  3971      1
267   10,007   46,877      743      769      821  0.999987568  78342  39171 19618  9848  4917      1
268   29,867   38,959      953    1,093    1,117  0.999923633  65889  32944 16492  8293  4120      1
269   37,907   86,753    1,429    1,511    1,523  0.999983143  42655  21328 10661  5330  2686      1
270   86,539   96,757    1,933    2,027    2,137  0.999990463   8495   4248  2123  1071   531      1
271   31,963   84,719    1,279    1,451    1,459  0.999919167  47963  23981 11990  5990  2963      1
272   57,397   66,071    1,439    1,579    1,669  0.999998128  38419  19210  9606  4838  2407      1
273   32,969   95,429    1,433    1,453    1,511  0.999977254  43910  21955 11001  5518  2745      1
274   46,691   81,971    1,423    1,583    1,699  0.999967269  38135  19067  9560  4749  2394      1
275   85,009   98,981    1,879    2,029    2,207  0.999987142   8271   4135  2084  1043   523      1
276   19,403   39,971      859      911      991  0.999933913  72152  36076 18017  9078  4526      1
277   50,773   96,337    1,567    1,663    1,877  0.999999022  30063  15031  7511  3761  1814      1
278   43,801   55,207    1,229    1,373    1,433  0.999977980  50826  25413 12710  6303  3093      1
279   28,573   81,041    1,237    1,283    1,459  0.999979312  51880  25940 12957  6457  3206      1
280   58,789   78,887    1,549    1,621    1,847  0.999999573  31900  15950  7973  3994  1984      1
281   13,331   52,541      857      863      947  0.999955179  73535  36768 18402  9238  4512      1
282   62,873   95,857    1,759    1,831    1,871  0.999861751  22368  11184  5591  2792  1408      1
283   21,503   54,907    1,039    1,063    1,069  0.999999417  65640  32820 16426  8206  4111      1
284   17,077   66,037      971    1,009    1,151  0.999969620  66419  33209 16577  8232  4221      1
285   21,341   97,283    1,201    1,259    1,373  0.999971343  54436  27218 13604  6797  3373      1
286   15,017   32,497      743      761      863  0.999902870  77910  38955 19445  9697  4887      1
287   19,211   34,267      821      863      929  0.999870166  74343  37171 18558  9319  4652      1
288   55,829   65,239    1,381    1,621    1,627  0.999993327  39650  19825  9928  4906  2493      1
289   45,307   56,857    1,289    1,381    1,447  0.999921439  49246  24623 12301  6144  3064      1
290   24,767   52,501    1,063    1,103    1,109  0.999998488  63941  31971 16006  7930  3934      1
291   63,211   65,579    1,511    1,583    1,733  0.999968895  35616  17808  8904  4424  2262      1
292   69,467   91,943    1,811    1,867    1,889  0.999994271  20082  10041  5007  2483  1216      1
293   30,427   93,059    1,327    1,433    1,489  0.999986864  46789  23394 11685  5770  2854      1
294   29,123   82,487    1,193    1,409    1,429  0.999912613  50988  25494 12742  6366  3180      1
295   37,441   81,223    1,367    1,453    1,531  0.999960520  44855  22428 11241  5585  2780      1
296   33,343   36,341      983    1,069    1,153  0.999905562  65191  32596 16276  8090  4027      1
297   83,389   95,891    1,931    2,017    2,053  0.999978144  10579   5290  2648  1373   696      1
298   26,987   51,043      991    1,171    1,187  0.999978052  62886  31443 15709  7823  3908      1
299   18,269   33,521      797      827      929  0.999879819  75254  37627 18780  9447  4726      1
300   26,111   91,639    1,291    1,297    1,429  0.999987568  51084  25542 12767  6477  3307      1

====================================================================================================
MOST REDUCED EXAMPLES
====================================================================================================
n=9,508,942,913 p=95,923 q=99,131 mods=(1987,2039,2347) R=9,508,854,071 R/n=0.9999906570 base=2487 mod4=1243 qr3=141 exact=1 recovered=True
n=9,082,319,251 p=92,987 q=97,673 mods=(1951,2081,2237) R=9,082,289,347 R/n=0.9999967074 base=4699 mod4=2350 qr3=277 exact=1 recovered=True
n=1,817,094,547 p=38,821 q=46,807 mods=(1153,1193,1321) R=1,817,073,809 R/n=0.9999885873 base=57373 mod4=28687 qr3=3450 exact=1 recovered=True
n=4,932,613,927 p=66,523 q=74,149 mods=(1627,1663,1823) R=4,932,492,923 R/n=0.9999754686 base=29768 mod4=14884 qr3=1793 exact=1 recovered=True
n=4,891,318,501 p=50,773 q=96,337 mods=(1567,1663,1877) R=4,891,313,717 R/n=0.9999990219 base=30063 mod4=15031 qr3=1814 exact=1 recovered=True
n=6,387,004,381 p=69,467 q=91,943 mods=(1811,1867,1889) R=6,386,967,793 R/n=0.9999942715 base=20082 mod4=10041 qr3=1216 exact=1 recovered=True
n=5,295,570,521 p=55,631 q=95,191 mods=(1597,1811,1831) R=5,295,557,777 R/n=0.9999975935 base=27230 mod4=13615 qr3=1654 exact=1 recovered=True
n=9,381,451,279 p=96,221 q=97,499 mods=(2039,2137,2153) R=9,381,359,479 R/n=0.9999902147 base=3143 mod4=1572 qr3=191 exact=1 recovered=True
n=2,418,121,807 p=43,801 q=55,207 mods=(1229,1373,1433) R=2,418,068,561 R/n=0.9999779804 base=50826 mod4=25413 qr3=3093 exact=1 recovered=True
n=1,587,353,927 p=33,997 q=46,691 mods=(1063,1213,1231) R=1,587,274,789 R/n=0.9999501447 base=60159 mod4=30080 qr3=3664 exact=1 recovered=True
n=660,226,271 p=18,077 q=36,523 mods=(821,823,977) R=660,142,291 R/n=0.9998728012 base=74306 mod4=37153 qr3=4527 exact=1 recovered=True
n=3,382,883,509 p=43,271 q=78,179 mods=(1459,1493,1553) R=3,382,879,711 R/n=0.9999988773 base=41838 mod4=20919 qr3=2550 exact=1 recovered=True
n=1,264,298,131 p=15,739 q=80,329 mods=(1021,1031,1201) R=1,264,233,851 R/n=0.9999491576 base=64444 mod4=32222 qr3=3930 exact=1 recovered=True
n=1,952,197,981 p=31,567 q=61,843 mods=(1129,1303,1327) R=1,952,132,449 R/n=0.9999664317 base=55817 mod4=27908 qr3=3404 exact=1 recovered=True
n=3,459,280,337 p=44,959 q=76,943 mods=(1439,1483,1621) R=3,459,273,977 R/n=0.9999981615 base=41185 mod4=20592 qr3=2512 exact=1 recovered=True
n=2,831,506,193 p=30,427 q=93,059 mods=(1327,1433,1489) R=2,831,468,999 R/n=0.9999868642 base=46789 mod4=23394 qr3=2854 exact=1 recovered=True
n=4,252,138,259 p=62,921 q=67,579 mods=(1489,1607,1777) R=4,252,046,471 R/n=0.9999784137 base=34792 mod4=17396 qr3=2124 exact=1 recovered=True
n=6,309,770,449 p=70,921 q=88,969 mods=(1777,1787,1987) R=6,309,716,513 R/n=0.9999914520 base=20566 mod4=10283 qr3=1256 exact=1 recovered=True
n=3,189,233,911 p=42,793 q=74,527 mods=(1319,1543,1567) R=3,189,185,039 R/n=0.9999846759 base=43527 mod4=21764 qr3=2659 exact=1 recovered=True
n=3,925,508,161 p=43,481 q=90,281 mods=(1451,1583,1709) R=3,925,458,497 R/n=0.9999873484 base=37347 mod4=18673 qr3=2282 exact=1 recovered=True

====================================================================================================
LEAST REDUCED EXAMPLES
====================================================================================================
n=7,345,798,709 p=79,537 q=92,357 mods=(1811,1877,2161) R/n=0.9999964685 base=14293 mod4=7146 qr3=941 exact=1
n=7,996,254,599 p=83,389 q=95,891 mods=(1931,2017,2053) R/n=0.9999781438 base=10579 mod4=5290 qr3=696 exact=1
n=9,247,231,703 p=93,811 q=98,573 mods=(1873,2207,2237) R/n=0.9999870019 base=3838 mod4=1919 qr3=251 exact=1
n=8,447,527,909 p=88,007 q=95,987 mods=(1907,2069,2141) R/n=0.9999958916 base=8090 mod4=4045 qr3=529 exact=1
n=5,164,188,739 p=62,971 q=82,009 mods=(1609,1699,1889) R/n=0.9999522790 base=28138 mod4=14069 qr3=1824 exact=1
n=2,392,785,929 p=26,111 q=91,639 mods=(1291,1297,1429) R/n=0.9999875685 base=51084 mod4=25542 qr3=3307 exact=1
n=7,296,742,127 p=78,101 q=93,427 mods=(1823,1873,2137) R/n=0.9999999309 base=14580 mod4=7290 qr3=943 exact=1
n=2,181,113,939 p=41,641 q=52,379 mods=(1249,1283,1361) R/n=0.9999283155 base=53298 mod4=26649 qr3=3443 exact=1
n=7,401,071,383 p=79,111 q=93,553 mods=(1811,1907,2143) R/n=0.9999924508 base=13971 mod4=6986 qr3=902 exact=1
n=1,705,735,037 p=33,889 q=50,333 mods=(1087,1223,1283) R/n=0.9999334281 base=58700 mod4=29350 qr3=3788 exact=1
n=1,702,650,823 p=17,093 q=99,611 mods=(1097,1193,1301) R/n=0.9999971797 base=58737 mod4=29369 qr3=3781 exact=1
n=847,682,153 p=10,687 q=79,319 mods=(887,911,1049) R/n=0.9999641847 base=70886 mod4=35443 qr3=4551 exact=1
n=4,114,871,671 p=45,763 q=89,917 mods=(1523,1559,1733) R/n=0.9999730271 base=35853 mod4=17927 qr3=2301 exact=1
n=5,582,296,717 p=57,329 q=97,373 mods=(1663,1777,1889) R/n=0.9999970482 base=25286 mod4=12643 qr3=1621 exact=1
n=1,513,985,699 p=38,861 q=38,959 mods=(1093,1109,1249) R/n=0.9999824397 base=61091 mod4=30546 qr3=3913 exact=1
n=5,350,210,193 p=54,101 q=98,893 mods=(1669,1697,1889) R/n=0.9999983709 base=26855 mod4=13427 qr3=1720 exact=1
n=3,021,752,663 p=49,207 q=61,409 mods=(1367,1427,1549) R/n=0.9999654432 base=45030 mod4=22515 qr3=2884 exact=1
n=3,331,176,887 p=47,981 q=69,427 mods=(1361,1523,1607) R/n=0.9999452248 base=42284 mod4=21142 qr3=2708 exact=1
n=7,922,536,997 p=83,639 q=94,723 mods=(1879,1973,2137) R/n=0.9999864415 base=10992 mod4=5496 qr3=703 exact=1
n=1,508,265,193 p=18,121 q=83,233 mods=(1087,1129,1229) R/n=0.9999946124 base=61164 mod4=30582 qr3=3905 exact=1

====================================================================================================
KEY TEST
====================================================================================================

The central question is whether the three close primes can be used
as a practical filtering mechanism.

For each candidate sum s:

    D = s^2 - 4n

must be an exact square.

Before calculating the exact square root, we test:

    D is a quadratic residue mod r1
    D is a quadratic residue mod r2
    D is a quadratic residue mod r3.

Because the true factors satisfy

    D = (p-q)^2,

the true solution must pass all three filters.

The experiment therefore measures:

    candidate s values
        ->
    modularly admissible s values
        ->
    exact factorization candidates.

A genuinely useful modular exploitation would show that the
three close moduli reduce the search space dramatically while
retaining the true factor pair.

The particularly interesting quantity is:

    average final QR candidate count

versus

    average original admissible s count.

The experiment does NOT assume that uniqueness itself constitutes
a factoring algorithm. The relevant question is whether the
modular filters reduce the actual computational search enough to
be useful without already enumerating the factor population.


====================================================================================================
EXPERIMENT COMPLETE
====================================================================================================
