====================================================================================================
THREE-CLOSE-PRIME QUOTIENT-CELL DEFECT / ONE-REMAINDER ELIMINATION EXPERIMENT
====================================================================================================
M                         = 111,546,435
factor range              = 10,000 - 100,000
anchors                   = 300
modulus prime range       = 300 - 3,000
close ratio               = 20%
seed                      = 1,511,464,998

====================================================================================================
BUILDING PRIME POOLS
====================================================================================================
factor primes             = 8,363
modulus primes            = 368

====================================================================================================
BUILDING ANCHORS
====================================================================================================
actual anchors            = 300

====================================================================================================
SELECTING ANCHOR-SPECIFIC CLOSE TRIPLES
====================================================================================================
anchor  25/300
anchor  50/300
anchor  75/300
anchor 100/300
anchor 125/300
anchor 150/300
anchor 175/300
anchor 200/300
anchor 225/300
anchor 250/300
anchor 275/300
anchor 300/300

====================================================================================================
VALIDATING MODULUS TRIPLES
====================================================================================================
triple validation failures = 0
unique modulus triples      = 300

====================================================================================================
RUNNING QUOTIENT-CELL DEFECT SEARCH
====================================================================================================
anchor  25/300
anchor  50/300
anchor  75/300
anchor 100/300
anchor 125/300
anchor 150/300
anchor 175/300
anchor 200/300
anchor 225/300
anchor 250/300
anchor 275/300
anchor 300/300

====================================================================================================
SUMMARY
====================================================================================================
anchors analyzed            = 300
average full (k,l) pairs    = 6,803.003
average hyperbola cells     = 110.123
average product cells       = 110.123
average remainder states    = 117,368.090
average exact division hits = 4.280
average r2 survivors        = 1.983
average r3 survivors        = 1.983
average exact solutions     = 1.000

====================================================================================================
SEARCH REDUCTION
====================================================================================================
cells / full quotient       = 0.016187458
remainder / product cells   = 1065.788
r3 / remainder states       = 0.000016898
remainder / 8,363 baseline  = 14.034209016
r3 / 8,363 baseline         = 0.000237156

====================================================================================================
RECOVERY
====================================================================================================
correctly recovered          = 300/300
recovery rate                = 100.0000%

====================================================================================================
GAP CORRELATION
====================================================================================================
mean gap                    = 19,320.393
minimum gap                = 4
maximum gap                = 98,052
corr(gap,remainder states) = -0.000788
corr(gap,r3 survivors)      = -0.080707

====================================================================================================
STRONGEST DEFECT COLLAPSES
====================================================================================================
n=141,281,213 p=10,159 q=13,907 mods=(431,547,599) R/n=0.9995557088 gap=62,770 cells=15 states=6,389 div=2 r2=1 r3=1 exact=1
n=6,304,368,979 p=75,553 q=83,443 mods=(1523,1879,2203) R/n=0.9999989804 gap=6,428 cells=45 states=66,909 div=2 r2=2 r3=2 exact=1
n=6,035,205,041 p=61,129 q=98,729 mods=(1583,1879,2029) R/n=0.9999947329 gap=31,788 cells=47 states=71,921 div=2 r2=2 r3=2 exact=1
n=5,350,210,193 p=54,101 q=98,893 mods=(1433,1879,1987) R/n=0.9999999843 gap=84 cells=58 states=81,786 div=2 r2=2 r3=2 exact=1
n=3,075,005,491 p=55,079 q=55,829 mods=(1223,1553,1619) R/n=0.9999973886 gap=8,030 cells=102 states=123,847 div=2 r2=2 r3=2 exact=1
n=9,381,451,279 p=96,221 q=97,499 mods=(1693,2351,2357) R/n=0.9999980250 gap=18,528 cells=8 states=11,097 div=3 r2=2 r3=2 exact=1
n=9,247,231,703 p=93,811 q=98,573 mods=(1877,1997,2467) R/n=0.9999994182 gap=5,380 cells=9 states=13,810 div=3 r2=2 r3=2 exact=1
n=225,312,119 p=10,781 q=20,899 mods=(557,577,701) R/n=0.9999182024 gap=18,430 cells=44 states=23,995 div=3 r2=2 r3=2 exact=1
n=8,661,516,151 p=91,801 q=94,351 mods=(1667,2113,2459) R/n=0.9999993232 gap=5,862 cells=16 states=24,680 div=3 r2=2 r3=2 exact=1
n=8,597,123,569 p=90,997 q=94,477 mods=(1759,2179,2243) R/n=0.9999980987 gap=16,346 cells=15 states=25,861 div=3 r2=2 r3=2 exact=1
n=269,223,397 p=12,979 q=20,743 mods=(547,677,727) R/n=0.9999944878 gap=1,484 cells=55 states=29,301 div=3 r2=2 r3=2 exact=1
n=338,074,013 p=12,157 q=27,809 mods=(601,743,757) R/n=0.9998788372 gap=40,962 cells=71 states=42,074 div=3 r2=2 r3=2 exact=1
n=341,891,203 p=17,209 q=19,867 mods=(631,733,739) R/n=0.9997463930 gap=86,706 cells=72 states=44,325 div=3 r2=2 r3=2 exact=1
n=7,345,798,709 p=79,537 q=92,357 mods=(1597,2029,2267) R/n=0.9999987560 gap=9,138 cells=31 states=46,863 div=3 r2=2 r3=2 exact=1
n=7,296,742,127 p=78,101 q=93,427 mods=(1823,1873,2137) R/n=0.9999999309 gap=504 cells=30 states=53,071 div=3 r2=2 r3=2 exact=1
n=6,347,687,639 p=65,557 q=96,827 mods=(1511,2011,2089) R/n=0.9999986814 gap=8,370 cells=43 states=63,688 div=3 r2=2 r3=2 exact=1
n=6,251,858,027 p=62,563 q=99,929 mods=(1483,1997,2111) R/n=0.9999961826 gap=23,866 cells=45 states=64,560 div=3 r2=2 r3=2 exact=1
n=509,866,657 p=10,007 q=50,951 mods=(659,853,907) R/n=0.9999657401 gap=17,468 cells=107 states=69,244 div=3 r2=1 r3=1 exact=1
n=488,007,449 p=15,017 q=32,497 mods=(683,811,881) R/n=0.9999793118 gap=10,096 cells=103 states=69,649 div=3 r2=2 r3=2 exact=1
n=6,026,817,161 p=62,873 q=95,857 mods=(1483,1951,2083) R/n=0.9999992497 gap=4,522 cells=49 states=69,998 div=3 r2=2 r3=2 exact=1

====================================================================================================
WEAKEST DEFECT COLLAPSES
====================================================================================================
n=1,258,572,647 p=13,619 q=92,413 mods=(929,1051,1289) R/n=0.9999840168 gap=20,116 cells=179 states=164,856 div=10 r2=2 r3=2 exact=1
n=1,081,842,781 p=12,011 q=90,071 mods=(911,971,1223) R/n=0.9999997985 gap=218 cells=190 states=172,881 div=9 r2=2 r3=2 exact=1
n=869,002,643 p=10,723 q=81,041 mods=(853,953,1069) R/n=0.9999966375 gap=2,922 cells=169 states=142,307 div=9 r2=2 r3=2 exact=1
n=847,682,153 p=10,687 q=79,319 mods=(887,911,1049) R/n=0.9999641847 gap=30,360 cells=161 states=141,941 div=9 r2=2 r3=2 exact=1
n=865,993,151 p=11,161 q=77,591 mods=(839,971,1063) R/n=0.9999999954 gap=4 cells=170 states=141,366 div=8 r2=2 r3=2 exact=1
n=843,846,623 p=11,717 q=72,019 mods=(883,911,1049) R/n=0.9999793967 gap=17,386 cells=161 states=141,301 div=8 r2=2 r3=2 exact=1
n=1,259,843,083 p=15,823 q=79,621 mods=(1061,1063,1117) R/n=0.9999663037 gap=42,452 cells=167 states=175,411 div=7 r2=2 r3=2 exact=1
n=1,098,260,699 p=13,451 q=81,649 mods=(947,977,1187) R/n=0.9999765575 gap=25,746 cells=186 states=175,161 div=7 r2=2 r3=2 exact=1
n=1,286,476,427 p=15,581 q=82,567 mods=(1019,1069,1181) R/n=0.9999998943 gap=136 cells=168 states=169,877 div=7 r2=2 r3=2 exact=1
n=1,483,714,811 p=15,541 q=95,471 mods=(1063,1093,1277) R/n=0.9999859353 gap=20,868 cells=160 states=168,046 div=7 r2=2 r3=2 exact=1
n=1,508,265,193 p=18,121 q=83,233 mods=(1087,1129,1229) R/n=0.9999946124 gap=8,126 cells=154 states=166,957 div=7 r2=2 r3=2 exact=1
n=1,477,021,583 p=14,867 q=99,349 mods=(1039,1091,1303) R/n=0.9999951010 gap=7,236 cells=161 states=166,178 div=7 r2=2 r3=2 exact=1
n=1,434,402,509 p=16,619 q=86,311 mods=(1009,1091,1303) R/n=0.9999753542 gap=35,352 cells=164 states=164,288 div=7 r2=2 r3=2 exact=1
n=1,264,298,131 p=15,739 q=80,329 mods=(947,1097,1217) R/n=0.9999946785 gap=6,728 cells=173 states=162,677 div=7 r2=2 r3=2 exact=1
n=1,892,022,751 p=19,603 q=96,517 mods=(1087,1193,1459) R/n=0.9999975254 gap=4,682 cells=143 states=155,330 div=7 r2=2 r3=2 exact=1
n=931,996,033 p=13,177 q=70,729 mods=(859,941,1153) R/n=0.9999954656 gap=4,226 cells=183 states=154,657 div=7 r2=2 r3=2 exact=1
n=891,820,031 p=11,839 q=75,329 mods=(823,1033,1049) R/n=0.9999963670 gap=3,240 cells=167 states=134,976 div=7 r2=2 r3=2 exact=1
n=691,828,897 p=11,149 q=62,053 mods=(773,887,1009) R/n=0.9999898270 gap=7,038 cells=143 states=109,765 div=7 r2=2 r3=2 exact=1
n=1,075,129,381 p=20,963 q=51,287 mods=(983,997,1097) R/n=0.9999875048 gap=13,434 cells=180 states=176,643 div=6 r2=2 r3=2 exact=1
n=1,423,976,629 p=20,297 q=70,157 mods=(1049,1063,1277) R/n=0.9999926052 gap=10,530 cells=164 states=170,363 div=6 r2=2 r3=2 exact=1

====================================================================================================
ANCHOR RESULTS
====================================================================================================
 ID       p       q    r1    r2    r3        R/n   CELL    STATES    DIV    R3 EXACT
----------------------------------------------------------------------------------------------------
  1  14,821  45,491   809   853   977  0.9999750    135   107,496      5     2     1
  2  92,987  97,673  1669  2213  2459  0.9999989     10    15,298      4     2     1
  3  30,293  44,483  1019  1069  1237  0.9999660    167   168,858      3     2     1
  4  67,819  83,417  1451  1933  2017  0.9999982     53    76,719      4     2     1
  5  11,161  77,591   839   971  1063  1.0000000    170   141,366      8     2     1
  6  61,583  92,893  1553  1867  1973  0.9999978     52    78,806      4     2     1
  7  61,603  92,893  1597  1879  1907  0.9999943     51    79,654      4     2     1
  8  70,607  95,773  1597  1987  2131  0.9999894     37    57,533      4     2     1
  9  18,121  83,233  1087  1129  1229  0.9999946    154   166,957      7     2     1
 10  51,853  70,459  1277  1549  1847  0.9999973     92   116,190      4     2     1
 11  12,401  17,569   557   599   653  0.9999803     42    22,646      4     2     1
 12  59,219  89,527  1601  1613  2053  0.9999990     59    92,735      5     2     1
 13  49,549  78,317  1499  1597  1621  0.9999968     80   118,464      5     2     1
 14  46,831  55,901  1187  1381  1597  0.9999915    117   136,473      3     2     1
 15  38,861  38,959  1009  1213  1237  0.9999998    155   155,022      4     2     1
 16  25,057  98,479  1217  1409  1439  0.9999762    116   140,162      4     2     1
 17  54,101  98,893  1433  1879  1987  1.0000000     58    81,786      2     2     1
 18  13,451  81,649   947   977  1187  0.9999766    186   175,161      7     2     1
 19  51,797  82,153  1453  1637  1789  0.9999922     76   108,607      4     2     1
 20  13,913  26,393   641   691   829  0.9999564     79    49,811      5     2     1
 21  52,387  65,353  1429  1489  1609  0.9999860     92   129,028      4     2     1
 22  32,141  63,211  1153  1289  1367  0.9999970    132   151,481      5     2     1
 23  17,393  98,899  1009  1193  1429  0.9999941    152   152,442      5     2     1
 24  67,493  69,911  1361  1777  1951  0.9999967     70    93,685      3     2     1
 25  20,327  57,587  1019  1051  1093  0.9999984    172   173,525      5     2     1
 26  75,553  83,443  1523  1879  2203  0.9999990     45    66,909      2     2     1
 27  44,021  64,969  1223  1481  1579  0.9999944    107   130,127      4     2     1
 28  49,139  63,617  1237  1559  1621  0.9999985    100   122,492      3     2     1
 29  34,327  76,651  1171  1423  1579  0.9999776    116   134,351      5     2     1
 30  11,897  33,049   673   733   797  0.9999576     84    55,299      5     2     1
 31  53,939  55,817  1163  1597  1621  0.9999960    105   121,729      4     2     1
 32  84,299  99,347  1747  2087  2297  0.9999981     18    30,121      4     2     1
 33  17,093  99,611  1097  1193  1301  0.9999972    146   159,124      4     2     1
 34  25,747  39,227   877  1031  1117  0.9999993    187   161,444      4     2     1
 35  61,129  98,729  1583  1879  2029  0.9999947     47    71,921      2     2     1
 36  46,103  60,271  1249  1427  1559  0.9999884    110   135,084      4     2     1
 37  12,497  47,791   719   859   967  0.9999923    128    90,388      5     2     1
 38  69,911  95,239  1523  2069  2113  0.9999990     39    57,212      4     2     1
 39  38,713  51,203  1151  1231  1399  0.9999974    135   154,388      3     2     1
 40  14,821  32,411   661   823   883  0.9999817    100    66,100      5     2     1
 41  51,197  92,369  1433  1709  1931  0.9999995     68    96,581      5     2     1
 42  42,227  43,411  1097  1171  1427  0.9999942    146   158,608      4     2     1
 43  25,013  46,819   863  1097  1237  0.9999982    184   157,996      4     2     1
 44  36,677  37,871  1033  1087  1237  0.9999977    163   168,179      4     2     1
 45  30,517  30,977   937   971  1039  0.9999843    174   161,246      4     2     1
 46  16,607  65,843   941  1069  1087  0.9999910    179   167,396      5     2     1
 47  15,803  69,029   829  1103  1193  0.9999985    189   156,275      5     2     1
 48  16,619  86,311  1009  1091  1303  0.9999754    164   164,288      7     2     1
 49  96,221  97,499  1693  2351  2357  0.9999980      8    11,097      3     2     1
 50  22,171  89,513  1069  1327  1399  0.9999884    137   144,890      5     2     1
 51  15,959  16,931   593   673   677  0.9999313     54    31,524      4     2     1
 52  23,549  55,163   941  1163  1187  0.9999993    168   157,402      4     2     1
 53  55,373  81,931  1409  1627  1979  0.9999955     73   102,126      4     2     1
 54  14,867  99,349  1039  1091  1303  0.9999951    161   166,178      7     2     1
 55  35,729  51,199  1013  1321  1367  0.9999964    143   144,486      5     2     1
 56  55,291  66,383  1409  1607  1621  0.9999967     85   118,647      4     2     1
 57  24,877  96,731  1187  1367  1483  0.9999924    121   141,756      4     2     1
 58  22,567  31,277   811   919   947  0.9999710    137   109,703      4     2     1
 59  21,193  22,679   683   751   937  0.9999629    105    70,870      4     2     1
 60  79,111  93,553  1811  1907  2143  0.9999925     30    50,967      4     2     1
 61  12,941  96,461   881  1151  1231  0.9999763    176   154,623      6     2     1
 62  29,567  47,123   929  1151  1303  0.9999891    168   155,741      5     2     1
 63  56,477  57,713  1289  1423  1777  0.9999999    101   128,209      4     2     1
 64  46,441  91,753  1489  1523  1879  0.9999990     78   113,157      4     2     1
 65  13,619  92,413   929  1051  1289  0.9999840    179   164,856     10     2     1
 66  57,329  97,373  1571  1753  2027  0.9999975     55    83,828      5     2     1
 67  47,713  53,591  1223  1433  1459  0.9999985    114   138,654      3     2     1
 68  35,423  83,227  1259  1483  1579  0.9999987    105   130,857      4     2     1
 69  62,921  67,579  1399  1609  1889  0.9999962     78   107,239      4     2     1
 70  56,671  95,483  1567  1669  2069  0.9999974     57    88,958      5     2     1
 71  51,869  82,997  1489  1627  1777  0.9999986     75   108,954      5     2     1
 72  62,971  82,009  1559  1601  2069  0.9999904     62    94,504      3     2     1
 73  66,523  74,149  1511  1601  2039  0.9999906     67    99,229      4     2     1
 74  17,477  48,649   811  1009  1039  0.9999695    162   129,940      4     2     1
 75  15,541  95,471  1063  1093  1277  0.9999859    160   168,046      7     2     1
 76  54,083  79,039  1483  1613  1787  0.9999951     75   110,382      3     2     1
 77  54,829  56,957  1321  1453  1627  0.9999967    100   131,581      4     2     1
 78  19,603  96,517  1087  1193  1459  0.9999975    143   155,330      7     2     1
 79  14,251  65,129   883   967  1087  0.9999930    174   151,674      6     2     1
 80  10,799  17,987   541   569   631  0.9999922     33    17,554      5     2     1
 81  27,689  91,733  1093  1483  1567  0.9999941    119   129,059      4     2     1
 82  33,191  35,027   967   983  1223  0.9999612    182   175,178      3     2     1
 83  49,207  61,409  1297  1483  1571  0.9999963    102   130,472      4     2     1
 84  56,179  66,377  1511  1559  1583  0.9999997     84   124,402      4     2     1
 85  66,457  71,429  1567  1699  1783  0.9999964     65   101,173      4     2     1
 86  38,821  46,807  1087  1279  1307  0.9999957    140   151,329      4     2     1
 87  70,877  73,613  1601  1627  2003  1.0000000     60    94,351      4     2     1
 88  29,663  77,477  1117  1303  1579  0.9999812    129   143,420      4     2     1
 89  51,133  76,081  1499  1601  1621  0.9999965     80   117,968      4     2     1
 90  10,223  55,339   683   853   971  0.9999523    121    81,302      3     1     1
 91  65,789  85,627  1433  1949  2017  0.9999998     54    75,933      4     2     1
 92  35,597  48,353   971  1237  1433  0.9999961    153   148,539      4     2     1
 93  16,573  17,029   619   643   709  0.9999023     55    33,383      4     2     1
 94  48,527  84,443  1433  1579  1811  0.9999992     80   113,113      4     2     1
 95  27,239  93,529  1213  1283  1637  0.9999970    120   144,879      6     2     1
 96  11,149  62,053   773   887  1009  0.9999898    143   109,765      7     2     1
 97  21,841  83,591  1087  1289  1303  0.9999881    139   150,751      6     2     1
 98  10,687  79,319   887   911  1049  0.9999642    161   141,941      9     2     1
 99  42,397  78,049  1301  1571  1619  0.9999951     94   121,845      4     2     1
100  31,489  40,973   953  1039  1303  0.9999913    176   166,968      4     2     1
101  20,963  51,287   983   997  1097  0.9999875    180   176,643      6     2     1
102  18,671  51,197   809  1009  1171  0.9999643    187   149,845      4     2     1
103  15,581  82,567  1019  1069  1181  0.9999999    168   169,877      7     2     1
104  52,567  83,719  1459  1607  1877  0.9999959     74   106,204      4     2     1
105  35,899  38,603   971  1097  1301  0.9999994    168   162,319      4     2     1
106  55,631  95,191  1597  1811  1831  0.9999976     56    87,621      4     2     1
107  25,471  58,909  1093  1117  1229  0.9999944    155   168,355      5     2     1
108  23,473  23,833   661   911   929  0.9999729    117    76,697      3     2     1
109  18,253  35,759   751   877   991  0.9999852    132    97,997      5     2     1
110  30,809  77,359  1201  1303  1523  0.9999974    123   146,384      4     2     1
111  26,161  54,631   941  1171  1297  0.9999839    165   154,104      5     2     1
112  64,037  92,009  1471  1951  2053  0.9999945     49    71,081      4     2     1
113  38,873  42,953  1109  1223  1231  0.9999413    144   158,607      4     2     1
114  55,903  82,207  1409  1801  1811  0.9999983     69    96,720      4     2     1
115  42,697  99,787  1471  1619  1789  0.9999966     75   109,840      5     2     1
116  17,971  36,007   727   911   977  0.9999728    135    96,733      3     2     1
117  95,923  99,131  1879  2129  2377  0.9999986      6     9,809      4     2     1
118  40,487  85,049  1283  1531  1753  0.9999976     95   121,015      4     2     1
119  47,981  69,427  1321  1579  1597  0.9999820     93   121,661      3     2     1
120  42,641  45,959  1013  1301  1487  0.9999994    141   142,547      4     2     1
121  77,213  96,851  1931  1949  1987  0.9999941     27    50,397      4     2     1
122  65,557  96,827  1511  2011  2089  0.9999987     43    63,688      3     2     1
123  55,079  55,829  1223  1553  1619  0.9999974    102   123,847      2     2     1
124  40,529  60,889  1181  1409  1483  0.9999938    118   138,974      4     2     1
125  59,119  68,683  1553  1607  1627  0.9999967     76   115,898      3     2     1
126  50,423  74,017  1259  1657  1789  0.9999964     89   110,654      3     2     1
127  26,641  34,231   881   947  1093  0.9999446    173   150,093      3     2     1
128  79,537  92,357  1597  2029  2267  0.9999988     31    46,863      3     2     1
129  26,863  37,201   827  1039  1163  0.9999808    188   153,291      4     2     1
130  70,921  88,969  1619  1871  2083  0.9999916     44    68,920      4     2     1
131  46,757  74,279  1327  1493  1753  0.9999999     93   122,560      4     2     1
132  53,507  85,447  1433  1637  1949  0.9999984     73   102,702      4     2     1
133  27,997  72,889  1063  1291  1487  0.9999931    138   145,241      4     2     1
134  55,217  75,217  1453  1531  1867  0.9999915     79   113,564      5     2     1
135  72,719  76,753  1487  1889  1987  0.9999943     54    79,183      3     2     1
136  16,063  45,137   823   911   967  0.9999662    140   113,616      4     2     1
137  33,997  94,811  1381  1447  1613  0.9999937     97   131,922      5     2     1
138  11,353  17,977   503   631   643  0.9999550     38    18,707      5     2     1
139  14,197  31,513   683   719   911  0.9999577     98    66,317      4     2     1
140  10,163  88,663   809  1019  1093  0.9999505    174   138,909      4     1     1
141  40,241  45,659  1019  1319  1367  0.9999823    143   144,837      4     2     1
142  41,117  54,907  1181  1289  1483  0.9999881    126   147,989      4     2     1
143  44,959  76,943  1439  1483  1621  0.9999982     90   127,982      4     2     1
144  52,453  67,049  1399  1459  1723  0.9999900     91   125,972      4     2     1
145  83,639  94,723  1669  1997  2377  0.9999984     24    38,260      4     2     1
146  18,661  83,023   977  1217  1303  0.9999913    158   152,966      5     2     1
147  56,773  67,213  1453  1493  1759  0.9999911     84   121,796      5     2     1
148  33,713  67,931  1153  1367  1453  0.9999955    125   142,872      5     2     1
149  88,007  95,987  1733  2137  2281  0.9999971     17    28,367      4     2     1
150  43,487  71,993  1291  1453  1669  0.9999965    101   129,600      4     2     1
151  65,993  71,341  1429  1759  1873  0.9999972     68    97,114      4     2     1
152  37,277  75,767  1229  1439  1597  0.9999921    110   133,375      5     2     1
153  59,467  83,269  1483  1667  2003  0.9999961     65    95,552      4     2     1
154  27,809  41,513   937  1103  1117  0.9999972    175   163,511      4     2     1
155  33,563  93,371  1423  1481  1487  0.9999957     95   133,504      5     2     1
156  15,823  79,621  1061  1063  1117  0.9999663    167   175,411      7     2     1
157  23,339  96,269  1049  1399  1531  0.9999993    130   135,290      5     2     1
158  39,979  53,773  1151  1307  1429  0.9999699    129   147,861      5     2     1
159  32,531  82,613  1249  1447  1487  0.9999911    111   136,380      4     2     1
160  16,447  47,791   769  1009  1013  0.9999865    152   115,530      4     2     1
161  21,317  49,367   857  1009  1217  0.9999994    194   165,243      5     2     1
162  22,129  50,087   919   991  1217  0.9999837    186   170,746      4     2     1
163  20,771  41,399   839   977  1049  0.9999649    168   140,216      5     2     1
164  37,987  73,037  1327  1433  1459  0.9999873    106   139,405      4     2     1
165  36,467  44,701  1093  1129  1321  0.9999992    152   164,693      5     2     1
166  28,597  40,829   971  1013  1187  0.9999774    178   172,582      4     2     1
167  13,177  70,729   859   941  1153  0.9999955    183   154,657      7     2     1
168  50,647  72,101  1399  1489  1753  0.9999984     89   122,623      4     2     1
169  63,559  66,541  1451  1543  1889  0.9999975     77   111,407      3     2     1
170  22,921  29,401   733   941   977  0.9999827    137    98,893      4     2     1
171  43,481  90,281  1451  1583  1709  0.9999873     81   116,116      4     2     1
172  17,209  19,867   631   733   739  0.9997464     72    44,325      3     2     1
173  38,699  77,347  1223  1523  1607  0.9999977    104   126,690      3     2     1
174  26,683  59,453   947  1213  1381  0.9999909    159   149,780      5     2     1
175  12,157  27,809   601   743   757  0.9998788     71    42,074      3     2     1
176  39,703  90,659  1307  1571  1753  0.9999987     91   117,382      4     2     1
177  42,293  55,313  1123  1399  1489  0.9999919    125   138,855      4     2     1
178  26,891  81,553  1223  1229  1459  0.9999695    129   155,655      6     2     1
179  43,063  90,697  1511  1579  1637  0.9999956     81   120,168      5     2     1
180  14,891  39,079   743   827   947  0.9999470    120    89,160      5     2     1
181  78,101  93,427  1823  1873  2137  0.9999999     30    53,071      3     2     1
182  22,643  31,319   797   863  1031  0.9999676    144   113,004      4     2     1
183  59,233  99,767  1481  1901  2099  0.9999976     50    72,679      3     2     1
184  19,013  21,841   719   751   769  0.9999355     85    60,295      4     2     1
185  33,889  50,333  1061  1217  1321  0.9999936    147   154,319      4     2     1
186  12,149  29,077   587   733   821  0.9999887     75    43,050      4     2     1
187  62,563  73,951  1361  1777  1913  0.9999975     71    94,174      4     2     1
188  21,283  24,043   733   787   887  0.9999558    107    77,427      4     2     1
189  36,109  67,927  1231  1283  1553  0.9999960    121   147,968      5     2     1
190  67,807  83,003  1567  1741  2063  0.9999970     54    82,725      4     2     1
191  10,781  20,899   557   577   701  0.9999182     44    23,995      3     2     1
192  63,211  80,779  1579  1721  1879  0.9999969     61    93,868      3     2     1
193  90,997  94,477  1759  2179  2243  0.9999981     15    25,861      3     2     1
194  93,811  98,573  1877  1997  2467  0.9999994      9    13,810      3     2     1
195  30,203  45,247   911  1153  1301  0.9999657    170   154,593      3     2     1
196  44,851  95,203  1619  1621  1627  0.9999877     71   114,073      5     2     1
197  16,231  21,787   613   733   787  0.9999919     74    44,660      4     2     1
198  21,599  37,049   857   859  1087  0.9999848    161   135,781      5     2     1
199  37,889  82,469  1367  1493  1531  0.9999992     98   132,809      4     2     1
200  28,627  46,901  1049  1093  1171  0.9999876    163   169,773      4     2     1
201  33,997  46,691  1019  1181  1319  0.9999887    155   156,843      4     2     1
202  64,271  72,797  1459  1601  2003  0.9999978     70   100,740      3     2     1
203  27,527  54,497  1061  1123  1259  0.9999756    157   164,776      4     2     1
204  13,259  67,579   853   911  1153  0.9999406    180   151,876      6     2     1
205  63,841  72,649  1489  1663  1873  0.9999894     70   101,711      4     2     1
206  11,497  99,371   839  1153  1181  0.9999930    184   153,697      5     2     1
207  47,111  97,327  1571  1601  1823  0.9999966     69   107,024      3     2     1
208  11,717  72,019   883   911  1049  0.9999794    161   141,301      8     2     1
209  28,513  84,131  1117  1367  1571  0.9999975    125   138,189      4     2     1
210  62,563  99,929  1483  1997  2111  0.9999962     45    64,560      3     2     1
211  11,839  75,329   823  1033  1049  0.9999964    167   134,976      7     2     1
212  22,391  68,111   983  1213  1279  0.9999865    157   153,618      5     2     1
213  58,367  97,463  1669  1747  1951  0.9999985     51    83,594      3     2     1
214  26,591  32,647   809  1021  1051  0.9999978    166   132,497      4     2     1
215  91,801  94,351  1667  2113  2459  0.9999993     16    24,680      3     2     1
216  39,097  46,867  1109  1153  1433  0.9999918    146   160,730      4     2     1
217  29,429  67,619  1213  1259  1303  0.9999694    131   157,552      4     2     1
218  46,451  56,081  1217  1373  1559  0.9999917    116   139,080      4     2     1
219  49,393  77,081  1427  1493  1787  0.9999898     86   121,406      4     2     1
220  44,983  90,397  1307  1741  1787  0.9999919     80   103,379      3     2     1
221  58,099  86,467  1559  1667  1933  0.9999874     62    95,324      5     2     1
222  29,147  33,317   857  1009  1123  0.9999816    186   157,868      4     2     1
223  24,197  60,631  1087  1109  1217  0.9999894    156   168,673      6     2     1
224  17,851  61,297   971  1031  1093  0.9999915    178   172,826      5     2     1
225  25,579  31,601   769   967  1087  0.9999953    159   121,215      4     2     1
226  43,391  99,733  1447  1607  1861  0.9999821     77   107,970      4     2     1
227  12,979  20,743   547   677   727  0.9999945     55    29,301      3     2     1
228  10,007  50,951   659   853   907  0.9999657    107    69,244      3     1     1
229  10,159  13,907   431   547   599  0.9995557     15     6,389      2     1     1
230  38,377  40,949  1109  1153  1229  0.9999963    150   165,166      4     2     1
231  32,003  53,551  1039  1151  1433  0.9999512    153   158,161      4     2     1
232  53,089  54,287  1297  1459  1523  0.9999880    105   134,512      4     2     1
233  31,567  61,843  1109  1187  1483  0.9999990    142   155,744      3     2     1
234  25,033  36,793   881   953  1097  0.9999939    174   150,906      4     2     1
235  41,641  52,379  1091  1399  1429  0.9999916    129   139,530      3     2     1
236  20,809  41,467   809   967  1103  0.9999924    168   134,708      4     2     1
237  30,187  63,743  1019  1327  1423  0.9999944    142   143,275      4     2     1
238  69,557  85,597  1667  1867  1913  0.9999896     47    77,077      4     2     1
239  64,157  94,273  1663  1741  2089  0.9999956     48    77,483      4     2     1
240  43,271  78,179  1459  1493  1553  0.9999989     90   130,640      5     2     1
241  15,739  80,329   947  1097  1217  0.9999947    173   162,677      7     2     1
242  20,297  70,157  1049  1063  1277  0.9999926    164   170,363      6     2     1
243  27,253  45,281   953  1123  1153  0.9999347    172   162,889      4     2     1
244  26,893  77,447  1181  1277  1381  0.9999784    130   152,360      5     2     1
245  14,843  40,699   757   859   929  0.9999985    121    90,250      4     2     1
246  33,113  70,537  1129  1327  1559  0.9999896    127   142,250      5     2     1
247  65,729  84,421  1621  1709  2003  0.9999966     54    86,291      5     2     1
248  71,719  89,839  1621  1801  2207  0.9999998     43    67,351      4     2     1
249  55,721  67,901  1499  1559  1619  0.9999989     82   121,212      3     2     1
250  45,763  89,917  1399  1567  1877  0.9999878     80   111,074      5     2     1
251  52,631  99,551  1579  1637  2027  0.9999938     60    92,250      3     2     1
252  39,119  61,211  1279  1301  1439  0.9999802    119   151,007      4     2     1
253  35,363  44,201  1049  1193  1249  0.9999935    152   158,611      3     2     1
254  42,793  74,527  1291  1543  1601  0.9999934     98   125,737      4     2     1
255  26,423  86,743  1123  1367  1493  0.9999805    127   140,639      4     2     1
256  35,449  45,083  1097  1201  1213  0.9999854    148   160,654      4     2     1
257  33,533  62,459  1031  1381  1471  0.9999944    134   137,686      3     2     1
258  10,723  81,041   853   953  1069  0.9999966    169   142,307      9     2     1
259  32,429  37,889   911  1123  1201  0.9999872    176   159,061      4     2     1
260  18,077  36,523   797   821  1009  0.9999996    135   106,851      5     2     1
261  14,767  59,183   821   953  1117  1.0000000    169   136,721      5     2     1
262  46,099  72,937  1303  1489  1733  0.9999960     97   124,996      4     2     1
263  12,011  90,071   911   971  1223  0.9999998    190   172,881      9     2     1
264  77,383  80,669  1567  1931  2063  0.9999960     44    68,567      4     2     1
265  70,901  86,851  1621  1889  2011  0.9999997     45    72,444      3     2     1
266  28,099  47,087  1013  1061  1231  0.9999793    168   169,152      4     2     1
267  10,007  46,877   709   751   881  0.9999962     97    67,798      5     1     1
268  29,867  38,959   881  1049  1259  0.9999487    185   162,017      4     2     1
269  37,907  86,753  1229  1609  1663  0.9999914     98   118,679      4     2     1
270  86,539  96,757  1847  1871  2423  0.9999996     19    32,500      4     2     1
271  31,963  84,719  1223  1483  1493  0.9999978    109   132,439      4     2     1
272  57,397  66,071  1439  1579  1669  0.9999981     83   117,793      4     2     1
273  32,969  95,429  1321  1427  1669  0.9999930    101   131,816      6     2     1
274  46,691  81,971  1291  1637  1811  0.9999999     87   110,473      4     2     1
275  85,009  98,981  1699  2143  2311  0.9999971     17    28,091      4     2     1
276  19,403  39,971   761   929  1097  0.9999841    156   117,090      4     2     1
277  50,773  96,337  1511  1621  1997  0.9999991     66    98,099      4     2     1
278  43,801  55,207  1223  1319  1499  0.9999878    120   146,328      4     2     1
279  28,573  81,041  1109  1439  1451  0.9999980    124   135,800      5     2     1
280  58,789  78,887  1549  1621  1847  0.9999996     69   105,339      3     2     1
281  13,331  52,541   719   983   991  0.9999885    144   103,536      5     2     1
282  62,873  95,857  1483  1951  2083  0.9999992     49    69,998      3     2     1
283  21,503  54,907  1039  1063  1069  0.9999994    169   173,849      5     2     1
284  17,077  66,037   857  1103  1193  0.9999951    184   157,294      5     2     1
285  21,341  97,283  1021  1373  1481  0.9999991    135   137,778      4     2     1
286  15,017  32,497   683   811   881  0.9999793    103    69,649      3     2     1
287  19,211  34,267   787   829  1009  0.9999870    136   106,962      5     2     1
288  55,829  65,239  1289  1669  1693  0.9999979     88   112,891      3     2     1
289  45,307  56,857  1193  1429  1511  0.9999721    114   135,791      4     2     1
290  24,767  52,501  1063  1103  1109  0.9999985    162   170,890      4     2     1
291  63,211  65,579  1301  1783  1787  0.9999902     79   101,455      3     2     1
292  69,467  91,943  1811  1867  1889  0.9999943     40    70,264      3     2     1
293  30,427  93,059  1297  1367  1597  0.9999905    110   140,418      5     2     1
294  29,123  82,487  1129  1429  1489  0.9999983    121   136,129      4     2     1
295  37,441  81,223  1237  1553  1583  0.9999899    102   125,350      4     2     1
296  33,343  36,341   967  1061  1181  0.9999775    175   167,958      3     2     1
297  83,389  95,891  1783  2003  2239  0.9999995     23    39,379      4     2     1
298  26,987  51,043   911  1201  1259  0.9999915    167   151,335      4     2     1
299  18,269  33,521   691   907   977  0.9998806    128    88,448      4     2     1
300  26,111  91,639  1103  1453  1493  0.9999933    122   134,194      4     2     1

====================================================================================================
TIMING
====================================================================================================
search runtime              = 9.771 seconds
total runtime               = 14.749 seconds

====================================================================================================
MATHEMATICAL INTERPRETATION
====================================================================================================

The previous experiment produced:

    ~110 quotient cells
        ->
    ~118,000 residue states
        ->
    ~1.7 third-modulus survivors

The problem was the residue expansion.

This experiment starts from the exact cell identity:

    n = (k*r1+a)(l*r2+c)

and defines:

    D = n-k*l*r1*r2.

Expanding:

    D = k*r1*c + l*r2*a + a*c.

Solving for a:

    a = (D-k*r1*c)/(l*r2+c).

Therefore a is no longer enumerated.

For every remainder c there is at most one exact integer a.

The search becomes:

    quotient cell (k,l)
             |
             v
        cell defect D
             |
             v
       enumerate c
             |
             v
       exact division
             |
             v
           a
             |
             v
        r2 consistency
             |
             v
        r3 consistency
             |
             v
        exact p*q == n

The critical comparison is now:

    average remainder states
        versus
    118,013 previous residue states
        versus
    8,363 factor primes.

A strong outcome would show that the defect equation has very few
integer divisibility hits inside each quotient cell.

An especially interesting result would be:

    remainder states < 8,363
    division hits << remainder states
    r3 survivors = O(1)
    100% recovery

That would mean the quotient-cell defect contains useful arithmetic
structure beyond the geometric hyperbola strip.

If the number of remainder states is still around 100,000, then the
cell equation is not buying anything.

If the remainder-state count is only a few thousand but exact
division hits are tiny, the next experiment should eliminate the
remainder variable as well using the divisibility condition itself.

Every final candidate is verified with:

    p*q == n

so no modular false positive is counted as a successful factor.

====================================================================================================
EXPERIMENT COMPLETE
====================================================================================================

